2014-7-11	1.6023013477543309	0.3958550842573104	0.3785568705665585	0.4646251376118624
2011-5-5	1.2401892978452724	0.3958550842573105	0.04733166297318525	0.04057242858735699
2011-7-6	1.2448550122553999	0.3958550842573103	0.05004647860309541	0.04306532624271142
2010-10-20	1.1695714029495365	0.3958550842573103	0.030613590685476533	0.01984197072310434
2014-7-7	1.590411657980668	0.39585508425731014	0.36837625535054097	0.4476357612828852
2008-3-11	0.9398431191568539	0.4736631150044448	-0.007917052509455735	-0.02104301708825218
2012-11-22	1.5914624563053859	0.3958550842573103	0.1616274328064209	0.19277557875301543
2011-8-18	1.3232471684052074	0.3958550842573102	0.0662371219552349	0.06698202163319822
2013-2-20	1.38999077703206	0.39585508425731014	0.12226481123020361	0.12281256911153271
2010-12-20	1.2334445039968829	0.3958550842573106	0.04261653913773533	0.03407583199174846
2013-4-3	1.4670515454663167	0.39585508425731003	0.15014490852029327	0.1636467226822822
2012-6-25	1.4821664278203797	0.39585508425731053	0.1185523489603002	0.1290043698884773
2015-6-12	0.7999218242688142	0.31569029030797513	-0.3346322131316777	-0.4714629577554118
2012-11-12	1.5712763843473485	0.3958550842573104	0.15538097689132035	0.17823252252185973
2008-2-13	0.8888629223311529	0.5146522836072123	-0.014840609018000439	-0.03086650765018495
2015-5-15	0.8599482309084718	0.3554804371153638	-0.21458677203346588	-0.27968529183875757
2006-12-26	1.7583642911705752	0.5702108842439142	0.06461585019557492	0.07634390786890455
2011-1-10	1.2526552947817446	0.39585508425731025	0.046369241275943995	0.03915413347620089
2013-12-16	1.50447584183257	0.39585508425731003	0.22219580006528972	0.2553349792235988
2007-6-29	1.0267142943605296	0.570210884243914	0.0031039214595776077	-6.883319089101558e-05
2015-7-30	1.008590251638193	0.1391304218937708	0.020752205199073837	-0.033364262360046526
2015-12-23	0.9831737440599033	0.005052683447279679	-0.6438156082562474	-0.811174948157895
2014-8-15	1.4892907573887513	0.3958550842573105	0.3366662571381702	0.4042331074696517
2012-4-5	1.4386406081879157	0.39585508425731053	0.10229619637870968	0.11410990064800841
2008-6-6	1.1158695109028436	0.3958550842573107	0.014593654066592299	0.009981708807791145
2008-8-13	1.4651962790382727	0.39585508425731036	0.05311695140789663	0.06013414151822416
2010-10-12	1.211513589897922	0.3958550842573103	0.037466717638976466	0.03319074201778571
2013-5-22	1.4210960341755092	0.39585508425731003	0.14440004572373755	0.14927056687930906
2009-1-6	1.703817117408982	0.39585508425731036	0.07932254971505248	0.09928268987703825
2009-12-14	1.1224649607620163	0.39585508425731036	0.019298727503344937	0.006714764086310776
2012-4-26	1.4052084190632081	0.39585508425731003	0.09693991568582616	0.10207832372601766
2012-7-17	1.502119023283621	0.3958550842573102	0.1250923293815418	0.13710822734877937
2009-7-16	1.1473859404625277	0.39585508425731025	0.021519096184550168	0.011180866637493292
2013-6-20	1.5277635283562436	0.3958550842573105	0.18267079506908734	0.21057794115034234
2012-4-20	1.4070996017733026	0.39585508425731053	0.096887636605683	0.102129082199788
2009-4-17	1.348974043286973	0.39585508425731025	0.04566272548460004	0.05360883189332166
2011-3-31	1.2219960011381064	0.39585508425731014	0.043104546159375756	0.033059585889857024
2008-11-3	1.8980268314895887	0.3958550842573102	0.09367900776891624	0.1217227621214716
2012-1-6	1.5206696211745658	0.3958550842573105	0.11103556481808341	0.13272167010175884
2011-10-18	1.3921963523104957	0.3958550842573101	0.08196796602914835	0.09271816825405899
2011-2-18	1.223030520036993	0.3958550842573101	0.04226958222525212	0.03303691706206413
2006-7-19	2.50641401904578	0.5702108842439142	0.10209398150263649	0.11569119584597432
2006-10-18	2.3897923129737393	0.5702108842439138	0.09929400809713718	0.11018686530175303
2010-12-27	1.2553490929406417	0.3958550842573105	0.04645482647202526	0.03941523294472438
2007-4-6	1.2413666124681042	0.5702108842439141	0.025055593693372735	0.027342042022251434
2007-5-28	0.9777165771262134	0.5702108842439141	-0.0026186371054000013	-0.009191156422580171
2008-9-26	1.5718708104512664	0.39585508425731014	0.06427446301302364	0.07377802930362831
2006-10-18	2.3897923129737393	0.5702108842439138	0.09929400809713718	0.11018686530175303
2014-1-29	1.5644203002765291	0.39585508425731003	0.2632415988008203	0.31465354145834445
2008-12-4	1.681174458180232	0.39585508425731036	0.07623155406357673	0.09478285490948668
2010-12-13	1.2117135252107414	0.39585508425731053	0.03878590893702505	0.02871376595473607
2010-8-6	1.302225368220246	0.3958550842573105	0.05011817757064496	0.049523197177014255
2008-5-23	1.0547754128386584	0.4092980053293924	0.007036409059998583	0.0030714750186808804
2007-6-4	1.0849669537914186	0.570210884243914	0.009555130914167487	0.008066291271086046
2011-7-29	1.27892422886702	0.3958550842573102	0.05721313710328868	0.054738255849343886
2015-7-17	0.9516545265982305	0.18588740416127	-0.10382331278387213	-0.19588049824349907
2013-1-9	1.4510068742261932	0.39585508425731036	0.13353954528385614	0.14349632064809192
2006-8-14	2.615935596206112	0.5702108842439139	0.10794764426421777	0.12503612325360325
2011-10-27	1.3713320072776092	0.39585508425731014	0.07856378959306576	0.0867985261368509
2012-11-29	1.6239538666537654	0.39585508425731	0.17035998068554137	0.20530388846426373
2015-4-22	0.8437174547100839	0.35548043711536403	-0.21895337240546076	-0.28540078459876217
2006-5-18	2.523163703988924	0.5702108842439142	0.1009660858889434	0.11400938793143722
2010-5-7	1.31819653454119	0.3958550842573104	0.0501177567385811	0.05122994158292471
2015-9-29	1.1322135156094597	0.018672278040525958	0.6455305844042163	0.9648904070173909
2013-8-6	1.5322621758751889	0.3958550842573102	0.19484169968542409	0.22923574737735608
2012-5-15	1.404892674035419	0.39585508425731025	0.09833036984781462	0.1052563223920453
2015-7-3	0.986102679115488	0.19375196242317624	-0.02813353722256351	-0.06401128339297024
2009-6-1	1.2881114093355917	0.3958550842573104	0.039221588852583755	0.042622114103262776
2010-3-17	1.1827325356075544	0.39585508425731025	0.02941486364148327	0.024289178807706868
2015-8-26	1.1737321540560801	0.018672278040526215	0.5963991438007481	0.8887409266214461
2011-7-13	1.2464040517906692	0.3958550842573101	0.05055922460807927	0.04381511175831587
2015-4-1	0.9068165817819307	0.3958550842573103	-0.1230095702924	-0.11599789829323681
2007-7-20	0.9927595504101698	0.5702108842439143	-0.0008596749932747727	-0.006408675044055623
2007-9-21	0.8100089603556565	0.5660253974020683	-0.025136845681925646	-0.04418285171861658
2015-5-26	0.7832404908454144	0.3554804371153639	-0.3369768744335342	-0.41968934979721073
2015-12-10	1.0295047164392552	0	0.7482239637176449	1.0588687772946312
2009-3-5	1.526141886604856	0.3958550842573105	0.06392865799488368	0.07444959099533976
2006-9-20	2.452642041789436	0.5702108842439143	0.10151120629617583	0.11426030441841006
2006-8-17	2.583219832392122	0.5702108842439139	0.10656039898748415	0.12268418422644034
2011-8-3	1.283958318925832	0.3958550842573106	0.058338673136986374	0.05630352081366863
2009-1-9	1.716698596122006	0.3958550842573105	0.08058631036442998	0.10140244991649872
2011-5-4	1.2395390043997958	0.3958550842573103	0.047185241668858735	0.040340164385471056
2007-11-6	0.8276199994828259	0.5554037455231664	-0.022945569268414734	-0.04157320066404446
2007-8-27	0.8368468056584306	0.5702108842439141	-0.02111714700904299	-0.039002877255909896
2015-9-2	1.087745621039001	0.018672278040526312	0.2971408073351953	0.410715155704495
2012-3-19	1.3960835088961636	0.3958550842573104	0.09226499215622197	0.09929549557947293
2007-5-21	1.0164995135061088	0.5702108842439139	0.001901672159595913	-0.002125062433559144
2006-7-13	2.501151770130275	0.5702108842439142	0.10166343267682043	0.11465002524073697
2007-5-28	0.9777165771262134	0.5702108842439141	-0.0026186371054000013	-0.009191156422580171
2013-9-11	1.455571867779326	0.39585508425731003	0.17740653059770284	0.1981245633408235
2007-3-30	1.3143706627716072	0.5702108842439141	0.03171133814039839	0.0350709681686856
2010-10-8	1.242444434003229	0.39585508425731025	0.0424018309251728	0.041323102483484586
2012-4-18	1.408930711630215	0.39585508425731	0.09712306653149949	0.10504491807242777
2012-7-4	1.4783846347056886	0.39585508425731025	0.11861897104202157	0.12886770771493583
2006-7-25	2.4628923961035047	0.5702108842439143	0.10023623078931254	0.11263428808107623
2008-2-20	0.8786778617322836	0.5079172691357007	-0.016319870821205118	-0.03328656850646472
2008-4-17	1.1189150972260264	0.4386189149681662	0.014691236611107605	0.013733184579515445
2009-11-4	1.1414397153886933	0.3958550842573104	0.02173141943909429	0.013977974558576411
2007-5-11	1.0414088335162797	0.570210884243914	0.004706561866156589	0.0018392866466352409
2010-1-29	1.206073830662838	0.3958550842573102	0.03216869057845928	0.02748727562890152
2010-9-9	1.2713622959607365	0.39585508425731053	0.0462803437376933	0.048458204518666115
2009-2-9	1.5198967363916684	0.3958550842573105	0.06266660464239582	0.07427220068253315
2006-4-27	2.7809549864681458	0.570210884243914	0.11145121100938882	0.12971813819360922
2013-2-8	1.3695116038181738	0.3958550842573104	0.11504573700522247	0.11157331361158285
2013-1-9	1.4510068742261932	0.39585508425731036	0.13353954528385614	0.14349632064809192
2009-6-18	1.2333983725256952	0.3958550842573103	0.03262454693685113	0.0322406094377119
2009-4-24	1.3768910479900722	0.3958550842573103	0.049006092169046944	0.05847327480542042
2008-12-2	1.7443234948495077	0.3958550842573101	0.0817925014302745	0.10392851231451594
2008-9-11	1.644088114620945	0.3958550842573105	0.07046686783328271	0.08510351808569472
2008-6-20	1.2786466161470935	0.39585508425731075	0.03318720494876648	0.03757593921628888
2012-1-5	1.5274829162831436	0.39585508425731025	0.11220255192165673	0.1343960545975209
2007-5-18	1.02685279828412	0.5702108842439142	0.003078126191324637	-0.0004539075893869038
2007-6-8	1.0185820752232448	0.570210884243914	0.0021520921244702063	-0.0023324551114413117
2012-2-13	1.4192064793770474	0.39585508425731025	0.09451127383743363	0.10752365272038555
2007-1-29	1.4040517313346992	0.5702108842439142	0.03877563670725248	0.04332252845752649
2012-4-17	1.4282738751455517	0.3958550842573102	0.10109669414013567	0.11172186006860207
2014-11-24	1.2937616148303444	0.3958550842573101	0.26493151771396306	0.3770685006082335
2008-4-23	1.1030824306711302	0.43861891496816613	0.012843572418210547	0.01117896973951571
2012-7-23	1.5203840774726372	0.39585508425730986	0.12969418289001022	0.14458639140224183
2011-8-19	1.331992072241794	0.3958550842573103	0.06789054448807241	0.06933243802544475
2012-7-26	1.5291202586623387	0.3958550842573102	0.13191524290602863	0.14750362453529475
2013-6-21	1.5292873817383354	0.3958550842573105	0.18335370478869684	0.21167188987327834
2014-12-25	1.074377413061538	0.3958550842573102	0.0735422118087683	0.1263865775105535
2009-4-7	1.4212497590689726	0.3958550842573105	0.053610219840939166	0.05780924900386353
2014-6-19	1.6145748999138445	0.3958550842573105	0.3680293514513515	0.45210183762042533
2011-9-2	1.331550976908717	0.39585508425731025	0.06843084980616254	0.07030409939142812
2012-9-20	1.5832351093295887	0.3958550842573103	0.1506653015262931	0.17870767951934985
2006-12-13	1.85310171984675	0.5702108842439141	0.07054362252592883	0.08461013219127023
2013-10-21	1.4591305255346756	0.3958550842573102	0.18839729576182385	0.2115975932767804
2012-12-3	1.6275996944703615	0.39585508425731025	0.1718724688290696	0.20737701125089125
2012-11-15	1.583465469136716	0.3958550842573104	0.15868632275674477	0.1886787010015578
2012-12-7	1.559106568363175	0.39585508425731036	0.15618056475593067	0.1834405806008801
2010-1-27	1.2076210495953552	0.3958550842573102	0.03236187892573583	0.02776437906080864
2015-2-4	1.066608585315854	0.39585508425731014	0.07439550862248301	0.11848236449236293
2011-9-19	1.369971722959049	0.3958550842573104	0.07633150663110011	0.08253218220928127
2009-12-23	1.1774949279479965	0.39585508425731053	0.027516551506342912	0.02013650295173819
2008-5-19	1.0121392830936942	0.4331753602419437	0.0015854859200052918	-0.0051937412808056305
2012-2-24	1.380753794541188	0.39585508425731036	0.08749240336646835	0.09557313598940209
2008-9-19	1.643341618043571	0.3958550842573104	0.07061956972432148	0.08529939627374605
2010-7-5	1.4292704223096038	0.39585508425731036	0.06724954960662965	0.07631465910043955
2006-4-21	2.803378512884785	0.5702108842439141	0.11217292552633173	0.13010245831259337
2009-9-10	1.2332980547402066	0.39585508425731014	0.03382212475866475	0.02789149629919052
2007-11-5	0.8237462152239754	0.5554037455231662	-0.023500004665475305	-0.04250045536365199
2006-4-17	2.8556819733026235	0.5702108842439141	0.11415918711620954	0.13248315358201967
2008-7-22	1.2602972616174029	0.3958550842573105	0.03157888850214996	0.03536005286755728
2012-1-31	1.4445904450875149	0.3958550842573104	0.09857854477451977	0.11418850886745768
2006-12-18	1.77556403295771	0.5702108842439142	0.06560152750379422	0.07752038017753948
2009-8-18	1.2313895677518025	0.3958550842573105	0.03323051299787605	0.027149536949231834
2009-4-24	1.3768910479900722	0.3958550842573103	0.049006092169046944	0.05847327480542042
2007-2-28	1.4265400482929786	0.5702108842439142	0.04101307362161033	0.04522684478381356
2010-12-8	1.2355358603879643	0.39585508425731036	0.04268289564207328	0.03428675296620454
2006-7-4	2.4252557145009894	0.570210884243914	0.09781715926820911	0.10882015407014212
2009-8-3	1.1028128570525242	0.3958550842573103	0.015388854089996018	-0.001039606630956813
2012-9-10	1.5300966814815906	0.39585508425731025	0.1375020547323602	0.1566638807344607
2015-5-5	0.8616888805882934	0.35548043711536365	-0.20411074715718291	-0.2646542509568326
2014-1-16	1.574573588401217	0.39585508425731025	0.26204171360590545	0.31292652405451804
2015-5-20	0.837147568481065	0.3554804371153639	-0.25244257030681727	-0.318482803099866
2008-11-27	1.7434068702535397	0.39585508425731025	0.08154801753098995	0.10356429438383286
2007-1-5	1.684578289428424	0.570210884243914	0.059751527296560525	0.068569255051939
2007-2-5	1.5298702985754085	0.5702108842439142	0.0489251930504595	0.05829528726712652
2010-3-25	1.1941290044548654	0.39585508425731014	0.0312416142694798	0.026832252870194306
2006-8-4	2.6230892093500304	0.570210884243914	0.10793850838697483	0.12501672272562048
2008-8-28	1.5121042805601532	0.3958550842573101	0.05795474502222797	0.06707948271147601
2007-8-2	0.9257626490302855	0.5702108842439143	-0.009126173475539012	-0.019405729168450625
2014-10-22	1.4309426223571213	0.39585508425731053	0.35264148410163476	0.45113130318762007
2014-1-8	1.5622948120719715	0.3958550842573105	0.25379655329866146	0.3000318158449866
2009-2-24	1.5199810618850236	0.3958550842573104	0.06306298695782475	0.07438088829555345
2008-7-24	1.233277619861176	0.3958550842573105	0.028600135427425233	0.03195387928052473
2012-5-30	1.4101089843667458	0.3958550842573104	0.10065004819289136	0.10360761924045159
2015-11-17	1.0037349174613257	0.0012176000639229731	0.032928268148971096	0.008093173406411136
2014-9-9	1.458543769309607	0.39585508425731025	0.3356557827794715	0.391420945298806
2015-8-17	0.9651747060336003	0.17432128634362137	-0.09203648629287864	-0.1972424909320768
2014-8-19	1.4830317934359076	0.3958550842573104	0.33565409799780177	0.40191604345942
2012-5-7	1.3735411055897297	0.39585508425731014	0.09093859202858656	0.09324779180351861
2008-12-4	1.681174458180232	0.39585508425731036	0.07623155406357673	0.09478285490948668
2009-8-7	1.1520943880945342	0.3958550842573104	0.022378302633186076	0.008876633966803604
2010-3-23	1.1821960052876166	0.3958550842573101	0.029418932693929145	0.024269395989716447
2008-3-4	0.9071248263039602	0.49292371147517094	-0.012380168702801453	-0.02728810903743617
2015-4-2	0.9046056737765675	0.3958550842573105	-0.12631147511767982	-0.11665417634152198
2006-11-22	2.0878157905179773	0.5702108842439142	0.08418797554922475	0.09662703071128975
2015-3-25	0.9422079014238557	0.3958550842573103	-0.07492352401218594	-0.05885732965612511
2007-4-26	1.0854098890809176	0.5702108842439143	0.009484441912967156	0.008558467584090401
2006-8-16	2.56878258722147	0.5702108842439139	0.10586637751037653	0.12152767519452756
2013-5-3	1.4643881536860515	0.3958550842573102	0.15434214519632006	0.16745940492515676
2012-8-30	1.5862024091272722	0.39585508425731036	0.1485252177004086	0.1728995453841493
2014-1-8	1.5622948120719715	0.3958550842573105	0.25379655329866146	0.3000318158449866
2012-8-23	1.5419310546161136	0.39585508425731025	0.13796083945920534	0.15783618687944467
2009-12-28	1.1478762883751141	0.39585508425731036	0.023230332897083983	0.013129442626285348
2014-12-17	1.0663396466402237	0.3958550842573103	0.06416172481283033	0.11539436719521246
2012-9-27	1.55680797057882	0.3958550842573102	0.14567678874832657	0.17079447937000047
2009-8-14	1.193375289087632	0.39585508425731003	0.028105393305619453	0.018611017357835102
2008-1-25	0.8562019544352623	0.5205043688261008	-0.019383387199703006	-0.03710380901794674
2006-9-22	2.4564068284822467	0.570210884243914	0.10175633486117075	0.11464640413433314
2010-2-24	1.1951036370049872	0.39585508425731014	0.03095443581476065	0.025630304205529475
2008-7-29	1.268662387306836	0.39585508425731014	0.032581742959900906	0.035410428755976886
2015-11-25	1.0000054567908467	0.035571014350642305	5.8581810695956804e-05	-0.054615307258978785
2007-1-29	1.4040517313346992	0.5702108842439142	0.03877563670725248	0.04332252845752649
2007-6-5	1.0585264283367688	0.5702108842439136	0.006656891260288456	0.004021926342051119
2010-1-21	1.1631392118234487	0.39585508425731003	0.025769110676328255	0.01674263604484927
2012-7-13	1.4865614971824055	0.3958550842573103	0.1212966665226809	0.1317404407500562
2014-12-10	1.0983044395621975	0.39585508425731025	0.09322061315939445	0.1587988101204436
2009-7-7	1.164404493786735	0.39585508425731014	0.023759077673002338	0.01849594510347652
2013-8-14	1.5058349152981483	0.39585508425731036	0.18807220149751558	0.21925791486312285
2009-2-20	1.501208206488358	0.3958550842573103	0.06103448766975772	0.071397481505443
2008-5-30	1.091529535914068	0.39585508425731014	0.011611381634732743	0.0053980689515567
2011-11-22	1.3931343027813372	0.39585508425731	0.08413926371796165	0.09321451679948245
2011-1-24	1.298505027912282	0.3958550842573103	0.054396239463406326	0.0502277652688945
2015-5-7	0.877129094367807	0.3554804371153643	-0.18352769849389194	-0.23415559396004093
2008-4-1	1.0748474226332079	0.4386189149681657	0.009359380682474994	0.00631278831404658
2015-8-26	1.1737321540560801	0.018672278040526215	0.5963991438007481	0.8887409266214461
2007-4-6	1.2413666124681042	0.5702108842439141	0.025055593693372735	0.027342042022251434
2006-7-10	2.418993301161027	0.570210884243914	0.09769536616212249	0.10892674550726777
2015-11-30	1.035977350953757	0	0.5602764651977639	0.957299248633688
2012-3-14	1.4054475916515015	0.39585508425731025	0.09384242812739396	0.10167904845415565
2007-5-18	1.02685279828412	0.5702108842439142	0.003078126191324637	-0.0004539075893869038
2010-12-21	1.2145329760507457	0.3958550842573103	0.03943902414654388	0.029567687577131574
2015-7-3	0.986102679115488	0.19375196242317624	-0.02813353722256351	-0.06401128339297024
2014-11-13	1.315396358259771	0.3958550842573101	0.2756500829932722	0.397947458338179
2006-12-18	1.77556403295771	0.5702108842439142	0.06560152750379422	0.07752038017753948
2006-6-15	2.567780465806877	0.5702108842439145	0.10384268579175715	0.11907500847345598
2014-3-4	1.5819270922916373	0.3958550842573104	0.2862574664268758	0.34768156221312485
2015-3-11	1.0381587761560875	0.39585508425731025	0.047756442295833645	0.08452417462905326
2007-10-29	0.8108431798666283	0.5554037455231666	-0.025330195961198454	-0.04558995356810269
2012-5-21	1.4308126231788414	0.39585508425731025	0.10438115931238823	0.10931584577716436
2014-3-27	1.5948096906224107	0.3958550842573103	0.3039089082937161	0.37239853801940903
2006-6-26	2.47627619598751	0.5702108842439143	0.09998531915584552	0.1125616563776215
2015-5-13	0.8489643410640744	0.3554804371153639	-0.22882907483674642	-0.302003296270576
2012-9-27	1.55680797057882	0.3958550842573102	0.14567678874832657	0.17079447937000047
2010-6-8	1.3595112781986083	0.3958550842573103	0.05677522788287925	0.06149541028528027
2007-5-30	1.0098437484314875	0.5702108842439141	0.0011411288197429315	-0.0037861470368619754
2013-11-4	1.4980361976255687	0.39585508425731036	0.206736039118397	0.23711441511642461
2013-5-14	1.4639069733106067	0.39585508425731053	0.15609952893559864	0.1694585315087851
2008-7-15	1.2742240075717899	0.3958550842573103	0.03301706454497855	0.03776584310650111
2008-7-11	1.2481051508759538	0.39585508425731025	0.030108341446424935	0.032911128141180024
2013-4-23	1.4787377789944693	0.39585508425731025	0.15684664743089094	0.173273235094205
2014-3-13	1.6044111462755912	0.39585508425731036	0.3008827048938172	0.36859746032132845
2011-5-30	1.2891471409341881	0.3958550842573104	0.056940217249349834	0.05408758187716667
2011-1-17	1.2923536085790226	0.3958550842573104	0.05316925356961977	0.04858992426604036
2009-1-21	1.6598298485689682	0.39585508425731003	0.07574837819259761	0.09360656369760423
2012-8-27	1.5778019070348104	0.39585508425731014	0.14630982064594344	0.16978000911268043
2008-12-31	1.7744334881821446	0.3958550842573106	0.08541018330712813	0.1095399173472218
2009-11-16	1.1169891934269693	0.3958550842573102	0.018240662623047132	0.006037707845953477
2008-11-28	1.7675649026396691	0.39585508425731025	0.08368286674776981	0.107024249381523
2013-3-19	1.4530757795476072	0.3958550842573103	0.1438256177420565	0.15413661233324194
2007-3-9	1.4075567260920496	0.5702108842439142	0.03954885379762585	0.042286248618055744
2006-6-7	2.5263196319292702	0.5702108842439141	0.10171671728771203	0.11566282752763946
2012-5-28	1.4203184927120838	0.39585508425731025	0.10270316900328846	0.10667096568085177
2015-1-30	1.058095683515852	0.39585508425731	0.06385317475728969	0.10498337398370383
2009-11-4	1.1414397153886933	0.3958550842573104	0.02173141943909429	0.013977974558576411
2013-10-16	1.4800318877061416	0.39585508425731003	0.19481228247938098	0.22142245196712151
2011-1-24	1.298505027912282	0.3958550842573103	0.054396239463406326	0.0502277652688945
2006-12-8	1.924464917049419	0.5702108842439139	0.07490568436866218	0.09077823455507805
2011-6-1	1.2740434667164595	0.3958550842573101	0.05429433196410671	0.05032461957082002
2010-9-6	1.282015821762223	0.39585508425731003	0.04785099137753157	0.045135732986729016
2007-11-5	0.8237462152239754	0.5554037455231662	-0.023500004665475305	-0.04250045536365199
2007-3-22	1.3610465542358707	0.5702108842439141	0.03574017740987445	0.038011300852247576
2011-8-16	1.303056500781909	0.39585508425731036	0.062408948594760094	0.06151725094094651
2011-4-29	1.2248130340922951	0.39585508425731036	0.044368230187953106	0.03574166559968894
2012-9-7	1.5345180640333167	0.39585508425731	0.13813000358010785	0.15767421318696595
2010-1-20	1.1660111839563831	0.39585508425731014	0.026182854014641377	0.01744634797196909
2011-1-11	1.2611308291849872	0.3958550842573103	0.047816931880206415	0.03805334965195106
2010-7-2	1.420698362558287	0.3958550842573104	0.06597826107836213	0.07453269855350597
2012-7-11	1.4973379195439502	0.3958550842573102	0.12343097631553479	0.1348774633921921
2012-5-10	1.3923934151129174	0.3958550842573102	0.09524905796874683	0.1002620899928428
2010-6-24	1.3392477178245543	0.39585508425731025	0.05436548019720311	0.05790370277357093
2007-9-6	0.8152567045677757	0.5660253974020684	-0.02425697085351397	-0.04278422636359702
2012-4-17	1.4282738751455517	0.3958550842573102	0.10109669414013567	0.11172186006860207
2015-1-9	1.034648096472636	0.3958550842573104	0.03574375189029011	0.06260486070222049
2011-3-3	1.2212327678054185	0.39585508425731014	0.04227034769730609	0.032629994696631526
2009-7-2	1.1793865557614018	0.39585508425730986	0.0257251421027358	0.021212823513610868
2009-12-28	1.1478762883751141	0.39585508425731036	0.023230332897083983	0.013129442626285348
2008-9-22	1.5862299747329893	0.39585508425731014	0.06550626625844069	0.07605681272892961
2012-2-29	1.3902540700943011	0.3958550842573102	0.08976627173214458	0.09743365947701443
2014-11-14	1.3148847115515636	0.39585508425731036	0.2759657834855844	0.39844207153398137
2014-2-13	1.5430141403520292	0.3958550842573103	0.26043086297348683	0.30644952563441974
2013-8-2	1.55465480012332	0.3958550842573101	0.20108839651608523	0.23854315971474693
2015-11-5	1.012743147990287	0.01615520583119327	0.0893596522700768	0.10650063947856703
2008-11-20	1.7086437263419083	0.39585508425731036	0.07826032055379772	0.09822584567454395
2013-8-8	1.5401959590645777	0.39585508425731014	0.197912889014477	0.23361634889631566
2012-3-2	1.3726575528742748	0.39585508425731053	0.08627916345562792	0.09264859469965048
2012-12-26	1.4748000481044112	0.3958550842573105	0.1378649183958609	0.15202400300403762
2010-4-23	1.2247145023701067	0.3958550842573102	0.036282563560488645	0.02941609645540688
2015-6-24	0.8481852322823782	0.27440235725689405	-0.2736173407942085	-0.39666324316588597
2009-12-3	1.1263060580142161	0.39585508425731036	0.019775450251189097	0.007688509743480898
2010-3-16	1.200969259965572	0.39585508425731075	0.032123946853958696	0.028103909173692543
2014-4-3	1.5907445902800372	0.3958550842573102	0.3058117629830943	0.37379213380389875
2015-5-25	0.7935226605617811	0.3572328617493984	-0.3210606285868407	-0.3991236547910654
2010-9-17	1.29126626015261	0.39585508425731025	0.04955717205538268	0.05313673901823379
2013-10-14	1.461751635800846	0.39585508425731036	0.18758197631444662	0.20930926449651355
2007-1-31	1.4801334538959097	0.5702108842439143	0.04496702811255049	0.05243023151109316
2009-7-1	1.1891926632385157	0.3958550842573103	0.027021901638427437	0.023348890543100742
2013-12-30	1.5348977134355712	0.3958550842573102	0.2392740221912062	0.2794874647397865
2012-5-15	1.404892674035419	0.39585508425731025	0.09833036984781462	0.1052563223920453
2010-1-28	1.2054611115994944	0.3958550842573103	0.03206498247249079	0.027343638862323827
2006-12-4	1.9412724535325419	0.5702108842439139	0.07584241500868139	0.0859134468968279
2011-7-11	1.244847636107236	0.3958550842573103	0.05020220161787581	0.04323799527025307
2014-4-2	1.5838266464912105	0.3958550842573102	0.30200332118427275	0.3674173753971355
2006-6-5	2.4350430625104007	0.5702108842439144	0.09742876198013128	0.1085157633799434
2013-11-7	1.5133197496657393	0.3958550842573104	0.21334135264458687	0.2479323408758347
2013-11-18	1.4794957379643745	0.3958550842573105	0.20374288128704232	0.23011394315154043
2013-6-21	1.5292873817383354	0.3958550842573105	0.18335370478869684	0.21167188987327834
2015-4-10	0.8685739096848535	0.3939476279505056	-0.17761714410881946	-0.18111513592221085
2013-3-11	1.4274388322938432	0.3958550842573103	0.13539022693518743	0.14207871895010582
2008-10-7	1.629869088271165	0.39585508425731036	0.06989913376623269	0.08379721173055121
2011-9-9	1.3452267377675853	0.3958550842573105	0.07128446080239348	0.07536052736117638
2012-10-22	1.5145569859092962	0.39585508425731025	0.13915145966936637	0.16042801688389896
2012-1-19	1.4432863894506764	0.3958550842573106	0.09746691452870948	0.11271719365114308
2012-2-6	1.4304496821982917	0.39585508425731014	0.09624295899026114	0.11009235872453549
2014-3-20	1.6330498911911928	0.39585508425731003	0.3176245561962612	0.3928769868077462
2015-11-2	1.0600520835892309	0.016155205831193127	0.45272353688721334	0.6589283326339299
2012-5-28	1.4203184927120838	0.39585508425731025	0.10270316900328846	0.10667096568085177
2007-1-31	1.4801334538959097	0.5702108842439143	0.04496702811255049	0.05243023151109316
2011-4-26	1.2163268473068602	0.39585508425731014	0.042738160560676475	0.0330462274814578
2013-8-8	1.5401959590645777	0.39585508425731014	0.197912889014477	0.23361634889631566
2007-6-19	0.9489997469655945	0.5702108842439139	-0.006114955072491268	-0.014275343686877662
2008-4-22	1.1410341816276566	0.43861891496816585	0.017303789470369813	0.01732875043093718
2006-8-1	2.565655360980112	0.5702108842439139	0.10523783190783775	0.12110657472984365
2009-12-24	1.155940572175515	0.3958550842573104	0.024378823794801274	0.015036007947306196
2015-7-10	0.9569855690006778	0.1937519624231759	-0.08908163316872653	-0.16975822446339406
2015-9-30	1.1261043233932924	0.018672278040526215	0.6187507497376972	0.9199889791848774
2009-6-18	1.2333983725256952	0.3958550842573103	0.03262454693685113	0.0322406094377119
2006-4-20	2.8422618413799756	0.570210884243914	0.11372020615363687	0.1315724374388949
2009-7-16	1.1473859404625277	0.39585508425731025	0.021519096184550168	0.011180866637493292
2012-10-11	1.5325866994453299	0.39585508425731025	0.14195551365318115	0.1648875732680828
2010-12-3	1.2393982229402947	0.39585508425731025	0.04320676009206026	0.035076936938431835
2006-5-26	2.5230421011634196	0.5702108842439139	0.10120236429230611	0.11429980454842914
2009-8-19	1.2699233693499417	0.39585508425731	0.038259660391573025	0.03540939835227941
2015-11-10	0.9901456124412474	0.014739854242093871	-0.07111395042639701	-0.1306285524028339
2006-6-19	2.5086854134633376	0.570210884243914	0.10127539988735568	0.11479202878226902
2010-11-29	1.2308051204224526	0.3958550842573102	0.041685406555828086	0.03295679952672592
2012-7-24	1.5162725141994056	0.3958550842573102	0.1289132627503644	0.14322524923723834
2012-1-9	1.4849086813963663	0.39585508425731036	0.10464052209249708	0.12350738163070663
2012-12-20	1.5023365928743944	0.3958550842573101	0.14404226576417245	0.16263993432267232
2011-3-16	1.2158250704347342	0.39585508425731036	0.04162598716725574	0.031113751468239803
2006-11-17	2.2030868906378456	0.5702108842439144	0.0904628063347035	0.1011603035301778
2008-6-25	1.249760731017517	0.39585508425731025	0.0301118034806378	0.03197207986283224
2012-8-20	1.5426908937179635	0.39585508425731053	0.13776789267345468	0.1574825707685097
2012-5-4	1.3742466768468435	0.3958550842573103	0.09087834888549584	0.09323768533639787
2011-9-14	1.3512751067251243	0.3958550842573099	0.07264012403640807	0.07725456071223569
2008-8-4	1.3181131745370902	0.3958550842573104	0.038001140004817024	0.042036260198409225
2012-3-14	1.4054475916515015	0.39585508425731025	0.09384242812739396	0.10167904845415565
2014-3-24	1.58537158448594	0.3958550842573102	0.2979335718376779	0.3629362385615118
2011-3-8	1.1953501996540692	0.3958550842573101	0.0377646676826926	0.025180037702682512
2014-11-18	1.3291918060130783	0.3958550842573103	0.2915378213931392	0.42274765173996975
2013-5-16	1.4430455650271878	0.39585508425731025	0.15013664848188535	0.1593883627642465
2015-5-14	0.8508327145038527	0.3554804371153641	-0.22699983169617566	-0.29892113115185703
2011-4-14	1.188113032417926	0.39585508425731003	0.03725494260918638	0.02468143283452484
2015-6-5	0.8112138868878603	0.3156905834635094	-0.30851976596472885	-0.44076067615452474
2008-7-4	1.3111413500752627	0.3958550842573104	0.036827920002348025	0.043129318396125216
2008-8-22	1.4816375766294017	0.3958550842573102	0.05489864682408818	0.0627069576479169
2014-6-27	1.6032687918029929	0.3958550842573104	0.3678852334865703	0.4494605011013
2007-11-20	0.8512874665091127	0.5554037455231662	-0.01965134723085682	-0.036103526499401406
2014-8-21	1.4919640973446255	0.39585508425731014	0.34315106399520534	0.4128449756457573
2010-11-5	1.1495538876497207	0.3958550842573102	0.02742873038559357	0.012941451212925115
2009-3-27	1.4517907892814552	0.39585508425731075	0.05668241161888976	0.06236365047860293
2015-9-7	1.1148197738789867	0.018672278040526565	0.4206112183722579	0.603130722847047
2014-2-7	1.5707372825281138	0.3958550842573102	0.26980179599438836	0.32417091891992733
2011-12-2	1.4107888310903378	0.39585508425731064	0.08808391164531537	0.09930106966357255
2006-11-22	2.0878157905179773	0.5702108842439142	0.08418797554922475	0.09662703071128975
2011-1-5	1.233929118530233	0.3958550842573104	0.04308155803088076	0.034576335993111496
2011-12-2	1.4107888310903378	0.39585508425731064	0.08808391164531537	0.09930106966357255
2012-7-13	1.4865614971824055	0.3958550842573103	0.1212966665226809	0.1317404407500562
2006-11-21	2.0972394631313054	0.5702108842439138	0.08469772712349788	0.09747323943023134
2013-11-27	1.4853696065873399	0.39585508425731	0.2086740344808271	0.23664934016374417
2009-8-5	1.1120854885749862	0.39585508425731036	0.016730858462910447	0.000872119854433695
2012-6-7	1.4477291991502934	0.3958550842573103	0.10947126623494308	0.11631348533157726
2013-8-5	1.5395673584980927	0.39585508425731025	0.19696868745485063	0.2323808570225605
2008-8-1	1.2875477831920479	0.39585508425731064	0.03467862786285281	0.038607291367871
2011-11-9	1.3429952680144588	0.39585508425731036	0.07383588441202393	0.07846643868250203
2014-4-25	1.5931253225800928	0.3958550842573103	0.3195509005823247	0.38846364834367675
2008-7-11	1.2481051508759538	0.39585508425731025	0.030108341446424935	0.032911128141180024
2009-9-14	1.2046414193630819	0.39585508425731003	0.030026833849286616	0.021358787684489178
2010-1-13	1.160879441567794	0.3958550842573104	0.02533864172231759	0.016053023015525136
2009-3-13	1.56807582343242	0.3958550842573102	0.06839156316367978	0.08169493010819018
2014-2-7	1.5707372825281138	0.3958550842573102	0.26980179599438836	0.32417091891992733
2012-8-7	1.5101627987587265	0.39585508425731053	0.12911725362757243	0.14313345604078598
2006-9-22	2.4564068284822467	0.570210884243914	0.10175633486117075	0.11464640413433314
2012-11-12	1.5712763843473485	0.3958550842573104	0.15538097689132035	0.17823252252185973
2013-7-17	1.5408676633991196	0.3958550842573103	0.19281939545762872	0.22593795815729245
2011-5-6	1.2412720869369487	0.3958550842573103	0.047556685923449304	0.0409349169490405
2008-6-10	1.1799205051871966	0.3958550842573106	0.022137110379889746	0.021362426689611524
2009-3-17	1.5187077769018882	0.3958550842573102	0.06348278386523298	0.07362756454608288
2007-7-18	1.0189914837705394	0.570210884243914	0.002227652464554142	-0.001427149070922673
2008-10-17	1.7649879275856153	0.39585508425731036	0.08207322456815302	0.10494791968755779
2010-11-30	1.24537108905114	0.3958550842573105	0.044122637770083406	0.03638995816262702
2011-9-29	1.4003869274816436	0.39585508425731014	0.08241717880774013	0.09193154491676436
2007-11-15	0.8501862742323911	0.5554037455231661	-0.019774699589273248	-0.03631792889803931
2009-5-12	1.3103147605607552	0.39585508425731036	0.04157064348207595	0.046152177758371105
2015-7-6	0.9669856046176152	0.19375196242317644	-0.06725466311089512	-0.11885127617199809
2009-7-23	1.1129513161645945	0.39585508425731036	0.016760436190640604	0.004615972896038878
2012-4-24	1.415414622260254	0.3958550842573102	0.09894661103348734	0.10496592925145598
2008-2-27	0.9087841995677736	0.5008510955556611	-0.012124149066486845	-0.026395099617374407
2013-2-18	1.3795573954070095	0.39585508425731003	0.11906517452842036	0.11754823504156309
2011-5-11	1.2355452353861112	0.3958550842573103	0.04665641359426331	0.03936270433259437
2007-12-3	0.8829351131886003	0.5554037455231666	-0.015296924441718929	-0.029036225429960538
2008-6-30	1.296912039269393	0.39585508425731014	0.035266085319336726	0.04055678567295873
2012-3-1	1.3915784367576098	0.3958550842573102	0.09010424484934743	0.0975934709800641
2010-7-20	1.3474235215774322	0.3958550842573102	0.05627540059688996	0.059814168454719985
2009-7-31	1.1134665287018135	0.39585508425731025	0.016891512361173255	0.0011337883002324745
2007-7-25	0.9499202180760856	0.5702108842439142	-0.006072008996192979	-0.014508680100059679
2009-11-5	1.139000233696267	0.39585508425731036	0.021385858200570373	0.013487283030542585
2010-12-10	1.238193864757144	0.39585508425731036	0.04317353774886934	0.0349647338721335
2012-2-17	1.4172783842812333	0.3958550842573105	0.09440657157535592	0.10726727327407559
2012-4-19	1.4103005458846476	0.39585508425731053	0.09748698344008311	0.10557017894144338
2010-1-19	1.1440458210352258	0.3958550842573103	0.02289332523019305	0.011847010695235749
2013-8-23	1.534440973454634	0.39585508425731036	0.19978846760113633	0.23581258269181582
2012-3-23	1.4251780261372151	0.3958550842573101	0.098539235005912	0.10830789722473755
2008-11-14	1.702749370381586	0.3958550842573102	0.07755024534419275	0.09709635411888007
2014-12-31	1.0371101327892136	0.3958550842573103	0.03731836498906049	0.0649365455235209
2007-10-29	0.8108431798666283	0.5554037455231666	-0.025330195961198454	-0.04558995356810269
2012-2-2	1.4367862879917506	0.3958550842573102	0.09720105319705796	0.11182774415756502
2008-2-25	0.9235008253243533	0.5008510955556608	-0.010091199852650501	-0.02312046866275652
2010-7-14	1.3750334865681222	0.39585508425731053	0.06002992820548392	0.06596827150586781
2015-6-25	0.8680697754961084	0.25739171248997034	-0.24130620194931518	-0.35420867990789173
2006-10-25	2.3847310037175133	0.5702108842439143	0.09925754990725433	0.10965548694486227
2012-7-25	1.5234090825488202	0.3958550842573103	0.13056921184003145	0.14558902813862273
2012-9-18	1.5665843584091772	0.3958550842573102	0.14669273473742028	0.17202924495612426
2008-4-29	1.0342921210274518	0.4453723637841242	0.004404958025507444	-0.0005209775944962081
2014-9-22	1.4467779353272132	0.3958550842573103	0.33798339472027505	0.4351534411699618
2015-7-13	0.9424612743283431	0.193751962423176	-0.12013654045653488	-0.21651262134180538
2014-1-7	1.5639654837822523	0.39585508425731036	0.25408166431594115	0.3007076915305722
2007-2-15	1.3869379619448685	0.5702108842439142	0.03754819617285832	0.03945019769848157
2008-2-19	0.8670610357510138	0.5144229974598096	-0.01797781405918908	-0.036045745702770304
2015-9-9	1.0801454064498155	0.018672278040526288	0.2885438483804703	0.3955040823350289
2006-9-11	2.497530689445181	0.5702108842439141	0.10337774722140347	0.11744548422578593
2013-8-26	1.5118600551215413	0.3958550842573103	0.1929812113943392	0.2256589546623069
2012-6-29	1.4798794282967744	0.3958550842573103	0.118451269949303	0.1287652016894829
2013-7-2	1.5665723271120988	0.39585508425731014	0.19727637100810425	0.2351412573402092
2007-1-25	1.4520953351443588	0.570210884243914	0.042647464797722856	0.04904875054651936
2006-10-9	2.3920338751496675	0.5702108842439143	0.09912762075463255	0.11000397567269316
2010-2-23	1.2071958574667192	0.3958550842573105	0.03271559931258383	0.028116652427121025
2015-1-27	1.029266189736739	0.39585508425731053	0.03183194035950354	0.05693247437271598
2009-5-26	1.3280062765646066	0.39585508425731053	0.04393735456118164	0.05039651048382532
2015-6-9	0.80183968988095	0.31569058346350937	-0.32772559200046136	-0.463269668126702
2006-8-11	2.5786279672716073	0.5702108842439142	0.1061546170364327	0.12207881436076296
2013-9-16	1.4572995139624465	0.39585508425731036	0.1791719005689023	0.20037605885740417
2006-10-23	2.4236920220912914	0.5702108842439142	0.10113575685204501	0.11281460276283184
2009-9-3	1.2648329595067285	0.39585508425731025	0.03785359870281768	0.0336263114826838
2011-10-24	1.3970586283210495	0.3958550842573105	0.08320527588110371	0.09467115317584418
2015-7-14	0.9579382087591344	0.1805118979744556	-0.08913610348537937	-0.17586808894281392
2008-9-16	1.685123391227245	0.3958550842573105	0.07423168956615078	0.09051014883535502
2011-3-3	1.2212327678054185	0.39585508425731014	0.04227034769730609	0.032629994696631526
2011-1-24	1.298505027912282	0.3958550842573103	0.054396239463406326	0.0502277652688945
2015-1-6	1.018626427516333	0.3958550842573102	0.019047776984896014	0.03393745747446841
2013-1-4	1.4509094349506442	0.3958550842573101	0.13286187565883556	0.14305299583580133
2011-9-6	1.3548143267177928	0.39585508425731036	0.07290832669096758	0.07774471203390054
2010-3-2	1.1780223345352585	0.39585508425731036	0.028500327718608665	0.02212680979318682
2007-4-23	1.100660679613835	0.5702108842439139	0.01109749847995567	0.010639466341605619
2007-7-30	0.9291878270520074	0.5702108842439144	-0.008682709658827115	-0.018705086154307993
2014-7-15	1.5884953182285055	0.3958550842573102	0.37370819264494415	0.456314102845748
2013-2-20	1.38999077703206	0.39585508425731014	0.12226481123020361	0.12281256911153271
2009-10-13	1.2132441318409208	0.3958550842573105	0.031597264885068865	0.0264522720088447
2006-4-21	2.803378512884785	0.5702108842439141	0.11217292552633173	0.13010245831259337
2015-7-7	0.9787894067217159	0.19375196242317624	-0.043730162786259075	-0.08618884328564347
2015-3-16	0.99425778026983	0.39585508425731025	-0.007271871772882799	0.019260754434909044
2007-5-8	1.044796431689553	0.5702108842439141	0.005079392371665659	0.002357570682159915
2012-4-6	1.4361652750311076	0.3958550842573103	0.10186639559010713	0.11336820772738698
2007-1-26	1.4282365509432997	0.570210884243914	0.04072799271577665	0.04622429988038168
2010-11-12	1.2022115905025539	0.39585508425731036	0.03654042116068834	0.026351676910688848
2015-11-9	0.9888899236183251	0.01615520583119322	-0.07832024767567936	-0.13991644763559463
2006-10-9	2.3920338751496675	0.5702108842439143	0.09912762075463255	0.11000397567269316
2013-1-9	1.4510068742261932	0.39585508425731036	0.13353954528385614	0.14349632064809192
2009-1-15	1.6971406318795832	0.39585508425731	0.07900544097188433	0.09867222301291134
2013-6-3	1.425756358996485	0.3958550842573104	0.1478342255423859	0.15396096338813448
2009-8-5	1.1120854885749862	0.39585508425731036	0.016730858462910447	0.000872119854433695
2008-6-27	1.2901645419896168	0.3958550842573104	0.03450797375600745	0.03931622986651284
2012-11-13	1.5926128838657623	0.39585508425731014	0.16052370491616363	0.18507613127041833
2011-2-1	1.2610666095293435	0.3958550842573102	0.04837975806277828	0.041762378468152894
2014-5-9	1.6104927368633546	0.3958550842573104	0.33693441293106874	0.412663633248177
2007-3-8	1.4023808259700283	0.5702108842439142	0.039102038465927746	0.04154030916254059
2010-1-26	1.1977780762249444	0.3958550842573105	0.030921944447508842	0.025372297354910867
2006-11-3	2.3201831076192727	0.5702108842439142	0.09624834713603003	0.10654718622990877
2010-12-24	1.237622639352543	0.39585508425731025	0.043414742425900155	0.035172915456524345
2008-8-28	1.5121042805601532	0.3958550842573101	0.05795474502222797	0.06707948271147601
2014-7-23	1.5757226694018802	0.39585508425731	0.3726426297283485	0.45406874806005204
2009-12-4	1.114907271431245	0.39585508425731014	0.01807729139872838	0.00528054712214554
2007-1-24	1.4193003461148952	0.5702108842439143	0.03997165715398632	0.04510561018292081
2009-3-3	1.5973538367716107	0.39585508425731053	0.07100598791499824	0.08597405550640702
2015-8-13	0.965601907074489	0.1739558283558511	-0.08842561041825248	-0.19085033996818124
2015-3-12	1.0218875546338528	0.39585508425731025	0.02743389148935771	0.059149895748835
2012-4-23	1.4149978871025595	0.39585508425731025	0.09878171320356866	0.10474906421912245
2013-10-18	1.4779722104782183	0.3958550842573103	0.19458537075440185	0.2209577201370787
2011-8-17	1.3066577069352654	0.3958550842573102	0.06312049038353096	0.06252920498428338
2007-6-6	1.0497091737619606	0.5702108842439142	0.00567695445106553	0.002647934314924605
2011-3-23	1.212886862693951	0.39585508425731014	0.041268679010050935	0.03013119202784087
2009-1-15	1.6971406318795832	0.39585508425731	0.07900544097188433	0.09867222301291134
2010-4-21	1.2125703521564102	0.39585508425731025	0.03443473876493641	0.02676426145921873
2007-8-21	0.8641119376298543	0.5702108842439141	-0.01731535134854889	-0.03282164664349607
2013-2-25	1.4208664015447494	0.39585508425731025	0.1316059219285577	0.13809010669039723
2007-1-29	1.4040517313346992	0.5702108842439142	0.03877563670725248	0.04332252845752649
2010-1-11	1.1491096738189777	0.39585508425731025	0.02356558460147795	0.013037838734436757
2015-5-11	0.8520246214482056	0.35548043711536403	-0.22271186489217187	-0.29327221206253806
2012-3-23	1.4251780261372151	0.3958550842573101	0.098539235005912	0.10830789722473755
2008-8-7	1.3628926559478094	0.39585508425731025	0.04274285630376351	0.04479075218599826
2015-3-30	0.9140515589582338	0.3958550842573104	-0.11282681674975925	-0.10488955863878457
2007-5-25	0.9924649233932907	0.5702108842439142	-0.0008788229020092464	-0.006682780301432323
2010-10-26	1.1506579076200771	0.39585508425731014	0.0274721013361241	0.015940831628164842
2013-5-27	1.4269898126868776	0.3958550842573102	0.14704641555410136	0.15325809607019525
2011-4-8	1.188312244798941	0.39585508425731025	0.037159832253714775	0.024607639224077937
2010-3-9	1.1789579726023538	0.3958550842573104	0.028736263226891934	0.022486352155495215
2007-10-10	0.790674817679404	0.5660253974020684	-0.028152742704745437	-0.048980395989456804
2007-1-12	1.6224334882345235	0.5702108842439144	0.05544958728759952	0.06307322434956242
2013-1-23	1.425375957184041	0.3958550842573104	0.12851838059602283	0.13318864668882613
2009-5-20	1.3009938626000586	0.3958550842573103	0.04058741445448	0.044936707919782215
2011-10-25	1.3813849867648633	0.3958550842573101	0.08034264201089591	0.08983862496432815
2014-12-4	1.154490930775523	0.3958550842573105	0.14390809397978166	0.19697528422496524
2015-8-20	1.018027938381349	0.12910689290307067	0.05104310905922205	0.000311438185420565
2006-4-28	2.746050103412135	0.5702108842439143	0.11003460877176541	0.12804509817925847
2011-8-5	1.3014683523449357	0.39585508425731025	0.061674668150973444	0.06109719743977515
2010-2-4	1.2020797313187144	0.39585508425731014	0.03167965866407263	0.026771047486154664
2010-11-23	1.251122708786613	0.3958550842573101	0.04489653744626754	0.038191996801249406
2013-3-22	1.4220655806071947	0.3958550842573101	0.1354128820932845	0.13962990519639806
2012-5-24	1.4276647018484976	0.39585508425731003	0.10395590878941063	0.1086240252598174
2012-4-18	1.408930711630215	0.39585508425731	0.09712306653149949	0.10504491807242777
2014-6-26	1.6038505695869976	0.3958550842573103	0.36743635659575347	0.44901206580732134
2015-4-1	0.9068165817819307	0.3958550842573103	-0.1230095702924	-0.11599789829323681
2009-4-24	1.3768910479900722	0.3958550842573103	0.049006092169046944	0.05847327480542042
2011-3-10	1.2076468581655413	0.3958550842573105	0.04001988553217206	0.02890160987174828
2010-11-9	1.1478526313095476	0.39585508425731	0.027191980030492724	0.012792651945645606
2008-9-24	1.6143848077399667	0.3958550842573103	0.06814060006986122	0.08081304136564782
2008-6-3	1.0909254831452615	0.3958550842573105	0.011554356505132368	0.005303738491127641
2013-4-22	1.4501077253667145	0.3958550842573101	0.1482913328069515	0.15893404967443914
2006-11-1	2.3426560484759826	0.5702108842439143	0.09734171082765108	0.10720314699297173
2015-11-26	1.003499074687466	0.03227461830811862	0.039390344270648914	0.0072196738473200295
2012-7-10	1.5055787688787041	0.39585508425731036	0.1251053487584517	0.13731960680743827
2007-5-11	1.0414088335162797	0.570210884243914	0.004706561866156589	0.0018392866466352409
2010-8-5	1.315142925163792	0.3958550842573103	0.052012392874169144	0.05266727722369047
2012-9-12	1.5325504277365931	0.3958550842573103	0.13829899593382278	0.1579406183777925
2008-1-14	0.7945840505924145	0.5550120168660145	-0.02846747523352111	-0.05151725665358309
2013-3-5	1.414749610433523	0.39585508425731025	0.13096210736706682	0.1364794130148177
2012-7-9	1.501542700236222	0.3958550842573101	0.12413180743441243	0.1359383316848639
2008-4-25	1.0300961268729432	0.4453064795743673	0.0038673110363862673	-0.001416724343515141
2014-10-10	1.4117318750310734	0.3958550842573106	0.32687641023996483	0.4135932757505625
2006-5-31	2.4754883529862255	0.570210884243914	0.09917018507344477	0.11150699385449259
2010-7-5	1.4292704223096038	0.39585508425731036	0.06724954960662965	0.07631465910043955
2009-12-7	1.109519198146258	0.3958550842573105	0.0172888587957436	0.004139164339460155
2007-10-11	0.7844485507077065	0.566025397402068	-0.02909601308326415	-0.0504972204086791
2009-8-10	1.154467865963915	0.39585508425731025	0.022736799828505072	0.00935778397118181
2011-5-3	1.2206018847863382	0.39585508425731036	0.04370322921571934	0.03455009336759951
2009-12-4	1.114907271431245	0.39585508425731014	0.01807729139872838	0.00528054712214554
2010-7-28	1.311811446504149	0.3958550842573103	0.05130522207015531	0.051573773573918125
2008-7-4	1.3111413500752627	0.3958550842573104	0.036827920002348025	0.043129318396125216
2012-2-17	1.4172783842812333	0.3958550842573105	0.09440657157535592	0.10726727327407559
2013-10-28	1.503826740325937	0.39585508425731025	0.2068773281156462	0.23827185085851665
2015-5-14	0.8508327145038527	0.3554804371153641	-0.22699983169617566	-0.29892113115185703
2009-1-22	1.6464274031975679	0.3958550842573105	0.07452285450633145	0.09187547675531627
2011-4-18	1.1866058530098695	0.39585508425731036	0.03706334421479718	0.02435803335885134
2010-1-28	1.2054611115994944	0.3958550842573103	0.03206498247249079	0.027343638862323827
2008-3-26	1.013433884583209	0.43861891496816624	0.0017201525253627281	-0.005104785874226803
2006-5-15	2.4788552303629126	0.5702108842439141	0.09885227094368232	0.11210167973244922
2011-6-9	1.289735533326757	0.3958550842573104	0.05739786007492631	0.05462629436330224
2014-10-23	1.4403708726386055	0.3958550842573105	0.3611191230920201	0.46400290802962507
2007-3-9	1.4075567260920496	0.5702108842439142	0.03954885379762585	0.042286248618055744
2010-1-19	1.1440458210352258	0.3958550842573103	0.02289332523019305	0.011847010695235749
2011-6-20	1.3139043945552893	0.3958550842573102	0.06213603103823484	0.0611743532761837
2014-8-15	1.4892907573887513	0.3958550842573105	0.3366662571381702	0.4042331074696517
2015-8-31	1.087639164531537	0.01867227804052616	0.2911440980204423	0.4017558241584094
2014-10-16	1.4205614662311707	0.3958550842573102	0.33893846193282484	0.43110669897175447
2013-6-21	1.5292873817383354	0.3958550842573105	0.18335370478869684	0.21167188987327834
2015-11-10	0.9901456124412474	0.014739854242093871	-0.07111395042639701	-0.1306285524028339
2013-4-18	1.4733050153655036	0.39585508425731036	0.154415787456053	0.1696059503072278
2008-6-2	1.0886919023270087	0.3958550842573104	0.011276615132959078	0.0048725936119584645
2012-4-6	1.4361652750311076	0.3958550842573103	0.10186639559010713	0.11336820772738698
2008-8-28	1.5121042805601532	0.3958550842573101	0.05795474502222797	0.06707948271147601
2010-12-17	1.2208560196051768	0.3958550842573103	0.04042384225671136	0.03100944133159933
2014-7-2	1.5929382700814712	0.39585508425731036	0.36589603048066266	0.44514329043336276
2013-5-9	1.4518765152213136	0.3958550842573102	0.15162623288470423	0.16245291593187927
2015-12-28	1.0055774971476128	0	6.615077658960149	27.15342020507913
2011-10-26	1.37317039580497	0.3958550842573103	0.07885617720541593	0.08731021379700521
2015-1-14	1.0424176353941936	0.3958550842573104	0.04440484778649867	0.07760239308645889
2014-9-4	1.465492657194277	0.39585508425731025	0.33645495817183435	0.3948838097531011
2007-3-14	1.4130505342978734	0.5702108842439142	0.04007192689557115	0.04299201537999808
2009-4-17	1.348974043286973	0.39585508425731025	0.04566272548460004	0.05360883189332166
2010-11-16	1.2340460624939777	0.3958550842573105	0.04192449821394373	0.03402567802663792
2013-12-18	1.5090940923779856	0.39585508425731025	0.2247054630324048	0.25891025018251446
2009-8-25	1.245951518370117	0.39585508425731036	0.035248043489147785	0.03044007898491463
2011-1-5	1.233929118530233	0.3958550842573104	0.04308155803088076	0.034576335993111496
2013-11-4	1.4980361976255687	0.39585508425731036	0.206736039118397	0.23711441511642461
2008-6-5	1.1112207744886362	0.39585508425731014	0.01402895019586059	0.009115755394119684
2007-6-29	1.0267142943605296	0.570210884243914	0.0031039214595776077	-6.883319089101558e-05
2008-3-21	0.9916062648072312	0.44467439094629163	-0.0010831198534086983	-0.00905993070256439
2008-1-18	0.8197332354422796	0.5409278113808157	-0.024691215429843094	-0.044768919381784844
2014-12-29	1.0513222508828408	0.3958550842573103	0.051322250882840814	0.0886770338493772
2007-7-13	1.0170086257635904	0.5702108842439143	0.0019935546942471127	-0.0018127877918419077
2012-12-27	1.479525258006727	0.3958550842573105	0.13921075085627743	0.15421157102958505
2008-10-21	1.7334630579089603	0.3958550842573102	0.07949467659846965	0.1011397912893206
2015-4-8	0.8751279598740562	0.39394762795050536	-0.16783054531920316	-0.16706908388845776
2015-3-17	0.9864706200856455	0.3958550842573103	-0.01717461608400106	0.001608986562450676
2009-6-25	1.2187304890615986	0.39585508425731036	0.0308275033409664	0.029237207749823746
2012-7-24	1.5162725141994056	0.3958550842573102	0.1289132627503644	0.14322524923723834
2014-2-24	1.5693073796601487	0.3958550842573101	0.27685561984579854	0.3329343773568507
2015-8-17	0.9651747060336003	0.17432128634362137	-0.09203648629287864	-0.1972424909320768
2010-12-22	1.2234744929334214	0.3958550842573104	0.04098033054765793	0.03174632262975563
2009-3-30	1.4568139672614775	0.39585508425731014	0.057293928896482216	0.06335421585454015
2007-9-26	0.8199135049580969	0.5660253974020683	-0.02374313022394281	-0.041964267486118034
2012-12-20	1.5023365928743944	0.3958550842573101	0.14404226576417245	0.16263993432267232
2008-11-18	1.7619862228617547	0.3958550842573101	0.0828663583060405	0.10575251488600435
2011-7-28	1.2763191905101232	0.3958550842573103	0.056689659939126225	0.053989114819361195
2009-9-3	1.2648329595067285	0.39585508425731025	0.03785359870281768	0.0336263114826838
2008-11-7	1.8781365280431332	0.3958550842573102	0.09221769312422867	0.11963344467198289
2007-11-7	0.8245680805511191	0.5554037455231662	-0.023396102700864008	-0.042316083684343364
2007-8-6	0.893348619629408	0.570210884243914	-0.013331952047616835	-0.026246967654050435
2012-1-17	1.4461226984730746	0.3958550842573102	0.09787079517897035	0.1134381878484867
2009-7-28	1.109219013681963	0.39585508425731053	0.016264974686863498	0.0002508255258408809
2012-6-19	1.4410157621702806	0.3958550842573103	0.10908377813587555	0.11541940329015343
2009-6-22	1.2272379736894343	0.39585508425731014	0.031887876637880286	0.031000820241777083
2008-8-20	1.4297890176611727	0.39585508425731036	0.049764839204622824	0.055199023894624055
2012-8-14	1.521231333011166	0.3958550842573103	0.1323437937108094	0.14856194066757378
2013-9-4	1.5048050802983894	0.3958550842573104	0.19281323090011537	0.22490840275932134
2010-8-26	1.3179068410418988	0.3958550842573102	0.053000208562855367	0.053299885429343385
2007-10-18	0.7995823959092321	0.5554037455231664	-0.026898799694080044	-0.047670623365224096
2015-3-16	0.99425778026983	0.39585508425731025	-0.007271871772882799	0.019260754434909044
2015-7-10	0.9569855690006778	0.1937519624231759	-0.08908163316872653	-0.16975822446339406
2014-3-5	1.5907592587112591	0.3958550842573102	0.2906893560598971	0.3552243299302582
2011-10-12	1.3769398454986959	0.3958550842573104	0.07881268642755446	0.08715359148195989
2008-7-29	1.268662387306836	0.39585508425731014	0.032581742959900906	0.035410428755976886
2015-10-16	1.0529425393085996	0.01867227804052595	0.28976185789055786	0.3608666634069011
2015-9-25	1.11898202114387	0.018672278040526052	0.540222711141076	0.7920347570065558
2008-6-16	1.247875749188733	0.3958550842573103	0.02980568202408529	0.032665587029332865
2015-12-4	1.0187411701404059	0	0.31139136669561496	0.3921136969005581
2009-9-30	1.2689590455617241	0.39585508425731025	0.03885140388852393	0.036610951846274054
2010-9-6	1.282015821762223	0.39585508425731003	0.04785099137753157	0.045135732986729016
2007-6-28	1.0110838732957568	0.5702108842439144	0.001296189464750297	-0.0029765323217835205
2011-2-15	1.2218241548456032	0.3958550842573101	0.04198566049326358	0.03259807793517289
2013-9-9	1.4712213263316243	0.39585508425731036	0.1824245913489171	0.20657017428102908
2009-3-31	1.4486146742569725	0.3958550842573101	0.056434199072648905	0.061911229771131726
2008-12-8	1.6259151278510329	0.39585508425731014	0.07127109791790143	0.08644084167034394
2012-12-17	1.5104199993126806	0.3958550842573105	0.14565036081441018	0.16509087275245782
2008-3-27	1.0398855471166306	0.43861891496816624	0.005051682533172341	0.0004445370919745617
2012-6-13	1.4326944997743496	0.3958550842573099	0.10674206143704779	0.11216367586960496
2013-8-21	1.5218535432404061	0.39585508425731053	0.19509501447087563	0.23027224115066058
2008-3-28	1.0127860596236429	0.4386189149681662	0.0016388159568188065	-0.005232334749039946
2008-12-26	1.7485029364065023	0.3958550842573101	0.08296004997585515	0.10550495643590962
2007-3-29	1.3127808270884573	0.5702108842439139	0.03155871210229977	0.03499521455247234
2013-7-22	1.5743333327107427	0.3958550842573104	0.20456929571517413	0.24557967205372044
2012-2-9	1.4204499583501358	0.3958550842573103	0.094479213052169	0.10751439439578414
2007-8-27	0.8368468056584306	0.5702108842439141	-0.02111714700904299	-0.039002877255909896
2008-1-25	0.8562019544352623	0.5205043688261008	-0.019383387199703006	-0.03710380901794674
2013-5-2	1.4802112791409268	0.39585508425731025	0.15884372974959904	0.1749820006323679
2008-5-13	1.0219758208681047	0.4385383637939072	0.002851980571088264	-0.003086311604355574
2014-9-1	1.4921877429655097	0.3958550842573103	0.35233995667670603	0.4234968545395723
2013-1-11	1.4706286246333764	0.39585508425731014	0.13895135605572562	0.15040711074407143
2009-11-26	1.150187515291345	0.3958550842573102	0.02323001723878737	0.012588947631207992
2009-10-29	1.192573956323532	0.3958550842573104	0.028955515662222764	0.024139829347222808
2006-11-16	2.2381144534585555	0.5702108842439143	0.09232144851265534	0.10337641283042975
2015-9-11	1.091866348560183	0.01867227804052595	0.34219382114767827	0.47861920655267975
2006-9-19	2.452883451201906	0.5702108842439138	0.10149145258791892	0.11423778581540556
2007-7-13	1.0170086257635904	0.5702108842439143	0.0019935546942471127	-0.0018127877918419077
2011-12-19	1.4802080473970998	0.3958550842573104	0.1022047437484539	0.11978780222614627
2009-7-9	1.150843881523107	0.39585508425731025	0.021929398333418337	0.015909407498707617
2013-8-2	1.55465480012332	0.3958550842573101	0.20108839651608523	0.23854315971474693
2009-8-24	1.2180496679320287	0.39585508425731025	0.03154717928758166	0.02431332453389823
2012-12-17	1.5104199993126806	0.3958550842573105	0.14565036081441018	0.16509087275245782
2006-9-28	2.4429617755852666	0.5702108842439144	0.10129281821220593	0.11380217003089954
2015-6-2	0.8188724574642782	0.3156905834635093	-0.29341957489590975	-0.4229932184670657
2007-7-16	1.0378044950362133	0.5702108842439139	0.004395710646614814	0.002027333209037474
2013-1-17	1.4470562997705392	0.39585508425731025	0.1335475943364277	0.14057204475065643
2014-12-10	1.0983044395621975	0.39585508425731025	0.09322061315939445	0.1587988101204436
2008-11-10	1.7858280334428258	0.39585508425731025	0.08464233548338784	0.10866173348866215
2009-10-26	1.1509372781784255	0.39585508425731003	0.023014938463982837	0.015818442250994824
2015-9-29	1.1322135156094597	0.018672278040525958	0.6455305844042163	0.9648904070173909
2013-9-4	1.5048050802983894	0.3958550842573104	0.19281323090011537	0.22490840275932134
2013-5-31	1.4245550957358695	0.3958550842573103	0.14695566570961605	0.15278242287239618
2007-7-20	0.9927595504101698	0.5702108842439143	-0.0008596749932747727	-0.006408675044055623
2008-10-28	1.8564611671855489	0.3958550842573103	0.09008414700878897	0.11657149420669954
2008-7-9	1.2329877242968474	0.3958550842573103	0.028408383201222298	0.030037621712037055
2011-9-26	1.3947846500228736	0.3958550842573104	0.08123398261211534	0.08950747001911519
2013-10-18	1.4779722104782183	0.3958550842573103	0.19458537075440185	0.2209577201370787
2009-7-8	1.1606336305345164	0.39585508425730986	0.023256857527413688	0.017950832379882264
2010-5-5	1.266136763592359	0.39585508425731036	0.0426121554594896	0.0386145136724898
2009-8-31	1.3350047810693102	0.39585508425731036	0.04669172953999934	0.045966254176806665
2012-12-18	1.5098268465814257	0.39585508425731025	0.14564270198594342	0.16502120939859943
2009-8-12	1.182539516724798	0.39585508425731036	0.026612966827280315	0.016092067090564433
2007-11-5	0.8237462152239754	0.5554037455231662	-0.023500004665475305	-0.04250045536365199
2008-7-9	1.2329877242968474	0.3958550842573103	0.028408383201222298	0.030037621712037055
2008-7-4	1.3111413500752627	0.3958550842573104	0.036827920002348025	0.043129318396125216
2011-12-19	1.4802080473970998	0.3958550842573104	0.1022047437484539	0.11978780222614627
2012-7-5	1.4929956960231683	0.39585508425731	0.12187907522984598	0.1335573861875834
2012-12-12	1.5501117400956281	0.39585508425731053	0.1547401327723008	0.1807243235839988
2009-10-16	1.2016607047428076	0.3958550842573104	0.030046140927171727	0.024271369528718445
2006-9-11	2.497530689445181	0.5702108842439141	0.10337774722140347	0.11744548422578593
2011-7-11	1.244847636107236	0.3958550842573103	0.05020220161787581	0.04323799527025307
2009-4-28	1.3977007033380107	0.39585508425731036	0.05144909132772768	0.061964347313880896
2012-6-7	1.4477291991502934	0.3958550842573103	0.10947126623494308	0.11631348533157726
2015-1-26	1.0228206984370831	0.39585508425731025	0.02474005104966137	0.04627711383957256
2008-9-26	1.5718708104512664	0.39585508425731014	0.06427446301302364	0.07377802930362831
2009-7-27	1.0976544938797634	0.3958550842573102	0.014602219686657536	0.0007568459947939754
2014-3-13	1.6044111462755912	0.39585508425731036	0.3008827048938172	0.36859746032132845
2011-7-8	1.245837328360681	0.39585508425731	0.050294137070376665	0.04345814076879617
2013-3-29	1.4631201990253215	0.3958550842573102	0.14822518093476234	0.16081425570030494
2007-12-11	0.8437208163584269	0.5554037455231664	-0.02087621264533035	-0.038010306615303024
2007-1-24	1.4193003461148952	0.5702108842439143	0.03997165715398632	0.04510561018292081
2014-6-25	1.6109885119953609	0.39585508425731036	0.370680159902248	0.4550787025002143
2013-7-3	1.5742912583294526	0.3958550842573106	0.19987933836967486	0.23950506936957727
2007-3-21	1.3592602024499483	0.5702108842439141	0.03557392694780903	0.03838030662325065
2008-7-22	1.2602972616174029	0.3958550842573105	0.03157888850214996	0.03536005286755728
2014-9-15	1.422567793359929	0.39585508425731025	0.31484881344427684	0.40087704692784754
2007-1-29	1.4040517313346992	0.5702108842439142	0.03877563670725248	0.04332252845752649
2014-7-16	1.590242665087292	0.3958550842573102	0.37556898597303623	0.45924051882264405
2014-4-1	1.5916932714531429	0.39585508425731003	0.3051640655910304	0.3731110825425241
2006-7-28	2.4977318525876417	0.5702108842439143	0.10196855315326525	0.11559092971637708
2014-8-18	1.483158398399885	0.3958550842573103	0.33496160743529546	0.40105439323620207
2015-8-25	1.1689470614538275	0.018672278040526343	0.5717730014462705	0.8485652068104184
2007-8-30	0.8334483797629897	0.5702108842439139	-0.0216154072434267	-0.03899837277054119
2014-1-21	1.5842591920821245	0.39585508425731014	0.26812911560267727	0.32302257920957844
2013-11-4	1.4980361976255687	0.39585508425731036	0.206736039118397	0.23711441511642461
2009-8-11	1.1517499531887172	0.39585508425731025	0.022369262280618862	0.008835066380380896
2009-7-27	1.0976544938797634	0.3958550842573102	0.014602219686657536	0.0007568459947939754
2014-10-14	1.4197571853720339	0.3958550842573104	0.3365406472610053	0.4277346556003929
2015-2-9	1.0758661652043355	0.39585508425731036	0.08614499509367213	0.14157833050857827
2015-5-15	0.8599482309084718	0.3554804371153638	-0.21458677203346588	-0.27968529183875757
2015-1-30	1.058095683515852	0.39585508425731	0.06385317475728969	0.10498337398370383
2006-8-23	2.565820877252282	0.5702108842439144	0.10595813081152317	0.1215941726104679
2014-2-17	1.5303091066593588	0.39585508425731003	0.2565591383142185	0.29872289285077813
2013-8-16	1.5232414577024462	0.39585508425731025	0.19432376537760243	0.22979910800803216
2011-7-8	1.245837328360681	0.39585508425731	0.050294137070376665	0.04345814076879617
2008-1-30	0.9009154357693796	0.5147720970823245	-0.013091924879619521	-0.02800581446183792
2007-8-7	0.8906187937260003	0.5702108842439144	-0.013695680397050602	-0.0267609207302949
2009-3-11	1.5615831743452218	0.3958550842573101	0.06768352146609313	0.08055275679154628
2013-9-26	1.4942223296147887	0.39585508425731025	0.1947008427035508	0.22381000548284757
2015-11-5	1.012743147990287	0.01615520583119327	0.0893596522700768	0.10650063947856703
2010-2-4	1.2020797313187144	0.39585508425731014	0.03167965866407263	0.026771047486154664
2009-7-3	1.1697739913775358	0.3958550842573105	0.024444126214363093	0.01909311522456969
2013-8-22	1.526496983061321	0.39585508425731025	0.1968913828339076	0.2316253893605753
2011-4-15	1.1867569764331425	0.39585508425731036	0.037025520493011665	0.024346996268655774
2009-4-9	1.448618070818147	0.3958550842573102	0.05664720683590563	0.061524365957108085
2008-1-29	0.8950711261410541	0.5147118272437692	-0.013898026324518198	-0.029327941055031004
2010-3-5	1.1889129084724255	0.39585508425731003	0.03016816513165277	0.024912715392060525
2010-3-24	1.181888519516251	0.3958550842573105	0.029386695035770183	0.02422167166830569
2015-8-18	1.0066769365179222	0.13881734279231492	0.0184308094844019	-0.04492451996113489
2013-9-10	1.4588774212871383	0.3958550842573105	0.1783385200319787	0.1995466865040647
2011-2-9	1.2717240389267361	0.3958550842573101	0.05040893883209474	0.04448863680586279
2010-2-10	1.203196509204238	0.3958550842573101	0.03193236022980561	0.02710030078032677
2011-12-1	1.4010229868647401	0.39585508425731025	0.08617116054488738	0.09647742849140739
2014-1-21	1.5842591920821245	0.39585508425731014	0.26812911560267727	0.32302257920957844
2008-12-3	1.6971999464895795	0.3958550842573106	0.07764523442468252	0.09712688017267723
2006-12-19	1.772066411017589	0.5702108842439142	0.06538947209518242	0.0772130901167496
2013-11-22	1.491648818310077	0.39585508425731025	0.20960748384387684	0.23897932056797022
2007-9-3	0.8145668254323952	0.5660253974020684	-0.024332526108550412	-0.04289430526677773
2009-8-6	1.128338802015148	0.3958550842573103	0.01904573457973524	0.004165232931571117
2010-11-8	1.1437360997113628	0.39585508425731003	0.026459920839297046	0.011415994207905289
2013-4-15	1.4836672470555994	0.39585508425731036	0.1569041918931342	0.17400016831429732
2007-12-18	0.8773366805239255	0.5554037455231663	-0.01615366065615509	-0.030621681508351983
2006-5-11	2.6241611234110103	0.5702108842439139	0.10524562394293402	0.12059740777599526
2008-8-26	1.5139041704710037	0.39585508425731014	0.05808163371554009	0.06729755705711282
2006-9-6	2.4890640288780155	0.5702108842439139	0.10281619677663678	0.11658343726816778
2013-4-19	1.4490779279748154	0.3958550842573103	0.1475049260223038	0.1578774116795465
2014-11-20	1.3307178342314807	0.39585508425731025	0.2945158744703986	0.4274240377546832
2011-7-12	1.2582932972925318	0.3958550842573104	0.05276174794764121	0.04753465829140002
2011-2-22	1.2341939452313213	0.39585508425731014	0.04432087961297748	0.03634390291789735
2012-9-27	1.55680797057882	0.3958550842573102	0.14567678874832657	0.17079447937000047
2014-6-25	1.6109885119953609	0.39585508425731036	0.370680159902248	0.4550787025002143
2013-5-15	1.4590206120382176	0.39585508425731014	0.15480258223523213	0.16723030949192497
2011-11-25	1.4062287978772217	0.3958550842573102	0.08679454145114907	0.0974896469364972
2015-1-22	1.030699304958738	0.3958550842573104	0.032895126579995715	0.0583935954503676
2009-3-6	1.5336015697151706	0.39585508425731025	0.06471619612461499	0.07574029672563776
2010-7-21	1.3456223087743642	0.3958550842573102	0.0560449784166428	0.059431517003705414
2007-11-13	0.8649452018741235	0.5554037455231665	-0.017684592901196172	-0.032931939311331426
2012-9-10	1.5300966814815906	0.39585508425731025	0.1375020547323602	0.1566638807344607
2009-6-15	1.2581468020842335	0.39585508425731036	0.03572316487137228	0.036990171641496206
2015-4-3	0.9020934327057564	0.3958550842573098	-0.1300251737263175	-0.13013159456553425
2010-3-17	1.1827325356075544	0.39585508425731025	0.02941486364148327	0.024289178807706868
2009-2-27	1.598306378800175	0.39585508425731025	0.07098161603675002	0.08595399783601199
2013-6-26	1.5909024485299361	0.3958550842573105	0.20323160600125334	0.24551365539386083
2010-3-3	1.1729978988430878	0.3958550842573102	0.027759800772200416	0.020879515874645094
2009-9-24	1.2520691636776864	0.3958550842573102	0.036528524009041385	0.032382892569874144
2010-2-10	1.203196509204238	0.3958550842573101	0.03193236022980561	0.02710030078032677
2009-1-22	1.6464274031975679	0.3958550842573105	0.07452285450633145	0.09187547675531627
2014-7-21	1.5919419654849765	0.3958550842573102	0.3807676625310328	0.4666366176401575
2011-1-31	1.2613220687833178	0.3958550842573103	0.0483953617426085	0.041792023116226984
2014-10-21	1.424923942436131	0.3958550842573101	0.34691730354548267	0.44249205087998034
2014-4-2	1.5838266464912105	0.3958550842573102	0.30200332118427275	0.3674173753971355
2008-11-7	1.8781365280431332	0.3958550842573102	0.09221769312422867	0.11963344467198289
2010-3-12	1.1945505405808232	0.39585508425731014	0.031109625268888053	0.02644648736220634
2015-1-12	1.0404850506953205	0.3958550842573102	0.042133398325066906	0.07358829920352417
2010-7-29	1.30784148552457	0.3958550842573102	0.05074426001350285	0.050638073842949494
2009-2-11	1.5062357469014689	0.39585508425731036	0.06132476675493215	0.0720107654151223
2009-3-9	1.5695554951157185	0.39585508425731025	0.06842579117981251	0.08176686737607142
2006-7-27	2.4824562473143965	0.5702108842439141	0.10122085912966239	0.11431464738260622
2007-4-18	1.131828094848437	0.5702108842439142	0.014328771823020059	0.015004638479703347
2007-6-12	0.9853772447199725	0.5702108842439144	-0.0017207194545250104	-0.008192637915395373
2014-5-12	1.5865293060386945	0.3958550842573104	0.3266539191680562	0.3967030030054637
2013-4-10	1.466282220472285	0.3958550842573103	0.1510576940430608	0.16458698107529157
2012-11-19	1.5928953677722948	0.3958550842573102	0.16150362396083873	0.19267120559321493
2013-4-1	1.463739343292741	0.3958550842573104	0.14887748883256013	0.16165427545025635
2015-4-9	0.8800760440518864	0.39394762795050525	-0.1619016747425146	-0.15854225481131168
2012-3-30	1.4593271478456327	0.39585508425731036	0.10602781587181309	0.12052913372706153
2014-9-30	1.4173316347850409	0.3958550842573104	0.32284843811241526	0.4101308837370623
2007-11-12	0.8608466850105363	0.5554037455231665	-0.018252117005907786	-0.03385583157378369
2015-6-9	0.80183968988095	0.31569058346350937	-0.32772559200046136	-0.463269668126702
2006-6-28	2.476695810213677	0.5702108842439141	0.1000653218445049	0.11267535721888855
2015-6-24	0.8481852322823782	0.27440235725689405	-0.2736173407942085	-0.39666324316588597
2007-4-9	1.2160652527225972	0.5702108842439138	0.022664018158210286	0.02477988016026922
2007-1-16	1.5301980584613326	0.5702108842439143	0.04864378548635839	0.05374445130443117
2006-12-12	1.8539281921470998	0.5702108842439139	0.07057426985233661	0.08465443243626569
2013-2-26	1.433308521651353	0.39585508425731014	0.13522269786313257	0.1440407563438857
2010-2-3	1.1989807886167339	0.3958550842573105	0.031213776219820133	0.026116212432606867
2006-7-20	2.4967497934991605	0.5702108842439143	0.10167454523898134	0.11497398897583411
2010-1-25	1.179518070266235	0.3958550842573102	0.028239663402149118	0.020884074991839974
2008-6-25	1.249760731017517	0.39585508425731025	0.0301118034806378	0.03197207986283224
2013-4-17	1.47565739113596	0.3958550842573103	0.1549295627575933	0.1705422753444814
2011-12-6	1.430966701107741	0.39585508425731025	0.09213959377431746	0.10395820491512286
2015-1-27	1.029266189736739	0.39585508425731053	0.03183194035950354	0.05693247437271598
2014-1-10	1.577760546034645	0.39585508425731014	0.26088502076589637	0.3120532355501653
2011-3-29	1.2142695185222108	0.39585508425731025	0.041663723179651946	0.03069838262622593
2006-11-15	2.246028168891556	0.5702108842439143	0.09271503599584352	0.10322766318741783
2013-3-14	1.4500810188071944	0.3958550842573101	0.1422288242553884	0.15182981101030024
2015-10-21	1.0638203770743306	0.01867227804052604	0.38716920351632833	0.5254119807193043
2007-2-2	1.5189848313991967	0.5702108842439144	0.04803867081766766	0.05687857431890797
2007-12-25	0.8357200642899019	0.5554037455231662	-0.02213797399191275	-0.039966744474666305
2015-3-20	0.95634122251588	0.39585508425731025	-0.0557577042489531	-0.042944754189629064
2014-6-24	1.6050083624290759	0.3958550842573101	0.3665403165263297	0.44896391493129406
2010-5-4	1.2703389377027734	0.3958550842573102	0.04320187080641524	0.039623313516839787
2015-8-7	0.9928712722363364	0.15062768454073971	-0.017970625489328818	-0.09145387610490097
2011-7-15	1.2410085012638432	0.3958550842573102	0.049601490268165405	0.042171733126543876
2010-10-22	1.1681025508585994	0.39585508425731036	0.03039683694006956	0.020920948340569234
2013-11-14	1.527476239052866	0.3958550842573101	0.22080426401882147	0.2596063488277631
2006-12-25	1.7578538444539316	0.5702108842439142	0.06456131467172344	0.07626652420107405
2014-1-21	1.5842591920821245	0.39585508425731014	0.26812911560267727	0.32302257920957844
2006-9-26	2.4752457794190104	0.5702108842439142	0.10279185347895403	0.11630621523215967
2007-11-23	0.8737324205588468	0.555403745523166	-0.01651794118245775	-0.031015187593109173
2013-11-14	1.527476239052866	0.3958550842573101	0.22080426401882147	0.2596063488277631
2009-10-21	1.1690335586971872	0.3958550842573105	0.02554413937824518	0.017959876458057078
2014-11-14	1.3148847115515636	0.39585508425731036	0.2759657834855844	0.39844207153398137
2011-4-26	1.2163268473068602	0.39585508425731014	0.042738160560676475	0.0330462274814578
2011-12-5	1.4285336356567084	0.39585508425731036	0.09161808409518479	0.10334149024360317
2013-7-11	1.5237701014620826	0.3958550842573102	0.18604635485102694	0.2148755545848302
2011-3-15	1.2275765308863145	0.3958550842573105	0.04369352439998009	0.034048696223584196
2009-10-27	1.1752361024555629	0.3958550842573104	0.026492228330070144	0.020703153614075376
2013-12-20	1.5451018292271108	0.39585508425731036	0.23973235280911354	0.2811085396829054
2008-6-11	1.196565264597832	0.3958550842573102	0.024042593012914226	0.02419772486145466
2013-8-28	1.5152242992591853	0.3958550842573105	0.19461056657617126	0.22794618235602515
2015-5-26	0.7832404908454144	0.3554804371153639	-0.3369768744335342	-0.41968934979721073
2012-2-1	1.457206587939805	0.39585508425731025	0.10109719403918627	0.11838876476389415
2007-5-11	1.0414088335162797	0.570210884243914	0.004706561866156589	0.0018392866466352409
2012-9-4	1.5896487162600281	0.3958550842573099	0.14993405417893646	0.174788254111097
2007-1-29	1.4040517313346992	0.5702108842439142	0.03877563670725248	0.04332252845752649
2007-8-13	0.89096977864604	0.5702108842439138	-0.013675995075341563	-0.026730217684457602
2014-4-17	1.5649013696069898	0.3958550842573104	0.30110392675124587	0.3616827222890091
2009-7-7	1.164404493786735	0.39585508425731014	0.023759077673002338	0.01849594510347652
2011-6-13	1.2901488343450729	0.3958550842573102	0.057614579517358155	0.05488257412459152
2014-4-18	1.5649866571805346	0.3958550842573101	0.30169817404434185	0.36247773855260834
2010-11-29	1.2308051204224526	0.3958550842573102	0.041685406555828086	0.03295679952672592
2012-7-5	1.4929956960231683	0.39585508425731	0.12187907522984598	0.1335573861875834
2012-8-7	1.5101627987587265	0.39585508425731053	0.12911725362757243	0.14313345604078598
2007-8-14	0.8813345986117714	0.5702108842439143	-0.014959242493366887	-0.028552349829475965
2006-11-15	2.246028168891556	0.5702108842439143	0.09271503599584352	0.10322766318741783
2011-8-15	1.2967813897580285	0.39585508425731025	0.061197209812002384	0.059785031602120675
2015-3-3	1.0403294519467328	0.3958550842573102	0.049111983413759885	0.08845822131679837
2007-1-31	1.4801334538959097	0.5702108842439143	0.04496702811255049	0.05243023151109316
2013-10-8	1.4728906952447505	0.39585508425731053	0.19012859695616569	0.2144204070150313
2013-12-6	1.4713032624857938	0.3958550842573103	0.205840621682148	0.23049092885439415
2015-1-27	1.029266189736739	0.39585508425731053	0.03183194035950354	0.05693247437271598
2010-6-24	1.3392477178245543	0.39585508425731025	0.05436548019720311	0.05790370277357093
2014-3-4	1.5819270922916373	0.3958550842573104	0.2862574664268758	0.34768156221312485
2009-12-14	1.1224649607620163	0.39585508425731036	0.019298727503344937	0.006714764086310776
2013-12-4	1.4633101935993151	0.3958550842573101	0.20207299697948367	0.22431362429610058
2011-9-1	1.3230498801007449	0.39585508425731025	0.06680648055103133	0.06757070684786393
2012-4-20	1.4070996017733026	0.39585508425731053	0.096887636605683	0.102129082199788
2008-9-8	1.6147724620054285	0.3958550842573103	0.06775349931013297	0.08116459415385435
2013-12-9	1.4717604125928818	0.3958550842573103	0.20692624236762414	0.2318582054715963
2011-8-31	1.3190991154701754	0.3958550842573103	0.06602658128074901	0.06646504951401933
2014-9-19	1.4273445532210363	0.39585508425731053	0.32140675854714895	0.4103685064705971
2015-9-18	1.1143884762069272	0.018672278040526062	0.4733885468287269	0.6853753156306939
2013-7-2	1.5665723271120988	0.39585508425731014	0.19727637100810425	0.2351412573402092
2010-3-15	1.205714399553987	0.3958550842573101	0.03281112994978974	0.029246002004153837
2010-4-21	1.2125703521564102	0.39585508425731025	0.03443473876493641	0.02676426145921873
2011-6-24	1.2666597175273633	0.3958550842573103	0.053715574260982724	0.049248522302565156
2007-1-12	1.6224334882345235	0.5702108842439144	0.05544958728759952	0.06307322434956242
2015-8-20	1.018027938381349	0.12910689290307067	0.05104310905922205	0.000311438185420565
2015-11-4	1.028000808477698	0.016155205831193117	0.20113808261230792	0.27060187666743274
2006-7-14	2.486765888745599	0.5702108842439141	0.1010231518800373	0.11372349827292472
2009-8-12	1.182539516724798	0.39585508425731036	0.026612966827280315	0.016092067090564433
2006-6-14	2.5697236413809135	0.5702108842439142	0.103898849514384	0.11917619867250684
2011-5-18	1.2358203437080346	0.3958550842573104	0.046905050340343424	0.03993806404369282
2012-5-15	1.404892674035419	0.39585508425731025	0.09833036984781462	0.1052563223920453
2012-7-27	1.5283402941874562	0.39585508425731014	0.13185881752071626	0.14739878368433934
2007-6-6	1.0497091737619606	0.5702108842439142	0.00567695445106553	0.002647934314924605
2010-6-21	1.349874176220532	0.39585508425731025	0.055791378632241706	0.056214961951997156
2015-4-22	0.8437174547100839	0.35548043711536403	-0.21895337240546076	-0.28540078459876217
2012-1-10	1.4510878790646702	0.3958550842573103	0.0983235626483121	0.11437521895241543
2008-6-4	1.1041776804035244	0.39585508425731036	0.013172772124842691	0.007800231991988094
2007-3-9	1.4075567260920496	0.5702108842439142	0.03954885379762585	0.042286248618055744
2008-11-27	1.7434068702535397	0.39585508425731025	0.08154801753098995	0.10356429438383286
2010-8-12	1.3246725532667816	0.3958550842573101	0.05361449948367247	0.055239665059449994
2014-5-8	1.6096932757560176	0.3958550842573104	0.33588396626392525	0.4112128984116237
2012-3-22	1.413318582098993	0.39585508425731014	0.09603389113178928	0.1047071127622925
2014-6-5	1.600616502166077	0.3958550842573106	0.3500757868353046	0.4287683057481606
2011-11-4	1.339684342780566	0.39585508425730986	0.07294577581394712	0.07706011434773652
2008-11-19	1.697469594278696	0.39585508425731014	0.07723479841600445	0.09653949000851147
2008-12-10	1.6251023409572494	0.3958550842573101	0.0712524535794965	0.08641108511851736
2009-7-3	1.1697739913775358	0.3958550842573105	0.024444126214363093	0.01909311522456969
2015-6-24	0.8481852322823782	0.27440235725689405	-0.2736173407942085	-0.39666324316588597
2013-6-6	1.4549143016583517	0.39585508425731025	0.15744305184861673	0.1676901799176358
2015-4-22	0.8437174547100839	0.35548043711536403	-0.21895337240546076	-0.28540078459876217
2014-1-2	1.5244865263886682	0.3958550842573102	0.23613603789115967	0.2745308834676736
2007-3-7	1.414815141276143	0.5702108842439143	0.040130247458171286	0.04325779160899934
2012-6-1	1.4134159750690365	0.39585508425731053	0.10153260618343563	0.1048577751705575
2015-7-10	0.9569855690006778	0.1937519624231759	-0.08908163316872653	-0.16975822446339406
2008-5-26	1.0859798842763626	0.39585508425731025	0.010916050473406713	0.007315677607139692
2012-7-20	1.5078520110019	0.39585508425731	0.12665440250832405	0.13962030778047896
2010-12-14	1.2095113308695835	0.3958550842573102	0.03843279880717043	0.028204218974553275
2006-11-29	2.0461675610451877	0.5702108842439143	0.08197124251292309	0.09368269341221702
2011-11-23	1.408075223260301	0.3958550842573105	0.08702141818927145	0.09589671680577494
2013-4-16	1.475300340670915	0.39585508425731053	0.15465769421902098	0.17015860561250462
2008-9-11	1.644088114620945	0.3958550842573105	0.07046686783328271	0.08510351808569472
2012-2-23	1.3941012087934248	0.39585508425731036	0.09014861861551937	0.10003536411271163
2010-4-13	1.1746241742215715	0.39585508425731025	0.028562385449287797	0.018289500310863183
2008-4-2	1.0823460383549923	0.43861891496816635	0.010269134166685845	0.007586832228473339
2013-8-21	1.5218535432404061	0.39585508425731053	0.19509501447087563	0.23027224115066058
2012-4-13	1.415442626603916	0.39585508425731003	0.09811103884205008	0.10687483499746442
2011-6-29	1.272776611402591	0.3958550842573097	0.05501108863543358	0.05151462668372497
2011-11-10	1.3581479957663383	0.3958550842573104	0.07680290576289295	0.08351210167531886
2014-9-5	1.457150055776488	0.3958550842573103	0.3314699752158905	0.3858573921014976
2012-1-31	1.4445904450875149	0.3958550842573104	0.09857854477451977	0.11418850886745768
2009-11-18	1.113171878699103	0.39585508425731014	0.017687271240445	0.005842222783285722
2013-12-2	1.4836377322244116	0.3958550842573105	0.2095074568170021	0.2373217791222575
2006-12-20	1.7637615270925036	0.5702108842439143	0.06485585323741971	0.07630379394222708
2010-4-20	1.229243220424172	0.39585508425731	0.03690096798903131	0.030318005670733505
2010-8-11	1.3151452321636328	0.3958550842573102	0.05217554216802567	0.052874562876487285
2009-4-2	1.4226207612530717	0.3958550842573102	0.05364908389768197	0.05772199423981461
2015-10-21	1.0638203770743306	0.01867227804052604	0.38716920351632833	0.5254119807193043
2013-4-25	1.4735894035518118	0.3958550842573101	0.15568611782154496	0.17038252840655588
2007-5-28	0.9777165771262134	0.5702108842439141	-0.0026186371054000013	-0.009191156422580171
2008-3-3	0.8912954357752361	0.5008510955556609	-0.01459457090188132	-0.03041530767484646
2007-11-9	0.8544195249364626	0.5554037455231663	-0.01913703687427537	-0.03529621688471252
2013-4-22	1.4501077253667145	0.3958550842573101	0.1482913328069515	0.15893404967443914
2008-7-7	1.2717827135125832	0.3958550842573102	0.03265406074033472	0.03621386408147709
2010-5-20	1.3564389111409716	0.3958550842573103	0.055808626695057706	0.0590506183885704
2008-4-30	1.005698435722738	0.4449314272237258	0.0007412625541363127	-0.006642015394948686
2009-6-24	1.218112385693124	0.3958550842573106	0.030734119609245214	0.02908254997280224
2012-1-31	1.4445904450875149	0.3958550842573104	0.09857854477451977	0.11418850886745768
2012-5-21	1.4308126231788414	0.39585508425731025	0.10438115931238823	0.10931584577716436
2011-2-1	1.2610666095293435	0.3958550842573102	0.04837975806277828	0.041762378468152894
2015-12-18	1.0011920537792296	0	0.04032270150454975	-0.05182714132745292
2007-1-18	1.5548961755664115	0.570210884243914	0.050551896894966086	0.055633918538302574
2010-1-6	1.1352583164036094	0.39585508425731014	0.021437723503104245	0.01013371451730083
2015-6-29	0.9367781324292602	0.19861372399175817	-0.12213349460510581	-0.19403485323281533
2011-3-18	1.2243480055644276	0.39585508425731025	0.043196041589424805	0.033319299839331684
2014-6-20	1.6093356989651468	0.3958550842573105	0.36588698690400956	0.44869413756930165
2012-3-2	1.3726575528742748	0.39585508425731053	0.08627916345562792	0.09264859469965048
2009-8-27	1.2354095048353722	0.39585508425731053	0.033892989942733154	0.02805970416279524
2007-11-15	0.8501862742323911	0.5554037455231661	-0.019774699589273248	-0.03631792889803931
2010-2-1	1.2199510832487201	0.3958550842573099	0.03421435608302792	0.030344381700494916
2013-7-29	1.5855441673460673	0.3958550842573105	0.20989150584885619	0.2539428936684862
2012-10-24	1.52982039713281	0.39585508425731003	0.14300473711416783	0.16604547459042118
2014-11-17	1.319869813041591	0.3958550842573102	0.28260520430765523	0.40875384591515207
2006-7-24	2.479946881011565	0.5702108842439141	0.10101041610020944	0.11398543003682104
2014-1-20	1.59531024915566	0.39585508425731036	0.272254883877699	0.32922503961211214
2009-6-12	1.276410824929508	0.3958550842573101	0.03795866914590329	0.04017764739157692
2008-3-20	0.9978121949024858	0.4411989067423252	-0.00028144759443338163	-0.007915594576173524
2015-9-24	1.106165122660164	0.018672278040526267	0.46759810942654045	0.6742681914583575
2006-4-24	2.798908079265869	0.570210884243914	0.11209002891047004	0.13087761253201702
2008-2-14	0.8818392961068711	0.5145794580017925	-0.01583745162649486	-0.032504183781058904
2011-12-19	1.4802080473970998	0.3958550842573104	0.1022047437484539	0.11978780222614627
2014-10-24	1.4422494801330543	0.39585508425731025	0.36359744266035143	0.4680124543964077
2013-6-3	1.425756358996485	0.3958550842573104	0.1478342255423859	0.15396096338813448
2015-11-23	1.0045810549708771	0.0005034774525736503	0.04743125550154126	0.023308791949445906
2014-7-3	1.5888197526343262	0.3958550842573102	0.36430730997379546	0.4419688002595439
2007-6-1	1.0250647629032776	0.5702108842439139	0.0028882564487116014	-0.0012950890894144473
2013-7-25	1.5590849076031645	0.3958550842573102	0.20051005141687228	0.23833068626481868
2011-11-1	1.3590789493283972	0.39585508425731036	0.07650814675221307	0.08319540367816125
2010-8-16	1.2954186322907082	0.39585508425731025	0.04935598997807067	0.04814314174262879
2012-4-6	1.4361652750311076	0.3958550842573103	0.10186639559010713	0.11336820772738698
2014-4-4	1.5816400348484838	0.3958550842573105	0.30205167589036486	0.3670561883122647
2011-9-8	1.343571413795761	0.39585508425731025	0.07093155113239802	0.07485697565702853
2012-2-29	1.3902540700943011	0.3958550842573102	0.08976627173214458	0.09743365947701443
2009-4-10	1.419011360446657	0.3958550842573104	0.053430493503528576	0.05675212567077925
2006-7-17	2.4674564349660706	0.5702108842439141	0.10020804448471554	0.11252323317102708
2010-8-19	1.285170262895633	0.39585508425731064	0.04788077158111714	0.046005981011751684
2007-8-10	0.8902720257768	0.5702108842439141	-0.013754771129796617	-0.02683919556821268
2010-11-16	1.2340460624939777	0.3958550842573105	0.04192449821394373	0.03402567802663792
2006-12-13	1.85310171984675	0.5702108842439141	0.07054362252592883	0.08461013219127023
2012-4-20	1.4070996017733026	0.39585508425731053	0.096887636605683	0.102129082199788
2009-5-14	1.3089185829286918	0.39585508425731014	0.04143823228446508	0.04596305350954366
2006-6-8	2.519534908942145	0.5702108842439143	0.10143755263125342	0.11519132554701939
2008-5-30	1.091529535914068	0.39585508425731014	0.011611381634732743	0.0053980689515567
2007-3-30	1.3143706627716072	0.5702108842439141	0.03171133814039839	0.0350709681686856
2013-11-1	1.4963749495977772	0.3958550842573103	0.20525341690334575	0.23503033785946248
2008-2-25	0.9235008253243533	0.5008510955556608	-0.010091199852650501	-0.02312046866275652
2006-11-17	2.2030868906378456	0.5702108842439144	0.0904628063347035	0.1011603035301778
2006-4-14	2.8794786003285116	0.5702108842439141	0.11500932358869731	0.13296763712019533
2015-1-30	1.058095683515852	0.39585508425731	0.06385317475728969	0.10498337398370383
2015-8-12	0.9749324429054569	0.16597382802525967	-0.0644904892875755	-0.15779763681608205
2015-7-15	0.9819247677645713	0.15999209874966908	-0.03908290805123171	-0.10944287370408767
2013-12-19	1.5201143647199362	0.3958550842573104	0.22944537584448632	0.2658930205103407
2009-2-26	1.5729548438493408	0.39585508425731036	0.06845215500107504	0.08228101292808998
2010-9-15	1.2752574576041722	0.39585508425731036	0.04703268676870165	0.04951331535090775
2009-10-28	1.171546876976524	0.3958550842573101	0.025981415084579407	0.01998569595429811
2006-5-23	2.541326605046122	0.5702108842439142	0.10193938678633807	0.11536763861286548
2015-6-26	0.9158407543576826	0.21652503816670246	-0.1584560270915636	-0.2433182342401482
2006-6-7	2.5263196319292702	0.5702108842439141	0.10171671728771203	0.11566282752763946
2012-1-13	1.4703920910050179	0.3958550842573106	0.1022079939438214	0.1208044232235499
2012-2-9	1.4204499583501358	0.3958550842573103	0.094479213052169	0.10751439439578414
2009-8-25	1.245951518370117	0.39585508425731036	0.035248043489147785	0.03044007898491463
2013-10-14	1.461751635800846	0.39585508425731036	0.18758197631444662	0.20930926449651355
2008-2-25	0.9235008253243533	0.5008510955556608	-0.010091199852650501	-0.02312046866275652
2011-6-28	1.2624345152182912	0.39585508425731036	0.053068633340056515	0.048277303424227425
2015-2-11	1.0562052591539546	0.3958550842573103	0.06415171146650445	0.10921253302991318
2014-9-12	1.4221255874697538	0.3958550842573103	0.3122532509721174	0.3973679249586246
