2006-4	1118.607	1.00003287671232	0.0	0.0
2006-5	1218.445	1.06645058015237	0.08925207870145634	0.06641551991610806
2006-6	1402.879	1.19717205010211	0.15136834243646613	0.12257620970215323
2006-7	1420.328	1.20955250452841	0.01243799358319575	0.01034141619430893
2006-8	1282.057	1.11508373124084	-0.09735145684658753	-0.0781022509844682
2006-9	1318.099	1.13597783533401	0.02811263461764954	0.0187376996971515
2006-10	1436.074	1.20382135467249	0.08950389917601041	0.05972257312444143
2006-11	1479.409	1.22589162926117	0.030176021569919123	0.018333513110576308
2006-12	1729.224	1.39395677519589	0.16886134936315772	0.13709625053562918
2007-1	2067.092	1.63433852978343	0.1953870637927765	0.1724456302124288
2007-2	2395.172	1.86752918695197	0.15871572237713652	0.1426819798462687
2007-3	2473.544	1.90414085008512	0.03272082338971892	0.019604332499298025
2007-4	2850.107	2.15631195329827	0.1522362246234553	0.132433009460344
2007-5	3686.03	2.73075344873212	0.29329530435173146	0.2663999958610768
2007-6	3803.954	2.80235484252056	0.03199214330865456	0.02622038024768755
2007-7	3757.655	2.79101570888676	-0.012171282828341241	-0.004046287594186717
2007-8	4290.477	3.04713158186766	0.14179641292242093	0.09176439679841704
2007-9	5419.169	3.52763922489939	0.2630691179558823	0.15769179312473772
2007-10	5653.136	3.6490265749673	0.04317396264999312	0.03441036407893218
2007-11	5605.232	3.60661586828103	-0.008473880692061972	-0.011622471312544574
2007-12	4772.674	3.268074754622	-0.14853229982273705	-0.09386669554592295
2008-1	5385.103	3.51215933585421	0.12831988943724212	0.07468757588454912
2008-2	4571.945	3.10950080931777	-0.1510013828890553	-0.11464699862157803
2008-3	4790.744	3.23077304397221	0.04785687491866153	0.03900054770561307
2008-4	3582.855	2.68090216375751	-0.25212973183288434	-0.17019792870954445
2008-5	4055.779	2.90726139438643	0.1319964106836587	0.0844339766251143
2008-6	3625.826	2.70752270102022	-0.10600996750562591	-0.06870338310544798
2008-7	2698.347	2.16162753148288	-0.2557979892030119	-0.20162164082009046
2008-8	2840.788	2.25007302994256	0.052788244062012706	0.04091616024107821
2008-9	2309.171	1.92459364813033	-0.1871371605343307	-0.14465280792265608
2008-10	2128.696	1.80219785047754	-0.07815575373153393	-0.0635956570737376
2008-11	1653.542	1.51998182467613	-0.22321364816770456	-0.15659547353617656
2008-12	1864.205	1.64682564482674	0.12740105785036002	0.08345087953774523
2009-1	1882.959	1.65956169720171	0.010060052408399363	0.007733698108830421
2009-2	2057.063	1.75576097863461	0.09246297980996933	0.05796667975352022
2009-3	2164.666	1.80497562546271	0.05230904449693571	0.028030379662710388
2009-4	2548.222	2.01029535939373	0.1771894601753804	0.11375208121072868
2009-5	2714.301	2.09108782642063	0.065174462821528	0.04018935160416707
2009-6	2858.342	2.17840573627951	0.053067437988638756	0.04175717000291865
2009-7	3237.903	2.38838407082583	0.13279061777771858	0.09639082887513008
2009-8	3787.033	2.72241947955082	0.1695943331223944	0.1398583304943458
2009-9	2843.7	2.15257211224552	-0.24909553204315887	-0.20931651848131816
2009-10	3163.708	2.35297230411421	0.11253226430354829	0.09309801549906567
2009-11	3392.803	2.47741641930288	0.07241344650011941	0.05288804928603586
2009-12	3560.831	2.56300628751401	0.04952483241732581	0.03454803461551868
2010-1	3535.229	2.54382960831514	-0.007189894718395879	-0.007482103845117887
2010-2	3152.707	2.36074591130859	-0.10820289152414171	-0.07197168254040896
2010-3	3324.423	2.45123743377289	0.05446620951455365	0.03833175016032936
2010-4	3391.935	2.4942462091822	0.02030788500741337	0.01754574029293926
2010-5	3019.449	2.28074181333044	-0.10981519398219597	-0.08559876529661554
2010-6	2744.162	2.13468187547061	-0.09117126998998833	-0.06404054023394555
2010-7	2526.071	1.99965755485132	-0.07947453539550504	-0.06325266643748614
2010-8	2917.275	2.21995671957263	0.1548665892605553	0.1101684456855364
2010-9	2884.042	2.20148467195869	-0.011391795425525592	-0.008320904390197522
2010-10	3044.233	2.28544413803459	0.055543920650254146	0.03813765643946109
2010-11	3472.995	2.53450658573924	0.1408440155533429	0.10897770090273831
2010-12	3136.024	2.30835557379137	-0.09702605388144815	-0.08922881211685962
2011-1	3189.682	2.34429651469048	0.017110200687239608	0.01556993268592431
2011-2	3077.283	2.2703210592168	-0.03523830902265489	-0.03155550290251874
2011-3	3254.893	2.38456678408518	0.057716498612574836	0.05032139591207934
2011-4	3272.729	2.39327385462726	0.005479750025576812	0.0036514265820491052
2011-5	3211.132	2.36501805719382	-0.018821295622093902	-0.011806336904909096
2011-6	3004.173	2.26038013564364	-0.06445048039133872	-0.04424402648085349
2011-7	3049.745	2.28479901612115	0.015169565800638019	0.010802997289018842
2011-8	2977.721	2.25463063974811	-0.023616400715469617	-0.013203951927577501
2011-9	2834.535	2.1764678779255	-0.048085767605494316	-0.03466765706304009
2011-10	2557.082	2.04155946537681	-0.09788307429613675	-0.061985023494708344
2011-11	2697.534	2.11895913597313	0.05492667032187479	0.037912033378873146
2011-12	2583.613	2.06447078642756	-0.04223153443107678	-0.02571467689986678
2012-1	2298.753	1.88570788514794	-0.11025645094679416	-0.08659018207225792
2012-2	2428.994	1.97629808096133	0.056657239816544004	0.04804041841628232
2012-3	2633.345	2.07655561232405	0.08412989081076348	0.050729964436312086
2012-4	2512.832	2.00113972515046	-0.0457642276268396	-0.036317778693721485
2012-5	2683.487	2.09019506350177	0.06791341402847473	0.044502308975258774
2012-6	2632.998	2.06320246250398	-0.01881469893463245	-0.012913914815475904
2012-7	2465.238	1.94531692694066	-0.06371444262395953	-0.05713716307814485
2012-8	2358.651	1.86998570629454	-0.04323598776264198	-0.03872439477745725
2012-9	2228.369	1.78548784729248	-0.05523581063921695	-0.04518636624741707
2012-10	2270.054	1.82522707542605	0.01870650686668139	0.022256790038549246
2012-11	2297.884	1.84666622580843	0.012259620255729567	0.011746018164548485
2012-12	2108.85	1.70990222058126	-0.08226437888074424	-0.07405994830890344
2013-1	2524.409	1.98620956658203	0.19705479289660252	0.16159248328646703
2013-2	2743.324	2.13514917030821	0.08671930737055682	0.07498685246113414
2013-3	2668.836	2.0898275617393	-0.0271524617580717	-0.021226436634573725
2013-4	2493.187	1.97163734299608	-0.06581483463202681	-0.05655501004343816
2013-5	2449.639	1.94558458475645	-0.01746680052479007	-0.013213767903199
2013-6	2602.623	2.01968116778724	0.0624516510391939	0.03808448299361167
2013-7	2213.317	1.83375256737099	-0.14958217152465034	-0.09205839187972083
2013-8	2245.364	1.85107117265039	0.014479173114379922	0.009444352301155425
2013-9	2320.344	1.89958441023103	0.03339324937961062	0.026208196798385736
2013-10	2441.811	1.96540373631754	0.052348703468106494	0.03464932947017872
2013-11	2384.96	1.92961601659634	-0.02328230972831235	-0.018208838754043128
2013-12	2418.788	1.94089335433871	0.014183885683617324	0.005844342939411327
2014-1	2321.978	1.88830813971662	-0.04002417739793646	-0.02709330448504035
2014-2	2212.483	1.83323251482119	-0.04715591620592438	-0.029166651213871842
2014-3	2190.37	1.82322171326193	-0.009994653066260975	-0.00546073751055882
2014-4	2163.115	1.80901308700521	-0.012443103220003977	-0.0077931423004497635
2014-5	2156.47	1.80102907282703	-0.0030719587261888444	-0.004413464023854771
2014-6	2149.918	1.79857867016265	-0.0030382987011178825	-0.0013605569734271793
2014-7	2164.559	1.80451424072213	0.006810027173129429	0.0033001450856431757
2014-8	2329.402	1.89634086608218	0.07615546630976557	0.05088717134385318
2014-9	2355.317	1.91289586274476	0.011125172898452032	0.00872996883560413
2014-10	2478.383	1.9926119497223	0.05225029157434002	0.041672988336729215
2014-11	2512.548	2.00984877750203	0.013785197848758632	0.008650368568818595
2014-12	2819.812	2.21674985187962	0.12229179303241178	0.10294360286883855
2015-1	3641.541	2.76385100578365	0.2914126899240092	0.24680328880596683
2015-2	3353.96	2.57188535489115	-0.07897233616208087	-0.06945586085892157
2015-3	3601.265	2.74665813811965	0.07373522641891968	0.06795512206487783
2015-4	4123.895	3.10188719112784	0.14512400503711906	0.12933136748185856
2015-5	4787.741	3.55832510815174	0.160975485554312	0.14714845798693932
2015-6	5076.179	3.74355618943933	0.06024511350969071	0.05205569352368771
2015-7	4253.021	3.20841091437758	-0.1621609482250331	-0.14295104654002755
2015-8	3829.2354	2.8931491874634	-0.09964342992898453	-0.09826101934182567
2015-9	3362.0827	2.59824261969483	-0.12199633900804324	-0.10193272059611021
2015-10	3296.482	2.55257074936257	-0.019511923368214577	-0.017577985206641066
2015-11	3475.9623	2.67706759558149	0.05444601244599551	0.04877312264508611
2015-12	3591.696	2.76804005723448	0.033295441668052546	0.033982130971642356
2016-1	3469.0662	2.67763241158217	-0.03414258890507429	-0.03266124903648796
2016-2	2901.0477	2.30034401490443	-0.16373815524189192	-0.1409037308652857
2016-3	2930.6937	2.33371583939821	0.010219066718551276	0.014507319026004986
2016-4	3221.8948	2.52843539338083	0.09936251611691807	0.08343755940433271
2016-5	3213.5397	2.52218233760306	-0.002593225576452782	-0.0024730929626044017
2016-6	3160.547	2.5067414194723	-0.016490445100149156	-0.006122046729355176
2016-7	3154.2003	2.50860842666038	-0.0020081017621316993	0.0007447944864106575
