1056.7057714285716	1.0000328767123288
1058.8934571428572	1.0036915491842222
1060.9042222222224	1.0080135705012563
1063.2717499999999	1.012393793141504
1065.4318055555557	1.0100028738697568
1068.5010277777776	1.019274970450723
1072.2338571428572	1.0152569781317657
1077.8197352941177	1.0148010350955325
1086.5153750000002	1.0234592290526496
1092.7912903225806	1.0231972877264546
1099.9082000000003	1.0339099834799663
1105.9343999999999	1.0664505801523751
1115.2144827586205	1.0898672421131135
1122.710896551724	1.099988865876837
1135.7170740740742	1.0923169812435116
1147.6803846153848	1.1214174108731578
1165.086	1.1608722253157024
1181.2195454545456	1.1460533086248854
1198.2031000000002	1.1491718315952528
1214.8805789473686	1.1461395304920545
1227.6007368421056	1.1707767734951984
1240.358263157895	1.176630694381379
1249.801052631579	1.133430924104262
1252.7231	1.1261808766899546
1255.3409047619048	1.125770132023674
1253.5400000000002	1.1437692741425487
1258.238	1.1709849298623385
1257.9903461538463	1.1806083004779395
1261.9703703703706	1.1715134085068544
1267.0028214285717	1.197172050102111
1276.2469285714287	1.1884484465662695
1291.3131481481485	1.1974054205857805
1306.6438846153846	1.1946703361277753
1326.66875	1.140634866884534
1333.0700833333337	1.1445904553351485
1331.5146800000002	1.1228300894910281
1330.2129615384617	1.1252368325382505
1323.4342857142856	1.1256713812037715
1316.5102666666664	1.115829139503114
1300.6190294117644	1.1168795316476077
1288.4430789473683	1.139248000703437
1285.675275	1.150832758579441
1279.2617441860466	1.1531333318459318
1284.26	1.149939296102056
1289.0771860465115	1.1486030582359104
1297.6248333333333	1.154029419637529
1306.8321219512195	1.170466924751203
1316.484625	1.1708172309259741
1321.6635999999999	1.1701441066764957
1331.6423846153848	1.192248169250218
1338.367368421053	1.1914722939772915
1344.792432432433	1.209552504528414
1347.7755833333335	1.2031909131034044
1350.4435000000003	1.1908771138804508
1351.3328181818183	1.2106344748305573
1354.1441818181818	1.2050249584308128
1358.8419687500002	1.206338200647757
1360.6520606060608	1.2113084791141198
1362.374029411765	1.2117981979484556
1362.817205882353	1.155590796523244
1362.547705882353	1.164090470335517
1362.3564705882357	1.1757304588220847
1362.5907352941178	1.1765462558187916
1360.6426470588237	1.151360944274293
1361.4965945945949	1.1572407029455336
1361.9113750000001	1.1656423116984198
1358.6712727272732	1.167269232574271
1358.606895833334	1.1783226791300918
1357.8656862745102	1.1763650807219734
1357.3173962264154	1.1655549116659665
1357.511094339623	1.1558434945108655
1357.2248461538466	1.1235018102229457
1355.6086923076925	1.11508373124084
1354.4198431372552	1.109637665639774
1353.7041960784318	1.1070291974613957
1350.737056603774	1.0836831821837978
1348.294535714286	1.0697540746755647
1346.680983050848	1.09190354184974
1344.8298571428572	1.0910610402951284
1341.6219090909094	1.1051521421212238
1339.5387205882353	1.1080865551503996
1338.179043478261	1.0872245877664566
1337.1459571428572	1.1012926747093823
1338.5915362318842	1.113660124707343
1338.2345797101448	1.1053492639131308
1337.0129999999997	1.1027437046891229
1336.1352463768114	1.1046422577990547
1335.4069130434784	1.1149184446307647
1334.747188405797	1.1152237856989609
1333.6791304347823	1.1193322324609367
1333.1302537313431	1.1212031731176904
1332.2165	1.1423100767291228
1328.367245901639	1.1449079571971617
1328.5590175438597	1.1476596247840942
1330.920980769231	1.1501139773988616
1329.044791666667	1.135977835334011
1325.6395869565217	1.1491545112533312
1323.9081521739133	1.15125155035458
1322.5028043478262	1.1546996556696267
1322.6277872340427	1.1439062506360351
1324.6259591836736	1.1462060164616035
1326.7795098039217	1.150205743004315
1327.1806538461537	1.155578191282452
1327.392075471698	1.1500404701719324
1325.843962264151	1.1500038552325946
1324.9252641509436	1.164495690952704
1321.0684117647054	1.1724890681180447
1316.3857142857144	1.1739319810354454
1316.2112916666667	1.1740472451179245
1314.8521304347828	1.17864308216872
1314.596066666667	1.1722796562955233
1314.9133333333336	1.1710636979259077
1314.5461333333335	1.1635572497982156
1315.7759347826088	1.170485184708682
1317.2913829787235	1.1786476959537844
1319.0825000000002	1.1870035279565303
1320.4320625	1.2038213546724985
1321.7243829787233	1.204458809336545
1325.6644999999999	1.203812597476548
1332.2347045454544	1.198322321069728
1340.9862619047617	1.2009236057880712
1348.6772999999998	1.1936968298983484
1350.281463414634	1.1913386066992788
1352.3603095238093	1.204951061750357
1354.383953488372	1.206027706572944
1353.8758444444443	1.2065298226531014
1355.0679999999998	1.1880929520606476
1359.2926304347825	1.2039905695731377
1363.2265869565217	1.2074559803829852
1369.0960888888887	1.2121859699722974
1375.2260454545453	1.2022829932267074
1381.0520232558142	1.2065022296159507
1387.1874285714287	1.2171578725612797
1390.8425476190473	1.2258916292611775
1394.402095238095	1.2260654662985424
1398.0597142857139	1.2311273598978862
1402.088214285714	1.242579040558611
1406.802619047619	1.2473950212346925
1410.6342857142856	1.236975753235336
1415.016	1.2524722652497338
1418.7706428571428	1.238921229400727
1422.2802142857145	1.2203554234999225
1426.128380952381	1.232202885745773
1430.7952142857143	1.2591577520721424
1437.5771219512199	1.2582096967192813
1443.0358048780492	1.2771538119349835
1448.6659512195126	1.2975949344828088
1456.3420250000004	1.310161335907737
1466.7638947368425	1.3179226006439617
1476.8080270270273	1.3250970250911505
1486.6766111111115	1.3263231792916486
1495.2234285714287	1.3374370233774384
1503.0495000000003	1.331767692535174
1510.1272058823533	1.3486492962016283
1518.4647352941179	1.383101882127846
1531.0321212121214	1.3939567751958917
1544.6195624999998	1.4315430782876242
1560.424516129032	1.441397897779389
1579.641275862069	1.4305983534486253
1601.3166296296292	1.4279124776371626
1619.9910799999998	1.3811437765511019
1636.0710833333333	1.438299757321694
1648.7633749999998	1.4476942986107386
1654.96708	1.448484253608265
1655.870111111111	1.472046895786142
1658.3528620689658	1.4950303558976086
1666.9447000000002	1.5303991412405236
1675.15435483871	1.5343023906094055
1688.7170322580646	1.5439755930184285
1707.8775333333333	1.5263938740177503
1737.7983214285716	1.5178967057096513
1752.2391071428572	1.5492288870383197
1774.280037037037	1.5486172759166448
1781.7299285714284	1.5807991126037169
1788.564517241379	1.5786899805704673
1804.0089655172412	1.6176990929769626
1819.6932068965514	1.6343385297834383
1842.3229999999996	1.6380584257419628
1867.7118148148143	1.679800641805219
1904.1116399999996	1.728553243889351
1931.199875	1.768309056051884
1956.8166956521738	1.7510138348614668
1986.0560454545457	1.7098611163554902
2018.4696666666669	1.7906643463996452
2044.6610000000005	1.8379959588817603
2067.174714285714	1.8060455740617287
2088.577523809524	1.8118653548658248
2111.4339523809526	1.8680628992829384
2138.5705714285714	1.9357976735869653
2178.629	1.9477715472601371
2210.6682	1.9679108100089355
2252.044894736842	1.908469367769819
2279.9419999999996	1.9512200933792931
2311.3622105263157	1.9967473791617998
2323.3882999999996	1.9789571710589298
2340.6027000000004	1.8605195427867964
2343.2012380952383	1.8675291869519717
2341.1467727272725	1.7984352258402332
2338.131565217391	1.7820575717521199
2337.211083333333	1.8097870733831263
2338.51412	1.8434669015774126
2341.286692307692	1.8690495581684048
2343.3592222222223	1.860717122672134
2358.8518148148146	1.9159343266534596
2364.701035714286	1.9392781059509554
2383.1105357142856	1.980453451404069
2402.2918571428568	2.0307477461529553
2419.3150357142854	2.0358498824974456
2442.9963703703706	2.055251206130348
2459.896346153846	1.8986440229410024
2480.0823333333337	1.9531925837811133
2481.817454545454	1.9041408500851278
2481.8787619047616	1.9258405574338084
2475.26105	1.9054733210829011
2473.6814999999997	1.9330247657824462
2479.193619047619	1.9756372489225564
2488.8078260869565	1.9991900356229755
2493.9155416666667	1.989221920280392
2498.8058	1.9921963463482564
2502.3372	2.0086589107048183
2510.81808	1.979334356472866
2520.83304	2.0123767556613443
2543.9688333333334	1.9872652622551792
2566.471217391304	2.025183101888858
2577.8699130434784	2.0343734872642565
2595.9530909090918	2.054873820163942
2604.5300000000007	2.0608823415341258
2610.3444090909097	2.0642941368659753
2614.6808181818187	2.097116738452369
2619.557545454546	2.1108611901199104
2631.559380952381	2.120235641457422
2651.39685	2.1104007672799523
2675.0203157894734	2.1093725157652505
2692.378947368421	2.1563119532982737
2708.098894736842	2.182431558649411
2718.285	2.1987287916321847
2729.083095238095	2.221562828713044
2745.482047619048	2.2400969173537963
2765.8048571428576	2.2855535966188976
2787.9665714285716	2.3153735967165794
2810.8784761904767	2.3426902732962303
2860.9345263157893	2.380560749069045
2899.711388888889	2.375629521915346
2930.4558888888887	2.43523462916104
2976.7189411764707	2.454210328827335
3008.5111176470587	2.468578401168727
3044.5824999999995	2.362694165729371
3076.2060625	2.4581589777673627
3116.8019375	2.555723287475336
3171.7203333333337	2.565270833727012
3207.4843333333333	2.5674059299554073
3244.0534	2.5985335814556643
3258.20775	2.5827141064725434
3294.8765625	2.643295146135765
3335.3676875	2.730753448732124
3356.8917647058825	2.7412412092953757
3411.7989375	2.7572136220552115
3444.6848750000004	2.74219082234497
3480.0090625000003	2.764052403968434
3516.3452666666667	2.674935311726315
3527.841625	2.740643197601827
3557.473125	2.794447071150915
3596.6185	2.7931063736206614
3610.431705882353	2.830768096896631
3644.6203529411764	2.853893176949676
3674.4807647058824	2.8944013490747404
3702.395588235294	2.883101302170391
3749.0071875	2.921864671455845
3801.8307333333337	2.9795109598200025
3833.9813333333336	3.0426901127582147
3855.0280000000007	2.856747922537572
3871.1237142857144	2.884151200538221
3876.090428571428	2.8023548425205624
3869.432928571428	2.6093568562213143
3864.743357142857	2.6906760221012647
3857.5272857142854	2.7190387334291066
3853.8457333333336	2.801362198652749
3852.8470625	2.8248525636099604
3862.549125	2.880246830348847
3875.34075	2.948999106544913
3889.630588235294	3.0031890722785413
3901.7089411764705	2.9784753371161106
3910.60875	2.9939950004354947
3929.253470588235	3.078327483065538
3945.0033529411767	3.0950776888996225
3950.004588235294	3.032357866354482
3963.7421111111107	3.0584801625241944
3957.2497222222228	2.9625778969427965
3956.757	2.860933476200516
3955.2546842105266	2.8905963615654384
3959.5161500000004	2.956322997809851
3956.04465	2.8499249229867294
3946.0419545454542	2.794724409251601
3937.851217391304	2.7910157088867646
3931.5705599999997	2.834688649858521
3933.3753703703696	2.78288053180082
3926.546666666666	2.6623343826866086
3920.162909090908	2.763498264625392
3915.9190571428567	2.8214489363879593
3912.021888888889	2.797700151837674
3908.720594594595	2.805199461914156
3906.304815789474	2.819369249294306
3904.095051282052	2.821107376865718
3897.2955121951222	2.75748541913382
3889.4091136363636	2.805355860329465
3877.585063829787	2.814768644654591
3873.2227551020414	2.8145359971528183
3875.1959800000004	2.9005721476360486
3893.2745624999993	2.981657616659023
3905.178418604651	2.9840554355178455
3900.9642307692297	3.0313836733427193
3946.265323529411	3.0518802262787617
3940.6241	3.053920427187898
3928.244714285714	3.0979047839036564
3933.433703703704	3.1193898694701137
3949.5147692307687	3.047131581867669
3964.734307692307	3.1092223378882737
4002.35484	3.1783206490140934
4040.207999999999	3.223347755675328
4089.7474166666666	3.233290617231317
4136.857916666667	3.206288134330229
4181.316374999999	3.2587467267286954
4219.040583333333	3.2345536634449865
4258.439374999999	3.231999320765893
4279.92452	3.267754507069265
4299.879346153845	3.269360324807507
4315.511296296296	3.2325976276572663
4326.620999999999	3.1869366442449967
4345.890172413792	3.294021378724583
4366.784199999999	3.330200550595839
4429.255827586207	3.362946456539281
4474.628448275861	3.397868390170669
4553.363892857143	3.4317194747857416
4634.176481481481	3.4423906953068326
4681.5796666666665	3.4460594000017037
4740.630692307692	3.41312181027844
4778.544730769231	3.445268904453588
4816.761192307692	3.471031228657261
4859.531423076923	3.527639224899395
4896.071269230769	3.500543408219658
4930.789999999999	3.50197560019406
4973.926923076922	3.524597072391552
5006.950115384616	3.4705199235319686
5036.905615384615	3.5086822734230516
5053.063615384614	3.391830045297132
5058.611481481481	3.42830024220216
5081.775296296296	3.5059064607180868
5093.04325	3.5309008208471733
5122.715428571428	3.5775283468282852
5134.926586206896	3.56750913498632
5157.063896551725	3.5412321372690103
5183.554655172415	3.575961024465318
5193.039433333334	3.56376753401807
5219.462866666667	3.584826920517038
5241.4311	3.557767331627241
5245.288838709677	3.5149939898243616
5237.187242424243	3.5455964136595663
5247.293882352941	3.6158198308846816
5243.953333333334	3.649026574967302
5255.628297297298	3.659550632153551
5281.697675675675	3.664140249431592
5321.904833333332	3.6982610636433852
5370.779142857142	3.687881088002767
5420.875484848485	3.726538730117974
5457.078548387097	3.75215836392246
5475.541354838709	3.7251073693161443
5489.861516129032	3.618745998881554
5493.74271875	3.617946068652964
5483.65488235294	3.5457977005034644
5465.706684210524	3.5764593825024287
5450.548439024389	3.5982821001988246
5436.720674418603	3.4830706068352395
5423.538288888887	3.510830584313636
5408.386446808509	3.562417105341734
5412.296479166665	3.6022847057377003
5434.420645833331	3.644312960876289
5437.906591836732	3.6066158682810343
5438.607059999998	3.54669957962286
5457.806530612243	3.4957075344930217
5470.051062499998	3.4790925401885042
5472.822895833332	3.49215129328929
5469.708770833332	3.391720803269665
5460.949918367346	3.371041134658963
5442.7985769230745	3.346789404793716
5427.79074074074	3.331641006198711
5416.040642857141	3.412613365473394
5410.164719298244	3.3873826606829045
5403.225017241378	3.35875714823156
5402.237568965517	3.353689156095887
5396.595949152542	3.383137495118792
5384.40113114754	3.3551728969306387
5368.155507936507	3.267246900968244
5341.848	3.3000517392160287
5333.761940298507	3.2782237434804697
5308.484200000001	3.243541545934158
5284.3754109589045	3.2192398446107107
5278.398310810811	3.2949983915628485
5271.185106666667	3.254160475180014
5271.871533333334	3.2680747546220044
5278.719743243243	3.2903133103815385
5301.190774647886	3.3439304565954133
5303.628999999999	3.3460442924910843
5300.704405797101	3.3736650469214524
5301.751432835819	3.409861676036152
5295.590312499999	3.4129391700382983
5288.888967741934	3.388107704494619
5276.2363333333315	3.311292536642052
5252.308150943397	3.348596767915489
5224.1398800000015	3.3007566752685427
5185.7320625	3.289960792956923
5180.845387755103	3.336436960726176
5177.972380000001	3.3727675452425596
5187.7028653846155	3.3986390076204334
5188.069490566038	3.4406953804458262
5167.061480769232	3.4446637597596546
5128.589139999999	3.463984000206813
5086.226065217392	3.504933652274709
5057.4802325581395	3.493390848347102
5026.586536585367	3.512159335854218
5012.399974358976	3.5269848918583055
5023.102783783785	3.5516449010735407
5039.787891891892	3.580817568780834
5049.255694444446	3.5695600636774976
5068.139571428572	3.603816701226141
5085.36162857143	3.627193907210625
5115.193147058824	3.6393662663824013
5140.9459705882355	3.654052979963455
5156.817514285714	3.6383379011535473
5176.9785142857145	3.5530492306441914
5195.677714285715	3.4904286349666043
5201.755222222223	3.512382230395712
5215.560305555557	3.392177864501568
5213.110250000001	3.2168557238765088
5219.713111111112	3.315980592659062
5226.783638888889	3.3393926014702537
5233.678499999999	3.3661328083321758
5227.1767222222215	3.182560913217825
5214.606621621621	3.1986644153125257
5201.344657894736	3.174561146724422
5172.357536585367	3.132205261382011
5133.127911111113	3.1095008093177747
5110.432979166668	3.2873941977057894
5095.663823529413	3.2741691799663366
5082.688444444446	3.2245282575911363
5078.835892857144	3.254778067410752
5071.698288135594	3.2233822582662883
5070.45470967742	3.2693894268214096
5066.252938461539	3.3210764495887917
5065.183169230771	3.2767205778002797
5062.645888888892	3.263856894967544
5059.664200000002	3.194992394637316
5081.250945454546	3.122687334299405
5089.982538461539	3.121109808302525
5083.45786	3.1705256591252757
5073.098980000001	3.1636053272682347
5066.7211346153845	3.1845484933788
5062.848240740742	3.2307730439722193
5054.285018518519	3.1743956569669596
5044.202358490566	3.1572018453909494
5045.265019607843	3.180264709474918
5041.9783333333335	3.1502434888336825
5008.667688888889	3.0599940130185925
4988.7323333333325	3.06406980042925
4964.833333333333	3.009675370410605
4965.413291666667	2.9639182237132573
4963.338529411765	2.9469957795654382
4954.064648148148	2.8673060239363224
4932.426163636363	2.765468558177533
4913.79107142857	2.8287667596879214
4892.267821428571	2.886020257929687
4854.7307222222225	2.9043121649290145
4791.833098039216	2.812897821510921
4726.3440204081635	2.8376105352018834
4669.456791666666	2.8414509096963867
4628.1476875	2.7694228832088474
4613.658061224489	2.843287870936113
4619.441803921568	2.7877477232748165
4620.255358490565	2.6809021637575148
4579.667245283018	2.6630151751399977
4562.4641111111105	2.7159662832265945
4549.434254545454	2.816487888956216
4494.106222222222	2.8398453570380666
4443.368301886793	2.7354405658210106
4412.05220754717	2.7697908995025857
4386.353981132076	2.784796018685917
4363.3815094339625	2.657498945827788
4356.297945454546	2.6817496469775817
4373.286293103449	2.6358541746917705
4391.943868852458	2.580639003975702
4394.88134920635	2.521951408706758
4377.266859375	2.519474458776653
4321.256968253968	2.5343303210605663
4258.476885245903	2.6154568373855014
4192.562982456141	2.7806666223091785
4090.9158000000007	2.795441675537748
3978.7311111111117	2.7629344644571066
3856.057974358975	2.7841027224581643
3741.9858823529416	2.864539582141653
3716.0400322580654	2.9072613943864387
3719.976387096775	2.8875550867087414
3714.153387096774	2.804041560730335
3710.515032258065	2.849877944013561
3711.2193225806454	2.829630957179848
3717.2724687500004	2.841187918228533
3715.5822500000004	2.8178025825642807
3723.4670909090914	2.8726240844320374
3724.4888484848493	2.860502209201409
3730.7133235294127	2.8553164081141533
3735.952142857144	2.8456841579666463
3740.094945945946	2.7561352151127108
3741.225315789474	2.7880832151896513
3747.3383170731718	2.7512112595810017
3745.619476190477	2.7325545506924724
3748.0242045454547	2.6728155348883007
3744.2058222222217	2.6816442060136607
3748.2409361702125	2.7333195582343595
3747.6949591836737	2.6841914996350043
3749.569423076923	2.6999754919005374
3762.9139454545457	2.7075227010202294
3760.2567500000005	2.701547776797459
3766.0507241379314	2.666950971558852
3761.747118644068	2.6460749545104485
3768.4223934426236	2.6325026649080794
3759.3601290322586	2.462350858965647
3749.5337619047623	2.422535819192561
3739.1446875000006	2.389095149813439
3727.4519538461545	2.3256684328479302
3695.0904218750006	2.309546294245535
3666.2163809523818	2.2436834058073982
3648.9302903225807	2.33311217460739
3617.970516666667	2.2019049658594176
3590.5286896551734	2.248020890998459
3563.6389818181824	2.2121374513929175
3536.8558269230775	2.2465893212374723
3513.1894400000015	2.3119274105162377
3500.423530612246	2.3182926371320183
3486.586897959184	2.2268307998303474
3474.447897959184	2.2134525686548416
3458.9258800000007	2.16162753148288
3444.037078431373	2.162375889620229
3430.059113207548	2.1962955187134288
3418.7091090909103	2.1859377694985254
3407.5954181818192	2.264201948782146
3401.11962962963	2.2732670222377656
3381.6090800000006	2.3354453413070124
3315.702152173914	2.316282575622014
3240.331095238095	2.306957555762171
3180.244725	2.3174335026136856
3139.4327692307693	2.2603953657834133
3129.58685	2.210566372422851
3133.627619047619	2.1978496628183395
3161.7336666666665	2.2431899368330273
3173.130936170213	2.2876913509568504
3184.034265306122	2.2848365665911254
3191.2291372549016	2.2730971497274037
3158.05158	2.324934122018793
3137.8738599999992	2.303979125729192
3118.3684599999997	2.3159556716106744
3098.19962	2.285606697693053
3081.670939999999	2.273964762263846
3088.453365384615	2.2304269946097097
3099.1562037037033	2.2500730299425618
3123.013929824561	2.2128871285836755
3154.8731475409822	2.1743615934956995
3181.44983076923	2.184667065177073
3199.7257058823525	2.184034639283654
3201.8846999999996	2.113073131124733
3191.390704225352	2.0252725334127764
3181.012430555555	2.017051529267614
3170.925575342465	2.0174235190711167
3150.1638356164376	2.016701573670106
3151.5825866666655	2.0194127831876907
3156.258884615384	1.9318979152390638
3161.9041851851844	1.9548094762662562
3154.233890243902	2.0751761136623896
3129.7973333333325	2.017179969303111
3069.95622077922	1.9917410422146073
3016.986121621621	1.9889186513621728
2942.3250714285705	1.9439330072889403
2922.5318428571413	1.9403390857826295
2938.8764931506835	1.9465577472224416
2971.2937012987	1.979157676876906
2985.692412499999	1.9245936481303385
3009.1200952380946	1.908896464242004
3011.89465116279	1.8828140924550396
2991.4325348837206	1.886277249579389
2982.145172413793	1.8414814145418787
2972.422136363636	1.8038354552070877
2963.0594719101123	1.8122273985684032
2965.5643626373617	1.8149285752951654
2955.8530760869553	1.767924234623379
2946.4121397849453	1.771743577400025
2936.350851063829	1.720671096732283
2893.3572499999996	1.6733582603078951
2824.152909090908	1.6514479985923554
2745.3966024096385	1.7687404712025852
2617.488150684932	1.8491116654889697
2548.303693548388	1.7989070205180064
2487.773132075472	1.8081330001935552
2406.9981555555564	1.8587491791317028
2301.8946578947375	1.8708119925603632
2275.0248918918924	1.8021978504775475
2270.4833947368425	1.7865654796872845
2264.1346153846157	1.739089584789139
2290.5690465116286	1.722659326368961
2329.9466875000007	1.66994576093335
2359.6219615384625	1.7112603102863295
2361.449648148149	1.6845883436654687
2372.779491228071	1.673996536380129
2363.2643793103452	1.624948762771942
2354.2812881355935	1.6314974301592895
2337.08945762712	1.6710775289813105
2339.028442622951	1.6615696588771438
2338.5638095238096	1.631656126727134
2330.6921875000003	1.632604017519226
2322.244584615385	1.5995140208749274
2304.386261538462	1.5204838702715378
2276.173953125001	1.5523878804838127
2245.598000000001	1.5227771232474945
2214.036725806452	1.5473825451540622
2182.687262295083	1.5262446683429316
2163.8074590163947	1.5199818246761354
2155.1615161290333	1.5039603218521627
2158.072562500001	1.5436588226977819
2172.4840895522393	1.5177565639408774
2187.6330571428575	1.5352714792946944
2159.9409565217397	1.612457831196299
2101.6634615384623	1.5998495406869917
2052.72886885246	1.612636825407036
1993.9221481481488	1.6514930526985205
1932.5758085106381	1.6889063606587562
1894.0678292682924	1.7123570906043546
1869.7847499999998	1.6332528426467778
1816.2822580645159	1.6941718040658151
1797.3769285714284	1.683090112871396
1792.5301481481483	1.6768639958150342
1791.6073461538467	1.6322959585229824
1793.1883333333337	1.6305511297489153
1796.3048965517248	1.6355451402338188
1799.4909032258067	1.6500854351010943
1807.7387352941175	1.6283636174926335
1814.2446666666665	1.6468256448267438
1815.7145675675674	1.6492554894247942
1811.5000555555555	1.6944365843091451
1813.1906000000006	1.7107393407134257
1814.0437878787882	1.7270351204580559
1828.4703	1.7710477126343176
1858.1332222222222	1.739025149002961
1891.73076	1.7719380576221222
1917.1667916666672	1.74236119572449
1923.7799166666673	1.6915399918532712
1925.8300800000006	1.7002551513250386
1923.772851851852	1.7117882184449114
1917.9694482758619	1.7159563933341806
1906.4816250000001	1.741848825019876
1902.567205882353	1.7454894364539693
1905.8524	1.727882941615225
1914.1722857142856	1.6775556859422496
1913.4195833333333	1.6613213171448074
1918.4013888888887	1.653043696397892
1916.8796216216217	1.6486708636528808
1909.5057179487178	1.6449777060498634
1889.5143953488373	1.6341388150597165
1875.075319148936	1.6261662982979361
1868.285254901961	1.6595616972017146
1869.0314339622641	1.690197025620345
1870.8777547169814	1.6843177035116892
1873.6179615384613	1.662305156356605
1890.4107959183673	1.6778845212361233
1911.1833695652174	1.679128466020475
1924.1216363636363	1.6564439280237058
1931.0095813953487	1.6969028221094247
1932.6321428571425	1.6967198845284925
1934.968780487805	1.7151795378515766
1936.9194615384615	1.7286450708312608
1944.5556052631575	1.736363908593148
1954.7480833333332	1.7343068467940121
1962.3613142857146	1.7481283163238186
1964.3146666666669	1.7410104746482147
1964.2374210526316	1.7557609786346189
1970.5605526315792	1.7870807519315566
1976.1854473684211	1.8218131966163251
1979.7274324324326	1.8125393011279909
1976.723	1.8646487899176745
1986.2570967741938	1.8944100561435655
1995.2501785714283	1.9095148718771817
2028.9379999999996	1.911767977915658
2065.551173913043	1.9044698852026367
2102.132285714286	1.9508571484082529
2128.0313333333334	1.987174070572141
2163.85395	1.9430453476633367
2179.8839	1.8802604851402145
2197.0608	1.893263841379099
2214.7661	1.9196654331669971
2224.0858571428566	1.9576936789050718
2227.620545454545	1.8953784215654537
2230.9523043478257	1.8968045133007525
2238.679260869565	1.821718563227217
2243.692260869565	1.789022895775756
2249.9077391304345	1.8049756254627143
2245.418	1.79018173994544
2247.00724	1.8738757621089954
2249.234615384615	1.885485053827649
2250.6176296296294	1.8747988290308406
2248.900107142857	1.8256756061422768
2255.908357142857	1.848098350088681
2262.6118571428574	1.836207652774767
2260.994206896552	1.833514087831292
2251.8366451612906	1.8275457824207733
2238.670911764706	1.8487617175433968
2235.066777777778	1.8960662169412452
2237.7042162162165	1.9011490728846663
2253.6311111111117	1.9256610358850677
2275.772411764706	1.9243880389898331
2295.2284516129034	1.95362465959627
2297.5341785714286	1.9606176070597647
2287.9108076923076	1.9364731723607278
2293.620625	1.9741838665167468
2297.10852173913	1.9834327070421933
2304.9448695652172	1.976566920466134
2318.7537391304345	1.9878117482104805
2336.481260869565	2.0102953593937345
2354.3827391304344	2.0259791828041083
2373.0066086956517	2.0227562043980205
2385.6936086956516	2.026382404235579
2393.277478260869	1.972276128531003
2403.325	1.993587898556187
2411.3335416666664	2.0368387805537025
2430.2498333333333	2.0707275378942205
2448.4202499999997	2.082070176045653
2467.8623333333335	2.0877332858839885
2499.768695652174	2.087839708386115
2526.425181818182	2.0652390943328296
2543.4713181818183	2.1006887175418694
2565.209952380953	2.0806925408458907
2571.7283333333344	2.019090104134803
2572.7208636363644	2.02986725178203
2572.7281304347835	2.0170497427105123
2570.251625000001	1.9800402358994167
2568.182800000001	1.9829782581372022
2564.7901851851852	2.030916983978078
2560.417206896552	2.0406475830758612
2565.5466666666675	2.091087826420633
2577.1192000000005	2.0981476199659013
2592.668172413794	2.119133369315196
2609.7620357142864	2.1203386681090914
2629.6672692307693	2.132598922192148
2638.8817200000003	2.097406604347433
2650.5480000000002	2.1363804428663804
2670.875652173913	2.152079695330605
2675.9473749999997	2.1389336800414442
2680.7541199999996	2.1411347479035685
2685.7471538461537	2.1500701373913653
2691.463333333333	2.1682739915060236
2695.7991071428573	2.153781134334479
2697.668448275862	2.1202437644327956
2702.673517241379	2.1153095150312975
2705.990689655172	2.1217968498874593
2707.469724137931	2.104240192339536
2709.977379310344	2.1256426058158886
2714.9228666666663	2.1784057362795104
2720.8559666666665	2.1820702932471603
2731.2657931034482	2.221824631408504
2746.7405714285715	2.229554514314846
2765.9848148148153	2.2218883556585376
2792.2401923076927	2.227471538823409
2813.2202	2.234812094263572
2824.23196	2.252409617690309
2833.6165600000004	2.235534041771065
2836.411538461539	2.2021025505492458
2841.2182222222223	2.238366537684459
2845.5040000000004	2.235396321452162
2847.0571333333337	2.2652875832100112
2858.070933333334	2.290014450487899
2865.229967741936	2.3019596950974552
2875.4746129032264	2.3033649870277424
2888.9104333333335	2.3041224324956606
2906.005689655173	2.3235796028583584
2920.9101428571435	2.322155958962121
2932.7781785714287	2.3284502584861246
2945.971	2.3592036348114442
2953.574551724138	2.351199413174382
2967.292448275862	2.3883840708258357
2977.7946666666667	2.411548965121684
3003.3827586206894	2.434880190724279
3025.2474482758616	2.4627986460737694
3057.149607142858	2.4427808183270168
3094.9732692307693	2.4497152262167874
3118.8988400000003	2.4755359885843116
3137.259	2.4767504597491694
3153.76032	2.4549534325023146
3173.5282	2.509875660412866
3193.6766	2.5324863592661413
3228.1349999999998	2.537172035393334
3251.202374999999	2.548083495479161
3277.4483333333333	2.594567932461935
3310.02504347826	2.5611710482684575
3344.3152727272723	2.604904712255327
3370.1368181818175	2.6342740084362983
3394.992545454545	2.6444504185292725
3423.433681818182	2.6940335597011753
3451.951727272727	2.7019980153959784
3469.1579090909086	2.573464802165831
3502.4721428571424	2.623204316658136
3524.0084761904764	2.6882509720610224
3554.4661499999993	2.722419479550828
3576.7722500000004	2.7221681004443488
3596.2056000000002	2.692427643857907
3609.5464	2.64174884166806
3606.953476190476	2.5713878513770636
3613.916761904762	2.5645312277334025
3602.040739130435	2.572263754561828
3593.514041666667	2.4803189716580207
3580.0561923076925	2.505485199388184
3563.5068571428574	2.449772247024194
3541.9651999999996	2.331664321803082
3530.030387096774	2.3500577427532066
3513.9221875	2.2590138978949126
3507.79396875	2.334174585756904
3498.576696969697	2.3684912257443718
3494.859454545455	2.383563926048171
3488.9243125000003	2.3143042063540764
3483.0297812500003	2.3469487535837885
3473.070838709678	2.337467515810631
3456.364266666667	2.272687296333047
3427.2497931034486	2.144585643821646
3407.798133333333	2.1525721122455272
3383.931533333334	2.180561150243817
3373.2229032258065	2.275909190361366
3363.970375	2.290849248579525
3356.098787878788	2.3069067122653277
3341.52296969697	2.346456260321093
3314.1870312499996	2.3606648083347324
3287.179774193549	2.341767357306505
3259.0421999999994	2.3808087010910985
3242.5875666666666	2.409506456643131
3208.714413793104	2.4143571509168607
3194.752896551724	2.391400698034899
3173.867714285715	2.4235185184366124
3161.1289285714292	2.36117318788828
3143.7775555555554	2.3658513179032985
3135.703346153846	2.3257028975263463
3131.398846153846	2.2889859344038532
3129.5294814814815	2.2998532352611827
3128.5451724137934	2.2898970357701938
3123.894322580645	2.251505732592414
3142.734057142858	2.251371972732746
3170.6796410256416	2.2686686158139917
3222.6799545454555	2.352972304114214
3232.2646086956534	2.3466253069837872
3239.948062500001	2.3715386173363306
3231.4601666666676	2.3869069918105823
3209.108000000001	2.393454134439824
3166.454977272728	2.3946050474607516
3146.5443571428573	2.441024845224365
3139.356358974358	2.466749893329481
3144.777805555555	2.4631987594959237
3150.7744285714284	2.453654821237945
3171.424363636362	2.487545986480405
3202.7307419354834	2.4881129365266714
3210.3946129032256	2.437109833437585
3217.656516129032	2.444664386474727
3220.110838709677	2.4025079001531715
3221.9939999999997	2.4196659138226875
3228.1781874999997	2.477416419302883
3234.4583939393938	2.499346920738751
3243.4365000000007	2.5088810943291677
3247.040322580646	2.514293424244894
3252.097966666667	2.5251939960576832
3268.5502857142865	2.5317355232910783
3284.3969642857146	2.5364052254843155
3299.2093928571426	2.531752712572395
3314.975964285714	2.534296098301402
3334.478785714285	2.54518950692913
3344.5242758620684	2.607268793302664
3380.0881071428566	2.6087913223574466
3396.7495714285715	2.609919297294415
3422.2694814814818	2.617034005549709
3444.8171923076934	2.610456817401537
3466.3955600000018	2.630484746082319
3473.2158000000013	2.5546626913364667
3489.309125000001	2.6073542320937375
3495.7261304347826	2.5144638178599297
3506.370999999999	2.4477911395756733
3529.733714285713	2.531232478090678
3531.1472272727265	2.5630062875140114
3540.4438636363634	2.5866008218556074
3542.6365652173913	2.5824546662195806
3546.8388333333332	2.61645866440963
3556.5641250000003	2.632847250838253
3563.6529166666664	2.6039255904033483
3563.2859200000003	2.5590328990415054
3563.8224999999998	2.5737538587105657
3560.2961785714288	2.572520095588398
3557.8823666666663	2.594280946958882
3545.24203030303	2.5773941633434765
3537.164599999999	2.5644179060405214
3530.0065135135133	2.518085364417162
3526.3677894736843	2.467235637104686
3523.0409743589744	2.47009084896011
3517.603525	2.4177094975689792
3513.185878048781	2.435558699285221
3511.415190476191	2.494504656082882
3509.4004883720936	2.4874400175935767
3508.6966818181822	2.514743783873845
3512.592363636363	2.526130767528459
3525.244139534883	2.5557043085140716
3531.737	2.5643102059334852
3536.6738999999993	2.543829608315148
3539.267435897436	2.558519703624426
3542.1288918918917	2.5472522277050436
3535.4464722222224	2.5068623084433197
3525.0742352941184	2.5113087850295637
3518.817787878788	2.5123421645240374
3516.8906562499997	2.5391264748786364
3518.30535483871	2.4816771271655202
3515.34470967742	2.505955709017962
3509.0073	2.512936257395735
3498.5717241379316	2.5220697140184143
3492.4130357142863	2.525567917575909
3485.8843571428574	2.4684845736485954
3479.9398571428565	2.4756941315897825
3476.0176896551716	2.4573081258457643
3471.0842333333326	2.44074982268806
3463.7201290322573	2.403694661939314
3459.057878787879	2.384500724861481
3457.9776388888895	2.3887363552203453
3461.133358974359	2.387534904187288
3461.2208333333333	2.3607459113085962
3459.4583111111106	2.357403346534674
3454.4856304347823	2.4015714957047543
3443.710688888889	2.3954135955386135
3429.2204772727273	2.361179482427126
3412.6473953488376	2.3601429629071964
3403.687209302326	2.369700390773966
3399.3790909090912	2.3932108718946967
3403.6505319148946	2.3965406304811245
3417.757326923077	2.412714003286584
3418.0667142857137	2.4034146397950025
3419.0808813559315	2.385359792833404
3416.1709166666665	2.40934465377532
3409.732258620689	2.434266750274136
3391.5174259259256	2.4288660980607473
3359.8059166666662	2.451237433772892
3351.0714545454543	2.4444147680145827
3340.074375	2.4550568205047285
3314.047027027028	2.4177059838913646
3301.84225	2.4218573396564302
3291.1519142857155	2.4336373015386576
3291.5605555555567	2.4424367877594326
3291.239837837839	2.430926125448158
3295.7597692307704	2.429682608841448
3302.8415	2.410460532150897
3305.5512045454543	2.3884196495927075
3313.7764042553185	2.3977077216786187
3318.307979591835	2.4344074266321023
3317.2929199999985	2.4311343527376463
3311.6566599999996	2.4449790811657657
3307.004639999999	2.449625558627246
3292.678833333333	2.43551197843614
3278.8729347826093	2.436145262253878
3265.553409090909	2.4113001313961955
3254.678744186047	2.4353903131088144
3247.3297804878043	2.479210729620234
3248.4104499999994	2.4829099158210104
3252.086474999999	2.4736456152664563
3260.8411052631577	2.4942462091822066
3268.7136216216213	2.5022404043793354
3277.1016666666665	2.501168963643228
3286.926599999999	2.4918642252367293
3292.783735294117	2.4712305291044423
3298.4604242424234	2.4879830843725177
3303.09206060606	2.473790368469178
3308.0357187499994	2.4945641005213424
3311.4439032258065	2.5007979125234465
3314.132225806451	2.49615831371727
3316.959233333333	2.4765350870188128
3314.1811999999995	2.370376302981916
3309.639032258064	2.3686172051567946
3307.3590312499996	2.4060265860645833
3304.152424242424	2.3853254988706336
3301.0934999999986	2.378555391590503
3297.1814848484837	2.3679672556051807
3292.468718749999	2.3304722681420698
3288.225812499999	2.3239866933916997
3281.311818181817	2.30201589706214
3275.0192647058816	2.305917321381203
3266.756388888888	2.2807418133304473
3260.9560263157887	2.289721718841975
3252.321974999999	2.2162986310647037
3241.249349999999	2.184724494168413
3231.9074878048773	2.196073559770775
3220.3004634146337	2.160817992483522
3210.1793414634135	2.171514248957528
3202.9531951219506	2.2138092617715337
3194.978666666666	2.202235557765842
3183.8097441860455	2.108038443478089
3174.4356136363626	2.1428849417484965
3165.6635652173895	2.13728211285975
3156.3094893617003	2.115096825678932
3147.4926382978715	2.141421602448152
3140.460680851064	2.2057997439695627
3127.6983478260872	2.169247260954796
3113.145977777778	2.1692840081118328
3096.9808837209307	2.197616296146311
3080.641380952381	2.191704311009044
3059.7045609756096	2.15029216394229
3052.1916428571426	2.1346818754706147
3037.08669047619	2.141929721871832
3030.0864418604647	2.1304376412611465
3031.7787333333326	2.1349673022163262
3031.305638297873	2.1047088516706607
3024.389604166667	2.106997482032759
3019.4455918367353	2.1585613595492186
3007.29081632653	2.138612780451813
2985.767395833334	2.1441513351704033
2963.1377446808506	2.134146060036328
2930.8055111111107	2.1052001645675635
2927.541543478261	2.157822052814159
2924.4815106382976	2.1597596975425715
2921.023458333333	2.144096020786004
2926.3620399999995	2.1435106612811206
2939.2509999999997	2.130345106273934
2951.5923928571433	2.1182381728073185
2953.250672413793	2.0406300687805357
2960.477885245902	2.0226487722062005
2960.0306349206353	1.9996575548513251
2946.814714285715	2.004692662441643
2933.5931904761906	1.9913758935247663
2927.8011406250002	2.022684789191303
2915.1221093750005	2.033657754108276
2894.1467460317463	2.0308574771061583
2882.403174603175	2.075193427679268
2855.5774754098366	2.0933477067560258
2815.1463793103453	2.067477517867932
2791.886125	2.0793473046867517
2760.041358490565	2.0546660557692737
2738.696823529411	2.058890978676417
2732.089431372549	2.095332907156741
2722.8962799999995	2.127763553039288
2718.3087142857144	2.131013778257719
2715.821583333334	2.1496876879709634
2709.144777777778	2.156205971235007
2704.5741428571423	2.1661190151876784
2701.4622195121947	2.157761044113507
2697.83485	2.195111342178734
2699.331897435897	2.2017382047776564
2702.1862307692304	2.1976113637881145
2705.84397368421	2.219956719572633
2710.6213783783787	2.1964334767406672
2712.1463611111108	2.2013177488627003
2714.700888888888	2.189613848192343
2719.656914285714	2.211223825198722
2721.819117647058	2.220761985049956
2723.9997941176466	2.181464181056471
2726.726647058823	2.1896184715043767
2729.0825	2.1741341072983813
2733.1639705882353	2.192217033394329
2738.561657142857	2.222890111612888
2744.220805555555	2.2337057785950227
2753.8136666666664	2.2311358781751
2764.7115833333332	2.2407933563358333
2781.9364	2.2104623947821875
2799.659205882353	2.2093771311232255
2809.4047941176473	2.2177576764112277
2817.2607352941177	2.1811740575996117
2818.1988	2.184993708715809
2812.741756756757	2.189560468504215
2815.4330263157894	2.21557291883605
2824.0453157894735	2.2102117699392165
2830.2805263157898	2.201484671958698
2842.1957297297295	2.2187224023534133
2862.948314285714	2.218248431979216
2882.0526562499995	2.2474873794956807
2890.472967741935	2.2518055281795264
2898.213965517241	2.250721790028316
2900.200655172414	2.2217932447344335
2900.7275172413797	2.225088349625996
2904.0498620689664	2.2409701476352586
2906.0818333333345	2.2424552371005664
2907.3071666666674	2.2149581392143167
2907.539166666668	2.1855521187784803
2906.049806451614	2.1875104654911595
2904.292875000001	2.1804879687631815
2901.3434411764715	2.185201434476518
2899.8138108108114	2.2107110045568037
2899.0034750000004	2.1978520961908785
2897.1314186046516	2.1946432604895225
2895.7322000000004	2.2272237791939937
2902.107590909091	2.28544413803459
2908.607904761905	2.3329598685595703
2919.0822105263164	2.354335786462175
2937.2304705882357	2.378398974704653
2949.950896551725	2.3823191119652223
2977.291038461539	2.443588526770046
3003.7782173913047	2.430899970531454
3022.9261363636356	2.4720462895139903
3047.325095238095	2.484625009177805
3073.6819499999997	2.4715396656848885
3088.204476190476	2.473926447633915
3112.779333333333	2.5345353420319787
3128.8386363636355	2.5257059653646037
3151.142181818181	2.4889559279869413
3175.6832272727265	2.484909377682918
3184.5658260869563	2.4732756884144815
3227.582363636364	2.534506585739241
3255.1121363636366	2.5280356301980365
3278.5354090909095	2.4998963449218454
3305.789863636364	2.53951024703759
3335.152863636364	2.5660472081887904
3378.1962857142867	2.5843415709191038
3396.8181428571434	2.5681650855591966
3412.360285714287	2.5518365826703233
3426.2840000000006	2.5590065662451336
3429.5074761904766	2.4154695751181623
3428.8984285714287	2.430665649951532
3422.3926190476186	2.335029191827796
3409.451285714286	2.2918577899199337
3397.565409090909	2.320871165752253
3388.0558695652176	2.3412161577544137
3378.916	2.336692519480351
3366.1568888888896	2.294091689918637
3358.3090344827597	2.3353967908504507
3353.8148666666675	2.3661402619339986
3349.3872000000006	2.3472178606695446
3344.2472903225816	2.3440595067509715
3338.7900322580654	2.308972147491628
3331.059387096775	2.308355573791372
3325.5593750000007	2.3209678861404552
3320.486545454546	2.3230359931914295
3315.9301764705892	2.3279601277391384
3314.1567297297306	2.3509816900860825
3310.855487179488	2.3321744157654583
3306.168250000001	2.3000965792305816
3300.782071428573	2.3256599233763717
3299.8583255813965	2.3912307871360494
3300.2752142857144	2.3968158461195257
3297.009	2.382392847417468
3290.9117500000007	2.371179158084936
3277.2713421052626	2.3678878493849336
3271.344631578947	2.3368103276323504
3264.4035135135136	2.3837035720241255
3263.115342105263	2.3611921464566574
3255.6314473684206	2.343450689314547
3253.2551282051277	2.3264991561401116
3243.9366153846154	2.2846763161439836
3238.9614749999996	2.248455707859495
3240.081428571428	2.2596549227318956
3241.3752954545457	2.2611746128449512
3241.9295	2.3036425844119788
3244.086062499999	2.3442965146904875
3239.4604375000004	2.335040450881659
3229.8035319148935	2.3244618971529483
3213.4091777777785	2.329099605399573
3188.7972558139536	2.2904583012082944
3172.2409047619053	2.3015490301782777
3171.5454651162795	2.313089632776519
3170.8577045454554	2.31241224143696
3183.376319148936	2.2797350560711274
3193.3111400000007	2.2020111257561936
3200.839773584906	2.2042122586838953
3201.9945454545455	2.248691441910247
3197.400232142857	2.1824617471289933
3189.598714285715	2.2081124652245956
3180.2009821428574	2.1887978122860274
3169.805553571429	2.1785110343798113
3159.624571428572	2.2048458273655998
3150.740857142857	2.236643920992596
3148.7407543859645	2.2434569166362053
3141.326666666666	2.2697890680660096
3133.735578947368	2.2703210592168053
3126.0205535714276	2.2463026081706396
3125.233999999999	2.2881427799993213
3122.8316415094337	2.2992719089013907
3121.990529411765	2.364249400192012
3119.706744680852	2.363423394600737
3117.5681627906974	2.3815916287715777
3109.0295499999997	2.380091125004152
3096.475361111111	2.3601351689493186
3096.4632352941176	2.3872200340284344
3101.1080909090906	2.3318355558191635
3104.4609393939395	2.3384338199939134
3106.3601515151513	2.347986863895732
3109.044176470588	2.3519517464306117
3110.5111470588236	2.3766335580892965
3114.6363428571426	2.3845667840851883
3118.2102777777777	2.3786708932301748
3119.48961111111	2.366048384696973
3122.573583333333	2.3912701121799573
3127.7813714285708	2.4241496406143317
3133.6042941176456	2.4257229968486094
3139.415294117646	2.4265774890845404
3150.126272727272	2.396825779154622
3158.299848484847	2.377643569493894
3164.907999999999	2.3867691477939066
3172.763999999999	2.352344336263116
3180.7863939393933	2.3782405313135144
3188.14603030303	2.3484125920392773
3188.9559999999997	2.359315786147893
3196.8517647058825	2.3543427278317783
3197.5977428571427	2.36364778103465
3199.4679722222227	2.3852493998944633
3193.9700526315787	2.3783438982964995
3196.547333333333	2.4005400027148838
3198.8979249999998	2.3985895039076315
3212.7387435897435	2.3819162322043006
3227.383297297298	2.3809996588861715
3240.4021428571436	2.364223723886525
3245.4913235294125	2.393273854627261
3248.238264705883	2.4158089080590788
3249.5053055555563	2.423682539714426
3252.312135135136	2.4407024016927257
3254.446736842106	2.4306080017204286
3257.3177894736846	2.4272770441407774
3260.5678947368424	2.4503966089058773
3264.793432432432	2.441046074521503
3267.524135135135	2.444221399022203
3272.817648648648	2.444549193977233
3276.0898108108104	2.407538790606484
3278.9228648648646	2.4075474821383915
3282.1593513513512	2.420170922162339
3282.6273157894734	2.4100641820450894
3282.890868421052	2.384373737861753
3282.261052631578	2.374917045890949
3280.3954615384605	2.3640069184933115
3276.880292682927	2.339666659862182
3274.0552093023252	2.355547286550489
3269.2186521739127	2.3650180571938204
3264.3297499999994	2.32310309721939
3259.5504600000004	2.3216743533857604
3256.8620576923076	2.3193202795944194
3254.4638867924523	2.3236552057791937
3252.589018518518	2.3341830624997106
3250.6343999999995	2.330635172600868
3247.7924909090907	2.311341939214299
3247.1473090909085	2.323218677985383
3245.796781818181	2.3109869431693477
3245.301833333332	2.317997006723827
3243.4466481481472	2.3302136439464105
3240.960462962961	2.320512392828885
3238.706722222221	2.321067893437777
3234.784418181817	2.2697731133288457
3231.060107142856	2.2715190037843254
3226.8369999999986	2.2528925217249656
3222.5679298245595	2.2467207773409874
3217.175684210524	2.2389290579644974
3212.646896551722	2.2344028182650817
3209.069084745761	2.258960191685208
3205.654149999998	2.2603801356436453
3201.5566229508177	2.235198778422649
3199.237603174601	2.2512131293559916
3196.1911093749977	2.260598117757283
3192.097140624998	2.262941328353194
3183.71649206349	2.233440564822004
3177.7335396825383	2.238727450913426
3172.496857142856	2.2327525928140144
3166.9445967741926	2.255310940079646
3163.060048387096	2.2395172752261545
3159.163507936507	2.2158601263803033
3153.5121111111107	2.2026799965166743
3149.1587343749998	2.193748998421453
3145.4651076923074	2.211603127317115
3143.462820895522	2.211404719619935
3141.64636231884	2.237002058838578
3137.484014705882	2.2734273866051202
3131.4238153846154	2.278182142125652
3118.4419836065576	2.280969598182537
3097.931946428572	2.2623430520085863
3067.1393529411757	2.2821791821924267
3052.3452040816323	2.28479901612115
3044.5287291666664	2.317375060447505
3038.7109787234035	2.317684041944742
3034.31802173913	2.3138050371625565
3029.7810888888885	2.308466450289995
3024.931627906976	2.3119173444889727
3021.118095238095	2.3138024720028603
3020.053857142857	2.2885457431729597
3022.058348837209	2.3108214749456164
3024.1875909090904	2.3151700135980127
3024.2056818181813	2.3211590204366637
3024.708795454545	2.3184044518823717
3021.5559302325582	2.306117572358053
3020.8798372093015	2.304591787885942
3019.4273488372087	2.2900763939974658
3020.530931818181	2.2941316122302373
3021.592304347825	2.24935002142539
3022.7427291666663	2.2544326109515493
3024.6216399999994	2.2663098086268687
3025.5406153846147	2.256260105246569
3022.7723653846147	2.2515823285555046
3023.665037037036	2.25463063974811
3023.834964285714	2.2433672680254615
3022.6250526315785	2.242620179743963
3023.3564406779656	2.245560822166009
3022.574590163934	2.212254919227858
3015.687516666666	2.15739767768047
3006.6132931034476	2.1597304318657486
2998.477327272726	2.1735406547314646
2998.012288461538	2.1933781789646396
2996.249145833333	2.1979527914586687
2995.986282608695	2.22077715054077
2994.839173913043	2.2099586229273456
2992.501217391304	2.203817543427894
2989.2264374999995	2.1761524085553896
2984.8176199999994	2.161966391901122
2979.8582830188675	2.146020045673177
2978.1185087719296	2.1692182413357353
2974.8894237288137	2.1633883352932246
2974.20468852459	2.213687757715329
2972.5168688524586	2.2123382239455327
2970.5713999999994	2.186468264605713
2967.1713559322025	2.1805944617276305
2965.714333333333	2.1829847616050606
2963.452620689655	2.1764678779255036
2960.574233333333	2.1624045831986325
2957.0173333333328	2.1348168769037117
2955.4465147058827	2.125437568330289
2954.3012222222214	2.1559677638083135
2952.602960526315	2.1434629147238704
2951.8749746835433	2.1407782472112675
2951.1111358024687	2.1239973273301054
2946.3149876543202	2.13105636031207
2943.6654268292677	2.128892352675538
2941.1391807228906	2.1316414427633044
2938.0216904761896	2.1018006604248
2935.1019647058815	2.1076304812235165
2932.137623529411	2.1520258770275027
2926.7763734939754	2.105464309548196
2920.854675	2.096660849926263
2912.7952105263157	2.0647211116142303
2905.8858194444438	2.079502475774621
2902.2606142857144	2.0666633040676077
2897.8370140845072	2.0561342416862445
2893.655506849315	2.0529701777199785
2889.3320129870126	2.041559465376811
2887.3404624999994	2.0392212605365216
2884.3456172839497	2.0911589784543154
2879.223975	2.101189726098815
2875.7316538461537	2.096307119117011
2864.2882328767123	2.1037234785521495
2845.6053188405795	2.0684182013108807
2829.929447761194	2.0641672038646948
2821.083567164179	2.0346327302666585
2816.477588235294	2.028712459819172
2817.2907285714286	2.0613400272806177
2818.6799861111112	2.0844848157168636
2804.5330999999996	2.096966919843571
2788.586970588235	2.0997934950747927
2764.0080468749998	2.124255459180613
2740.9307288135587	2.1178359047356548
2723.1737222222228	2.118959135973139
2715.910807692308	2.1402581379966343
2700.588916666667	2.1412318218206594
2695.287130434783	2.150504131176035
2686.9867333333345	2.137558919633856
2680.626454545455	2.133587241340021
2678.464590909092	2.144988887414592
2678.934000000001	2.1204159701086747
2686.1572500000007	2.1183147403736693
2690.771040000001	2.1445061589392176
2695.8547692307698	2.14196525667205
2695.3691320754724	2.106744344049745
2690.8559433962273	2.102980478740313
2686.2085094339627	2.0767719146246977
2684.791444444445	2.0786034212097713
2683.4220545454555	2.0785363931159995
2692.035355932204	2.064385378634248
2697.4292343750003	2.0671717446671574
2706.3938405797107	2.0566583034185792
2711.8796621621627	2.0585768381215868
2714.012701298702	2.0782872073872967
2711.5448461538463	2.0297879421000316
2705.1921973684216	2.0644707864275618
2691.250625	2.0498524172873402
2678.892779411765	2.026848478117909
2664.818030769231	2.023647699754158
2662.748484848485	2.0313039693227317
2670.346614285714	2.0292683521930757
2675.25592	2.0154894817907913
2687.803731707317	1.998998757565005
2694.2700795454543	1.963273668993344
2696.7527472527477	1.9476300447902772
2695.9463333333338	1.9113098794908276
2686.7286304347826	1.942983637565205
2672.2586250000004	1.9393487562317449
2662.435151162791	1.9346788962223338
2647.865060240964	1.9103674765652308
2636.2208125000006	1.911829277988427
2623.063615384616	1.9232926965837698
2619.426126582279	1.9099538780450982
2612.632392405064	1.8899236209362509
2611.6990987654326	1.8916306236194227
2614.4406309523815	1.8939127312299946
2616.9265287356325	1.9164873928242137
2615.644539325843	1.885707885147947
2611.874988888889	1.8710723282218023
2605.9816333333333	1.8804248409787674
2591.253321839081	1.9315800909175591
2574.2971097560976	1.9832664590476812
2559.210896103897	1.9766551458843993
2544.4261971830992	1.976483387695501
2534.5961562500006	1.9533398175050118
2525.7208000000005	1.9257716127291176
2524.0559830508478	1.9910283590863402
2520.6113050847457	1.9692876382994355
2517.5044915254243	1.9955219165051545
2519.4836557377052	2.015842499057649
2516.3536229508204	1.9912915775590156
2515.5134032258075	1.993348621419209
2518.8571363636374	1.9762980809613333
2518.249536231885	2.0041465454193466
2518.991394366198	2.013847102709837
2519.7934246575355	2.013054568751298
2517.954315068494	1.9870137429170687
2516.4391714285725	2.0266098363881024
2505.168090909092	2.02721935061106
2486.9435322580653	2.0297408640960604
2467.212603448277	2.029017849648174
2453.4023636363636	2.0243384216459823
2446.8596981132077	2.037623669906049
2443.4759615384614	2.03118547055618
2439.5283529411763	2.0317386647282794
2439.9045490196077	2.033545459436614
2439.4896470588233	2.044065418169328
2440.2771960784307	2.060966796453723
2440.4533399999996	2.065253880038678
2439.8748749999995	2.0853940436263096
2447.3928666666666	2.089573467447981
2459.6291428571426	2.0924714226782313
2472.5592749999996	2.076943025397181
2485.1987948717947	2.076555612324051
2494.6493846153844	2.102237733966015
2498.8505999999998	2.092807111996465
2497.296119047619	2.069947553021664
2495.394772727272	2.0600707752036596
2502.8462045454544	2.0781593179086633
2506.4341111111107	2.093896012180059
2517.8825909090906	2.0885012456295247
2526.571681818182	2.103225688989989
2543.778666666666	2.055585097905972
2549.787634146342	2.0433442623563223
2563.83617948718	2.0672104619570075
2572.0219473684215	2.0713199034566956
2580.2256388888895	2.042757046046574
2580.430162162163	2.0448927626265374
2577.4457179487185	2.042388175502098
2572.518071428572	2.023088995127873
2566.310911111112	2.024526784465235
2552.838880000001	2.0199730665606763
2545.9011886792455	1.9799484517979915
2534.694125000001	1.9623705133381144
2526.1400847457635	1.9689533304376365
2525.918283333334	2.0011397251504603
2525.8184754098365	2.0050715521471574
2528.267721311476	1.9914288010464012
2528.1309516129036	2.0051480842726845
2531.700032258065	2.005335575686844
2536.442790322581	2.029465187669029
2541.117838709677	2.034314256407054
2547.8637166666667	2.03131971574993
2555.836275862069	2.0160302617709847
2563.3306545454548	2.043800482414266
2570.288075471699	2.0417312241758516
2574.2265192307696	2.058720690924964
2579.5061000000005	2.0473248563135913
2581.986040816326	2.046730343341009
2585.9491702127652	2.058404731291372
2589.0856086956514	2.061480000224999
2591.4422727272727	2.0585974626890264
2593.1975227272724	2.090195063501774
2594.186181818182	2.0946647377830434
2595.5340454545453	2.108120381602673
2598.250577777778	2.109334269499019
2599.287311111111	2.103990030268012
2599.8066666666664	2.0759888229768997
2600.337088888889	2.0758776134285037
2601.132304347826	2.0648951711636245
2601.438723404255	2.05332233643592
2602.415081632653	2.0543745365482446
2602.4927254901963	2.027579199495053
2603.8402641509438	2.052287061394075
2604.256054545455	2.027225415057919
2603.952035714286	2.035582264142686
2605.118206896552	2.0609174257428666
2604.5811724137934	2.0542601021871714
2604.4231864406784	2.0407251814019163
2603.0084406779665	2.02684616362162
2602.1987118644074	2.0529926080548564
2601.949827586207	2.075735104783109
2599.851142857143	2.0696942246448504
2599.725636363635	2.0625116678749906
2596.568509433961	2.0632024625039884
2595.8943269230763	2.0110885352508037
2595.195226415094	2.010975929624033
2594.4953333333333	2.009977467814451
2593.401392857143	1.9992705156827213
2593.9150169491522	1.9867044620815197
2596.091206349207	2.0106375747301253
2595.7269848484852	1.9979080243648928
2595.501746268657	2.0264374510155627
2594.9858529411767	2.012208217743426
2594.0751492537324	2.017604572224802
2592.184151515152	2.026894613996912
2589.0967812500003	2.010990923819378
2588.5821718750008	2.006772521144149
2587.4068307692314	1.9782998043090982
2585.4236666666675	1.9390861537460033
2583.506220588236	1.9379735423789113
2581.867485714286	1.932550040729038
2581.0767500000006	1.917439190944444
2579.440246575343	1.9427444497026403
2577.896972972974	1.9453169269406616
2574.6153150684936	1.9477886278311098
2571.447295774649	1.9451263026717303
2569.012714285715	1.9207953526784063
2568.122865671642	1.9475363021431091
2570.8822615384615	1.907445386814266
2570.021734375	1.9008475597460253
2569.7147460317456	1.9142372695400207
2568.5602903225804	1.9309891909313792
2566.4664032258065	1.9320344947884138
2563.6549032258067	1.8959671798735818
2561.595516129032	1.9062406654572404
2558.602403225806	1.906351671523248
2556.470968253968	1.9126915729973288
2553.334444444444	1.8963833083941617
2551.1008769230766	1.8755541297871643
2548.4477121212117	1.882256621931003
2546.4344117647056	1.8709293192671055
2544.4640138888885	1.8619648282716728
2541.8798533333334	1.8631353264151476
2538.3553333333334	1.8536574935196364
2535.55585	1.8516260082403866
2532.1789156626514	1.8699857062945422
2529.830142857144	1.8530544010866261
2527.7584588235304	1.8665130882063634
2527.111297619048	1.8892540423067024
2525.9933902439025	1.891595259877278
2522.2358974358976	1.892268109278961
2515.0323378378384	1.9079013855894351
2500.545304347827	1.899397492630389
2484.784892307693	1.869149178068323
2477.150460317461	1.8724002164126634
2471.0350967741942	1.8563475772465683
2468.632476190477	1.8488152555167796
2470.0793939393943	1.8449244591552585
2473.351185714286	1.8375548744947965
2478.377445945947	1.8451306693240352
2482.109233766235	1.8336902586229962
2479.802692307693	1.8384594862052215
2474.1347307692317	1.8194076105031984
2460.666026666667	1.7852938389263597
2451.7918904109592	1.7926468351159022
2444.551444444445	1.7756977767939208
2439.3311527777787	1.7732369261228018
2436.119328767124	1.7685776479107582
2435.3641466666672	1.7854878472924849
2432.325236842106	1.7682763915389939
2427.2284473684217	1.7650333710338715
2426.5950769230776	1.7779514632721691
2413.4000945945954	1.8493946352777122
2394.0058840579713	1.8562300269514587
2378.392140625	1.8468298253405047
2358.230728813559	1.8520818273626198
2343.597773584905	1.8383198612643894
2336.513999999999	1.8492522529357491
2332.319705882352	1.8130068188817308
2330.4527692307684	1.7980602767273641
2335.672910714285	1.805109590519927
2339.8200833333326	1.773045948275278
2342.439171875	1.7750627016000053
2350.8921449275363	1.785594290174245
2357.964369863014	1.7817196145896468
2361.014526315789	1.7634096570664834
2364.1951265822786	1.811896886294294
2363.3065125000003	1.8419332701703546
2360.128075	1.8252270754260542
2351.9400512820516	1.861584202247153
2340.095106666667	1.8644712900684064
2329.3836901408445	1.8488299195893847
2323.7419420289852	1.850293863975983
2317.448373134328	1.8432914699451721
2314.8446119402984	1.8457034552902771
2316.9276231884055	1.8476338063465165
2317.2011857142857	1.8732346573219747
2318.9850416666663	1.8706329948596954
2319.2947260273972	1.8772643731080239
2317.6742739726024	1.8558702244565426
2315.4162602739725	1.8527673455451883
2313.7067123287666	1.8407846760594104
2309.9474861111107	1.8093683056552479
2308.932506849315	1.8016367609956188
2309.567026666666	1.804572731793565
2310.1175714285714	1.8154207908036482
2311.3034556962025	1.8466662258084312
2313.2390246913583	1.8531281917309097
2311.1311975308645	1.8495938062456971
2308.3886374999997	1.8425928980699757
2301.7334935064937	1.839198481361743
2298.030894736843	1.8086817797550148
2295.6177631578958	1.8054469126077428
2295.0493246753254	1.8133839715325035
2297.123687500001	1.7848195502238806
2300.6853571428564	1.7925724071762297
2302.5970804597696	1.7712028384485177
2303.621422222222	1.759336477903633
2305.4182473118276	1.757715944889332
2307.3168541666664	1.7504032067851756
2307.781142857142	1.772185338658015
2308.0170999999996	1.7596177008494363
2306.875108910891	1.77060502169311
2305.5880882352935	1.7582353698006503
2302.5393235294114	1.740148130321602
2299.244450980392	1.7245875383577758
2295.783225490196	1.7148228595530524
2292.5944215686272	1.732231958292491
2287.6286831683165	1.7099022205812617
2283.5922799999994	1.7263235800100747
2273.8258210526315	1.781748411122961
2265.1255730337084	1.778662236045177
2253.715666666667	1.806557910752702
2244.3490273972616	1.8222712639245753
2245.9640000000013	1.8141991905649042
2243.967114754099	1.82021240700817
2240.2043103448277	1.804013192844961
2243.0408749999997	1.8771583415659139
2247.264	1.8841840683449183
2250.6371320754715	1.8851302586814525
2250.422745098039	1.8872871937540983
2248.5487083333333	1.8971229400850789
2249.007978723404	1.888999288278356
2248.174891304348	1.8948949080256918
2250.496695652174	1.9376782187706478
2253.660652173913	1.943579571250484
2256.634891304348	1.9353216491695577
2261.024622222222	1.957916431122413
2268.0300909090906	1.9852511273669675
2272.8155952380953	1.9862095665820316
2278.389523809524	1.9936077461128485
2283.853146341464	1.9860855615198822
2290.7	1.9866651304806944
2297.764512195122	1.9898250073379482
2303.4079756097562	1.9563483531185912
2314.5475500000002	2.0232213572655917
2328.381923076923	2.03606570102414
2343.266342105263	2.022806286835881
2357.417216216216	2.0056060164461194
2373.655583333333	2.0358198530848126
2393.7914285714287	2.046773722633576
2399.4332777777777	2.036884914439559
2405.0555135135137	2.0443712565498044
2417.6792702702705	2.0269113349598817
2421.7317631578953	2.0190877665702476
2427.6325641025646	2.075839077175565
2433.8384	2.0928379614370973
2447.56465	2.100909389609077
2453.4016585365853	2.0997994029304827
2477.311725	2.1351491703082193
2490.815475	2.138126841029596
2511.639358974359	2.1529570152661055
2524.5828974358974	2.1558892336159494
2537.438538461538	2.1459995691408746
2543.2956999999997	2.153400862396625
2548.031682926829	2.1321533161455277
2544.497790697674	2.099963554068284
2548.091818181818	2.1105796104650283
2556.0929318181816	2.053399394847704
2556.993177777778	2.044770423670643
2564.4863555555557	2.049997705484964
2576.6132045454547	2.026817223307524
2581.7945	2.0436795111279378
2583.828555555556	2.092582477347712
2590.511133333333	2.089827561739301
2599.154340909091	2.0133644320762643
2610.055325581395	2.06129937701593
2622.731048780488	2.0783561552789958
2631.385692307693	2.056688851885959
2639.014270270271	2.047846696330251
2637.786842105264	2.0375908187564287
2635.6798717948727	2.011664704233885
2630.368951219513	1.9918282594568386
2623.652613636364	1.996635633863439
2614.7499583333342	2.0001980385637275
2609.1017000000006	1.976670894190897
2604.573096153847	1.9909506318416197
2604.678773584906	2.0446060252331346
2610.783653846155	2.0476730384989263
2613.442480769231	2.0497984120634056
2616.955784313726	2.046546846349993
2619.5696000000007	2.0225993195862606
2622.5574489795927	2.0279769601387274
2620.0923400000006	1.9749223519814891
2620.3294000000005	1.972637381864395
2617.8364117647066	1.9716373429960807
2615.308615384616	1.9679269579338716
2612.822547169812	1.9664025572783275
2607.9113454545463	1.960229633472564
2605.7956071428575	1.9697540663709876
2603.6818070175445	1.9675233272775814
2600.3103050847467	1.9634606167087312
2596.8286229508203	1.954789761677582
2594.2478064516135	1.9408475560853127
2591.0669687500003	1.9517946220959308
2587.270940298508	1.9513236874128104
2585.470647058824	1.9544354303272153
2585.6091470588235	1.9874615607632204
2586.429507462687	1.9860167207473092
2587.85309375	1.9472771126366983
2586.4355666666665	1.9693750806925463
2581.2272181818184	1.954119898662813
2568.2280384615387	1.944411940765924
2557.8427058823527	1.9455845847564515
2552.608235294117	1.966207571338571
2552.096211538461	1.9819836569673805
2551.678132075471	1.9839269188319941
2551.513685185185	1.9901008956453965
2543.40258490566	1.9830368660455706
2537.556384615384	1.9892973204834563
2533.431739999999	1.9845783641019297
2530.6663877551014	1.966859898360993
2524.3211458333326	1.9733792947334508
2524.466854166666	1.9951952892190477
2523.826041666666	2.01394930989927
2520.92714893617	2.022355794423299
2518.744777777777	2.0249124551345297
2520.4148571428564	2.026488052579575
2517.2503499999993	2.0098362092621094
2512.652289473684	2.016731916871228
2513.4470810810817	2.0179170031322093
2517.481567567568	2.03925224505662
2520.773131578948	2.0384623772584285
2523.684666666667	2.0346129111274225
2526.5882307692314	2.0214235826456997
2528.4891000000007	2.019681167787242
2529.3958536585374	1.9996554712931514
2530.137357142858	1.9969202262983643
2530.0840465116285	1.9792102520120913
2528.2435777777787	1.9587530668491708
2524.2767291666673	1.9192520235390198
2523.3116800000003	1.9272253482313042
2522.0090961538463	1.921215264172198
2520.060716981132	1.9282828674396861
2517.8515370370374	1.919901354371045
2514.280890909091	1.8827135250366256
2509.5962363636363	1.8808656960989827
2502.0995090909096	1.8122567711000186
2496.0464629629632	1.809602343915235
2490.224634615385	1.8110185490792188
2484.1075600000013	1.8075312160770047
2480.204659574469	1.8263423744082723
2473.9063333333343	1.833752567370993
2467.4460909090917	1.8381212664842659
2460.815386363636	1.8291561159495124
2455.5079111111113	1.838239371335086
2450.5370652173915	1.8407205766125128
2444.432425531915	1.809348918096484
2437.938680851064	1.8089369806273998
2433.4829791666666	1.8395175731533555
2430.9701041666663	1.890592329520165
2427.3395625	1.865143700101781
2421.2915106382975	1.881073621043687
2411.5115333333333	1.8863789160517563
2400.835186046512	1.8690346086938194
2390.9906428571426	1.8504495315466298
2375.8641463414638	1.8232436598020776
2365.7991707317074	1.829125616760385
2357.209195121952	1.8608297118250796
2354.6363809523814	1.8525914035683835
2340.3008292682925	1.8469509724038593
2331.1403658536587	1.8402134348749768
2319.716243902439	1.8163938739847911
2316.613190476191	1.8231244194068448
2313.7389534883723	1.8249907947449668
2319.5666222222226	1.8510711726503963
2323.986127659575	1.8522126863309936
2323.0349375	1.8701858333005792
2316.6610625000003	1.8790676996343065
2301.987957446809	1.871600954339792
2280.596533333334	1.869430056191431
2267.8783863636368	1.8748009921665958
2258.777627906977	1.9133862244055369
2254.04280952381	1.9170524799296165
2252.739023809524	1.9122455694977578
2250.4254761904763	1.8988982344056082
2246.3361707317076	1.8904617979260794
2246.678512195122	1.9038289143331433
2250.123756097561	1.8946450299526258
2253.615658536585	1.892468772654633
2254.8136666666664	1.8898445978493363
2255.560534883721	1.8801397137585898
2259.451674418604	1.9081095496281961
2261.30234090909	1.911175880077446
2266.60430232558	1.9038671859827474
2270.1665476190474	1.898324946112253
2275.206225	1.8958476162022442
2282.1103846153846	1.8995844102310335
2284.3698421052627	1.9192215556391834
2285.786027027026	1.9167731577034994
2286.4316216216207	1.9109592600342973
2288.3092631578943	1.9201729224495572
2292.461184210526	1.9675333908179784
2301.421972972973	1.9871651708375895
2310.2074444444443	1.99233337305109
2322.4729705882355	2.008145852506965
2340.4563749999998	1.996261124181092
2350.979580645161	1.9895414828273426
2355.785806451613	1.9567709601475962
2355.763606060606	1.9601361175120968
2359.190794117647	1.9857199401022103
2358.4343055555555	1.9675081414809532
2360.342297297297	1.9579988156266754
2360.976526315789	1.932888531658114
2364.8635789473683	1.9388773213712662
2368.3032631578944	1.946862459217781
2372.2024736842104	1.9654037363175423
2374.2891538461536	1.97209447466444
2375.6648499999997	1.9584504936870348
2380.361975	1.9806126251220024
2387.8007435897434	1.9829371483721687
2391.5758947368417	1.9801500640072875
2397.9570833333332	1.954160137823647
2405.508852941177	1.949000689231395
2409.1006764705885	1.95724790760698
2414.5240000000003	1.9865067579934566
2415.4202000000005	1.9701196798241305
2415.5055	1.9524613439027
2415.1002432432433	1.940884916616416
2415.9905945945943	1.9202876437179326
2414.673842105263	1.9186378994914182
2413.5809999999997	1.9221473385665195
2411.5303902439023	1.942299869773763
2410.6300952380952	1.9231871142081147
2407.2352954545454	1.9296160165963498
2406.640155555556	1.9271054858650962
2401.9811874999996	1.9290345917925213
2400.9931632653056	1.911938163713796
2396.790615384615	1.904596897323019
2395.114283018868	1.886134698168045
2392.019818181818	1.890691496436276
2391.090892857143	1.9025641866278757
2388.116931034483	1.8772114967036382
2386.6997118644067	1.885299693840489
2388.6258103448276	1.9080086382174888
2393.1556428571425	1.9463611156018779
2399.2739811320753	1.9382233804996787
2407.1683265306124	1.9445001700297744
2407.105204545455	1.9362061359017322
2400.2078536585364	1.9304722341137757
2397.3088250000005	1.9260369673847975
2397.0675365853663	1.92551591308759
2396.350365853659	1.9386261387994494
2397.3784523809527	1.9507645665778752
2398.345093023256	1.9505457703344997
2398.4322380952385	1.9408933543387124
2399.3397560975613	1.9525242042012758
2398.0347179487176	1.9681825471252647
2396.0658157894736	1.9649018205735458
2394.9702702702702	1.9572961895295755
2396.4413684210526	1.9566778092089019
2398.486625	1.957922538906424
2400.4701190476194	1.9384349909056344
2402.3250454545455	1.9371740600160883
2404.3992765957446	1.9353222818665579
2403.6393541666666	1.91358606215337
2403.69296	1.9071367874957201
2403.532403846154	1.9076628271986071
2402.317259259259	1.8937476094267112
2399.9685535714284	1.8632575230514186
2397.7117931034486	1.8669434796257725
2396.4093666666668	1.8690427356492316
2395.7025322580644	1.8785781255270884
2392.822677419355	1.8562455164008016
2390.7976451612903	1.8777554690005456
2389.3360327868854	1.8755413802656324
2387.1446	1.8927886197555157
2382.7456206896554	1.8883081397166286
2378.069578947369	1.8708014950303644
2373.2336	1.8415110415442764
2368.9914	1.8412010178347429
2364.2973333333334	1.843191602150029
2360.8529622641513	1.833532774656363
2357.813283018868	1.8250191490426042
2354.7737592592594	1.8195649811688765
2351.8254814814823	1.8290867358910246
2349.2275818181824	1.8272197098254357
2346.7743035714293	1.8287132493078162
2343.8219122807027	1.812308649565408
2340.7558965517246	1.8050770249827561
2336.9617413793108	1.8175936458107893
2334.721706896552	1.8504740431749813
2330.295803571429	1.8435848442776217
2328.5218148148156	1.8516594028785014
2327.5998235294123	1.834374315731563
2318.9749166666675	1.836711106679731
2311.7825434782612	1.8407062817400208
2305.3900000000003	1.8281913290003282
2303.370282608696	1.8332325148211983
2299.6312391304355	1.8606224789990307
2296.2968478260873	1.8696327192032853
2286.0044090909087	1.8725148987371765
2273.6283809523807	1.8667709273324729
2259.10841025641	1.874784825681678
2250.081666666667	1.8828240474793443
2248.0704705882354	1.8683859226748418
2247.654787878788	1.8814600573279536
2247.168666666667	1.8709860225042259
2246.1030909090905	1.8595578333682659
2242.602575757576	1.8349029761027165
2237.6307878787875	1.8068648795328177
2233.77096969697	1.809653777860511
2231.427941176471	1.8050988319237826
2229.6730588235296	1.8175023097915297
2228.272147058824	1.823221713261932
2227.015028571429	1.8202553928991603
2225.263944444445	1.810239617687214
2223.868540540541	1.8150947325811346
2222.4077368421054	1.8120554788596772
2219.2123333333334	1.7708489810672832
2216.44855	1.7764147795044962
2214.525642857143	1.7792450270160152
2212.8002325581397	1.7947231656665457
2210.755590909091	1.7844592672148925
2211.6106382978724	1.7964044805865291
2210.079854166667	1.793558746080362
2208.259244897959	1.7834327117419861
2205.8334	1.7635037801185671
2202.4704489795918	1.8058645109323672
2199.9036808510637	1.8163687630376255
2199.377891304348	1.8151672711110383
2198.2365111111117	1.8132123026099696
2197.4094999999998	1.8055849299264788
2197.090681818182	1.8037694039735204
2195.962111111111	1.8004929461804664
2195.248043478261	1.8090130870052135
2194.3360416666665	1.8179369018875087
2193.793529411765	1.810084290404379
2193.922320754717	1.8204436069590115
2195.0553636363634	1.8465973663517512
2195.5239818181817	1.84739629004038
2196.4221296296296	1.867744677878285
2198.735471698113	1.8660020694258774
2197.8563999999997	1.8648614843324074
2197.056833333333	1.8422879646983148
2197.3685319148935	1.8438671753712987
2196.4593617021274	1.840098667919524
2198.481693877551	1.8399986063177842
2198.535960784314	1.8184867972842043
2199.117777777778	1.8240599940697737
2199.408625	1.8228738137988354
2199.2518771929826	1.820490820392338
2198.710051724138	1.8074227516493213
2197.2465	1.7884435577653353
2196.589271186441	1.8020963003109367
2196.3488688524594	1.802251129431371
2195.705661290323	1.8010290728270308
2195.4218437500003	1.801571268134268
2195.848970149254	1.7900294962121372
2194.961426470589	1.7890211060635621
2194.07663768116	1.788148787360653
2192.5555147058826	1.814911535449097
2191.5351194029854	1.811944939450696
2190.5302121212126	1.8105544166133227
2186.7734218750006	1.7942207675351898
2182.99446031746	1.7953477943665805
2181.93428125	1.7775544646496233
2182.4108939393946	1.7779635246329923
2184.80915942029	1.7896667875638785
2185.214563380282	1.7867957546102233
2185.0839863013703	1.7970005431311715
2183.1540277777776	1.8014244841144809
2179.683971830986	1.7964348591220167
2174.494753623189	1.8092602651075707
2167.461727272727	1.8010907161785787
2166.968365079366	1.801801783416767
2165.824770491804	1.7985786701626514
2165.044355932204	1.78778503787152
2165.9395254237293	1.7990400975007135
2165.419133333334	1.78978209196644
2163.8260645161295	1.7895717325441263
2163.7854603174605	1.8032075538497476
2164.785126984127	1.8030138409503391
2165.495428571429	1.7987616378871922
2167.6254262295083	1.8121423368490777
2169.7451694915258	1.8213064006240751
2171.212142857143	1.8083948830188947
2171.6555555555556	1.802928344642964
2171.272307692308	1.7835035029006145
2170.7284807692313	1.7892850413972634
2170.0375660377363	1.7877997593602704
2169.570592592593	1.794100572647827
2168.842696428572	1.7874570852060487
2168.612016949153	1.7954109653237142
2168.394101694915	1.7960639431394543
2168.183362068966	1.8047967949902823
2165.3176071428575	1.8045142407221353
2158.2292452830193	1.8077288175473654
2153.071244897959	1.8124524972583425
2151.621659574468	1.811763036781284
2152.2313111111116	1.8106189010052665
2152.661	1.8127710763324034
2153.325162790698	1.7969426313629544
2153.5329767441863	1.7940693249967385
2152.787744186047	1.797138832021677
2152.715790697675	1.811101540647977
2152.98330952381	1.81277124232792
2153.576547619048	1.8107753112331266
2154.5747619047625	1.803929895504306
2155.7265000000007	1.8075300009098672
2155.972279069768	1.8088321564782275
2155.895044444445	1.8243132946998637
2156.8067391304353	1.8273600590013044
2158.513297872341	1.85031247176594
2161.5916595744684	1.8620056284675508
2166.7448444444444	1.893552005311708
2171.597976190476	1.8973210572704524
2178.0478974358975	1.8920368134299752
2185.509567567568	1.9081712480322746
2191.509657142857	1.8963408660821834
2197.5567352941175	1.9227169417583294
2203.7071470588235	1.9191935815164385
2210.657558823529	1.9157471313679038
2216.2672058823528	1.8954200487111459
2222.062029411765	1.8975615571881224
2226.1559428571427	1.91709983223555
2229.791944444444	1.9124200491462333
2235.7386111111105	1.9136516513676483
2241.3656666666666	1.89878260864574
2247.242305555555	1.914840053171506
2255.9974	1.9239113575952034
2262.0033714285714	1.9240765172653453
2270.1529117647056	1.9185076291168488
2278.3169393939393	1.9108175213755405
2283.9196969696977	1.9180668438946724
2294.3955	1.9034931546669
2299.8980937500005	1.891340569225114
2300.7373939393947	1.893921774288644
2301.0474117647063	1.88198645844665
2297.830777777778	1.9017838805176743
2295.2650526315792	1.9128958627447656
2297.603384615385	1.9331905957346227
2304.423666666667	1.9477823065713062
2315.236315789474	1.9591259310541638
2331.2590833333334	1.9741451298880468
2353.017606060607	1.9715509965234888
2363.2467096774194	1.962285311983218
2368.292103448276	1.9557858363528944
2371.921678571428	1.9666172475705581
2374.344392857143	1.9657851621134252
2375.2566785714284	1.9306621180982633
2377.894857142857	1.939793317059818
2380.6637857142855	1.9451344066034726
2382.8017142857143	1.9571580802672868
2383.5827142857147	1.9235828696943318
2383.2276666666667	1.9385055489811496
2385.1191612903226	1.9692911093638321
2386.73934375	1.9657523309299152
2388.268484848485	1.9659398066919826
2391.018393939394	1.9728111261440948
2395.6171562499994	1.9749013413915937
2400.0946774193544	1.9926119497223052
2403.5523225806446	1.9949493242749416
2408.5509	1.9851948698799444
2411.5369666666666	1.9766333971406407
2418.1281379310344	1.9705772515523923
2422.827413793104	1.9831325129175823
2427.417655172414	1.9690403509712398
2430.9847241379316	1.9671278835783137
2431.7756000000004	1.9765447920049184
2434.378066666667	1.9611192126272363
2433.870419354839	1.950452232617166
2432.6849687500007	1.9340235115904139
2429.1747647058833	1.930677937094973
2424.9739166666673	1.916584202548171
2421.762947368422	1.9474972716778707
2425.449947368422	1.9699572402441026
2428.887789473685	1.9813164594292427
2434.8735	2.0067915240354015
2436.813757575758	2.0098487775020373
2439.6459677419357	2.010281138437355
2445.990275862069	2.0032972743702024
2451.273357142857	2.005199238052028
2455.425222222222	2.0023980430975197
2459.3646785714286	2.048184170975036
2463.709214285714	2.0430763929997857
2470.11762962963	2.0687979633299105
2474.8865925925925	2.0583268722966186
2478.5651153846156	2.0593102413197766
2482.4232692307696	2.0492538201028783
2484.6081851851854	2.03077951415651
2485.8080344827586	2.0277774756952507
2487.3382903225806	2.027704744886979
2489.979545454545	2.061093346609547
2495.1575757575756	2.103125598146186
2501.327454545455	2.1263296541904557
2512.8557096774193	2.1502702466065333
2527.690206896552	2.170390951411587
2554.198307692308	2.208936304590375
2585.5323750000002	2.2167498518796203
2615.8219545454554	2.2906102641684574
2649.3232000000003	2.321553513225509
2688.5576315789476	2.4185847580934206
2726.841000000001	2.433164329662509
2774.2324117647063	2.523950785707068
2838.6169333333332	2.420455148184168
2884.238466666667	2.501765210132641
2951.859642857143	2.474456602299023
2990.7145714285716	2.4817184426002554
3028.6907857142864	2.4987566526586895
3047.0048666666676	2.5598849661490477
3066.6044375000006	2.600463476936048
3083.035176470589	2.5900773685697303
3121.8674705882354	2.616504046691711
3137.012666666667	2.6245452537529737
3189.8731176470587	2.5752366378254123
3192.123777777778	2.5082119902444227
3220.768611111111	2.5734956088129577
3249.7630000000004	2.6421247712627394
3260.5888947368426	2.648139034800001
3270.43715	2.6494840800628223
3298.7449500000002	2.696826894133764
3325.60445	2.7638510057836543
3351.4131500000003	2.763592860323114
3370.9586000000004	2.7653304890666943
3402.630105263158	2.7128648990606177
3421.772789473684	2.705119362157988
3426.3629499999997	2.6845712042335945
3430.5380476190467	2.6849006882991016
3433.8055454545447	2.677726002958747
3441.2105652173905	2.7409374927330283
3438.6400399999998	2.760250103014533
3435.4290769230765	2.5863735927031586
3443.6294615384604	2.6119238476509947
3466.911839999999	2.70679251237733
3482.3503749999995	2.7184667939672438
3501.116636363636	2.7210666264717025
3527.487714285715	2.7459458803207855
3538.8930476190476	2.7233047542401363
3542.678000000001	2.689313371008333
3543.9324285714288	2.659492801831624
3538.9532272727274	2.627009853458406
3527.766083333334	2.571885354891151
3524.153240000001	2.6231420414207127
3516.7199259259264	2.6012980378785193
3513.7979629629635	2.5799785430479014
3506.6058928571433	2.5465715064547894
3502.6939642857146	2.569772294454232
3500.886428571429	2.612015287453251
3498.5842758620693	2.630843173667499
3496.7272666666668	2.6369183691624194
3495.8595483870968	2.655589194025906
3495.9727812499996	2.6761288840621003
3495.6170625	2.691952480562938
3490.5291875000003	2.6618107560042943
3483.1735483870966	2.722419962998817
3481.508033333332	2.7269715711451434
3482.7309642857135	2.7466581381196553
3473.5222222222214	2.682078407961618
3480.626399999999	2.6961431021310873
3473.860791666666	2.672470536255851
3463.83752173913	2.661615284626263
3463.586	2.6978777217552805
3467.505136363637	2.687441347416911
3475.2639090909097	2.68995692842656
3480.376086956522	2.736817057635669
3488.211391304348	2.7538823531201047
3501.424565217392	2.814358213405006
3518.388739130435	2.8497202258159144
3550.4843181818173	2.910827318789003
3583.3226499999996	2.9065111969602264
3609.985052631579	2.942823836162294
3646.731235294118	2.9974428065858834
3674.5855625000004	2.998141492514196
3713.003933333333	2.975748461507567
3743.2475999999997	2.982355564907734
3776.1260666666667	2.9972812936972417
3812.821266666667	3.0773101617753915
3848.194133333333	3.0519361433863588
3888.1436	3.1018871911278483
3923.605733333333	3.1025144558146893
3939.0389999999998	3.1339689161508986
3979.1881875000004	3.1954696064855788
4033.3347333333336	3.220053358581237
4061.0735999999993	3.196952187819326
4094.7187333333336	3.253488222465238
4141.229928571428	3.3061633900443255
4174.454071428571	3.3179384885051113
4205.889857142857	3.2783484407506944
4246.143214285715	3.369746322272692
4290.746	3.426496667941112
4321.7275	3.3755417552337303
4362.296071428571	3.442358113001593
4406.290285714285	3.5252505509220438
4450.298571428571	3.526013153524949
4488.305928571428	3.499762039312609
4545.232923076923	3.571871387046137
4582.134692307692	3.5267452227475298
4615.204692307691	3.5490664684241047
4624.824785714285	3.5323016557884093
4651.015357142857	3.55832510815174
4662.347714285714	3.4272219824185903
4655.0796666666665	3.3973586572506647
4643.517749999999	3.3477296316359997
4638.511058823528	3.4005008238581773
4656.747470588235	3.479424058484147
4670.5048235294125	3.5134370388045606
4677.698941176471	3.496191719213607
4688.22005882353	3.4857075055383797
4688.120411764707	3.4360367243775096
4674.530062500001	3.407715525261584
4676.316375	3.5122757173446466
4673.0243125	3.5281744262210957
4679.219	3.5858371608170074
4690.2820625	3.659775543928016
4712.132625	3.7590301873543095
4747.230800000001	3.82564446735001
4811.891428571429	3.8139632608390923
4842.427	3.5813111270169253
4849.612230769231	3.585908250242835
4891.827	3.7435561894393397
4937.193666666667	3.8009738234268617
4984.5645	3.7887595277829162
4999.706923076923	3.814120800478522
5038.116923076922	3.8470566602417247
5084.180923076923	3.9295943322216345
5120.833615384616	3.9053183065945256
5148.354923076923	3.8997550571492816
5164.2853076923075	3.8980942950243147
5174.762007692307	3.9172265405292546
5178.076614285715	3.850358921997881
5169.747128571429	3.7466231503932845
5191.520250000001	3.7957753985531104
5174.122173333335	3.6575691634400673
5160.537020000001	3.4834520077252513
5137.13411875	3.5719599060904668
5122.016	3.6278258077636654
5100.271111764705	3.5117019040629742
5057.822422222222	3.263968715457982
5003.915677777777	3.167223217256266
4954.027870588235	3.3555561993564273
4867.9494875	3.208410914377587
4792.35793125	3.1114119877889945
4663.19612	2.9628599653981746
4574.090913333333	3.0382381595868764
4487.87998	2.991076964013784
4394.427733333334	2.813832249660962
4311.680773333333	2.9580415998685536
4256.7479066666665	3.086482592960162
4253.9393875	3.1512120741948273
4245.598764705882	3.084128430343114
4206.169752941176	2.9862534433685557
4159.773570588236	3.0068823284962747
4116.9129529411775	3.1107009428442374
4084.80095882353	3.1168655258324733
4074.7898411764713	3.120523371220979
4072.767005882353	3.114593159802234
4059.6968529411765	3.1776761678487757
4055.1826	3.127518606308554
4047.6826625000003	2.8867843190112663
4035.9673875	2.8816665322311876
4060.9878200000003	2.9620159332679123
4055.5068533333333	2.88462678452876
4036.1830666666665	2.885519671356854
4023.2488375	2.8931491874634037
4018.8315764705876	2.9740371443138254
4010.390922222222	2.918808089513071
4006.272215	2.8949995159585287
4001.542338095238	2.946085778905761
4005.3069863636365	3.0667529078314204
4003.493945454545	3.054744036576725
3989.0015523809525	3.020399192182867
3994.0190800000005	3.060771299420546
3981.148105263158	3.0594874773710505
3976.509494736841	3.0624570504571156
3942.8404	2.8908111371087992
3926.7213444444446	2.9321261915828263
3923.5392722222223	2.847367997730558
3911.230561111111	2.7304894148550343
3874.850288888889	2.5169958894611404
3831.0648315789476	2.3740444367429903
3790.79619	2.3619623970615438
3762.9314904761904	2.488333546614921
3740.401704761905	2.5843032215131743
3723.407804545455	2.6013499867927954
3696.7199857142864	2.5982426196948385
3668.9902904761907	2.6008946314451737
3639.6372047619043	2.519921537657864
3625.7456636363636	2.578598826356962
3606.0844727272734	2.6244572313674244
3595.279104347827	2.595165254724
3594.818352	2.5879010737672554
3572.7895560000006	2.541538248043384
3556.614261538462	2.4510487063324105
3547.4525629629634	2.5613199079582074
3522.6397407407408	2.5106080806941615
3491.7845037037036	2.5206507580908877
3485.229582142857	2.560675158440199
3459.242467857143	2.582309689030624
3432.3460857142854	2.528962849355721
3404.115232142857	2.5444101058750306
3374.0584964285713	2.5071813524819757
3369.5307	2.514784995247825
3363.1748233333333	2.469937531912853
3358.0062	2.4868744403018432
3377.8246727272726	2.5525707493625776
3376.7155911764708	2.58322854886863
3358.3083382352943	2.6587853800999373
3324.9770393939393	2.656943985249372
3287.2564700000003	2.6296271622286076
3315.366178571429	2.6795148750406943
3317.1032640000003	2.7122163189332507
3325.128260869565	2.71233261378369
3334.131995454545	2.7390970887573
3351.9426047619045	2.6750146517431364
3368.4540800000004	2.7105814207327317
3388.463305263158	2.742978866373477
3401.633363157895	2.7554915589685782
3426.43815	2.7580216034796674
3442.714177777778	2.710936943381872
3458.8560722222223	2.7167721755821175
3462.815163157895	2.7173294985749674
3463.4725200000003	2.677067595581496
3463.568719047619	2.6698325121406796
3471.0673090909095	2.782870419311456
3495.027095454546	2.836565014296249
3521.8646590909093	2.8971719187510265
3556.4180619047625	2.9259246399222123
3590.482584210526	2.9210686970822946
3612.8852500000003	2.921372376316313
3630.316105882353	2.895119298284401
3653.98923125	2.8614878818348055
3666.04455	2.8737750016997965
3671.4764529411764	2.869863620838205
3678.906952941176	2.8405347051058394
3684.2437333333332	2.8812820940383728
3688.9879210526315	2.880904543915306
3697.4329578947363	2.866495854414903
3700.2557449999995	2.8668995265420563
3713.0900949999996	2.883881688403072
3724.396199999999	2.870378506561611
3725.5418799999998	2.7467428596871204
3730.0643750000004	2.752545229293782
3736.37454	2.7680400572344848
3741.0453800000005	2.8476714560672445
3743.2118199999995	2.864425015577562
3740.0870761904757	2.8151439788747687
3737.701631818182	2.8220538129378885
3732.7154826086953	2.777667875311531
3728.6830958333335	2.7865737200822447
3724.45914	2.777758981097246
3719.9821999999995	2.7674511409970144
3719.6614518518513	2.838477573231322
3718.7588464285714	2.8268578140827776
3714.904057142858	2.820728330525049
3711.8873928571425	2.8691914820763995
3709.5543535714282	2.8774831156903
3707.5747074074075	2.944926454079352
3710.4185076923072	2.9523536526279006
3712.0136291666663	2.9452599016552776
3714.306083333333	2.919856920591025
3717.8421624999996	2.9259304652795946
3716.748116666666	2.858547310263205
3715.9259333333334	2.8794786003285116
3720.346326923077	2.881539652660118
3720.7410814814816	2.8580273041125563
3711.752692857143	2.677632411582178
3700.9374357142856	2.6843465853395925
3695.381255172414	2.7220640705695107
3682.0146766666667	2.570605906309088
3668.7524966666665	2.612120334592486
3656.6010800000004	2.5077695404986673
3642.378783870968	2.522172256836224
3627.1756562500004	2.479958414348315
3617.1962645161293	2.526351325166723
3597.7374129032264	2.4537768516011327
3577.78355483871	2.462267485386506
3563.123325806452	2.52751028083361
3546.567545161291	2.493120733365675
3529.0941645161297	2.427470112863206
3516.1056781250004	2.4501622407644525
3500.2602968750007	2.461070292677746
3478.9298062500006	2.328116215477423
3462.3062333333337	2.3209674648380214
3444.407702941177	2.266919656598102
3424.938041176471	2.332118558986571
3401.1064441176472	2.3003440149044367
3388.541508571429	2.3429203828817835
3376.3219833333337	2.333979725135307
3365.739221621622	2.3594982738219428
3364.2939128205135	2.3447161227563242
3353.854230000001	2.332678212601821
3346.1269390243906	2.396461594758496
3321.2203475	2.4150365389516004
3305.4268150000003	2.408265602329877
3259.970834210527	2.406794459967252
3206.256752777778	2.4543096409140994
3152.55585882353	2.4335034604969428
3104.099953125	2.4462615415150957
3071.9793774193554	2.326069385114717
3050.7814733333335	2.344560885869205
3040.28203	2.3001340677772464
3030.7814900000003	2.3337158393982107
3027.2966233333336	2.4097781078749025
3021.8583066666674	2.4142854828287827
3021.030286666667	2.4366758822989207
3013.1687689655173	2.4436163236577735
3010.8685827586205	2.445441608188373
3010.5431206896556	2.425800973748717
3010.6298733333333	2.393493605605119
3013.0789375	2.3963844803579817
3019.3704264705884	2.426534488844894
3026.5694222222223	2.432347023330637
3033.2305384615393	2.4420747160177725
3033.3708923076924	2.463818393461953
3025.5458297297296	2.4941926915428576
3024.8839685714283	2.5434409742467787
3044.5631999999996	2.5305472467843058
3064.356379310344	2.53705422498959
3078.3590192307684	2.503054882222749
3083.7916833333334	2.5131165366843837
3087.1402291666673	2.495530333426544
3089.0710120000003	2.474034380051828
3093.963484615385	2.524825473448732
3098.5606851851853	2.5260046414446933
3102.965475	2.5284353933808377
3108.4990607142854	2.5518945340274923
3120.5982571428567	2.5475850246151146
3129.9289571428567	2.51746069296527
3140.9382142857144	2.5027661500824214
3155.3459000000007	2.530555770044369
3161.2728555555564	2.5233146589905338
3167.4763222222227	2.550205940022334
3173.809374074075	2.559283899130072
3179.9031740740747	2.5570577757040454
3181.6371000000004	2.5297383834126537
3187.5798107142864	2.535203407379415
3187.3538310344834	2.503849445869627
3192.4385758620692	2.492709697454883
3191.8539966666667	2.5006145339040033
3190.892032258065	2.493618737449193
3190.525421875	2.5030755739699435
3184.5845529411768	2.4958731117655386
3178.8117675675676	2.493009424732563
3176.349235897436	2.4909678942814697
3175.2451073170732	2.522182337603067
3176.0597809523806	2.520344719226031
3180.7244268292684	2.5225272290613345
3188.3930897435894	2.4832577770778217
3196.059229729729	2.4528540445290457
3197.4740888888878	2.4545837884393475
3193.4421599999987	2.462311978598662
3189.5663571428563	2.4664753432584736
3187.4472405405395	2.4580251495472227
3186.306414999999	2.4694915112433184
3182.440128571428	2.46435473428658
3179.7795627906976	2.4543442843595615
3177.114122727273	2.4513057937261586
3176.068995454545	2.4601659570814807
3174.143075	2.4652674227130795
3168.6191488372083	2.4520783391260297
3164.5059744186033	2.449714978188463
3162.226545454544	2.4525664660298894
3159.5140136363625	2.4516687174274217
3156.5342999999993	2.4540863400440687
3156.5304704545447	2.5117265372815973
3154.240826190476	2.5067414194723083
3147.532655	2.510470479761426
3143.829473684211	2.5211236741222613
3129.0583823529414	2.516194692427148
3124.5345625000004	2.515452213394247
3122.9728419354838	2.509319969543178
3119.3335129032257	2.4629622249843424
3116.4324741935493	2.4676306071261394
3116.4304656250006	2.4869203180453794
3115.7712030303032	2.476685454279925
3114.2492727272725	2.4842266419067776
3112.9137969696967	2.4854113063920886
3106.5459906249994	2.4824705492203902
3104.0472781249996	2.495700540456409
3103.6398531249997	2.4878670780120693
3104.000478125	2.4688488177902412
3105.607725	2.4895673421549573
3107.2824968749997	2.498484218650171
3110.301851612903	2.506916078245916
3112.192577419355	2.5083910472344417
3115.936983333333	2.5086084266603876
3120.6768499999994	2.5368697408974326
3124.9823299999994	2.5384314537630708
3129.3016966666664	2.5437540044728264
3134.1816499999995	2.5399903707700977
