2013-2-5	1.3698806204528924	0.3958550842573103	0.11480487326097366	0.1112465729411225
2007-8-3	0.9056874134488514	0.5702108842439143	-0.011708532136739391	-0.023589325650723136
2007-4-9	1.2160652527225972	0.5702108842439138	0.022664018158210286	0.02477988016026922
2012-8-10	1.5052547474203688	0.3958550842573103	0.12836487027038768	0.1419715134555286
2009-1-22	1.6464274031975679	0.3958550842573105	0.07452285450633145	0.09187547675531627
2009-3-2	1.58576873137627	0.3958550842573101	0.06983574918789404	0.08427726197727692
2007-11-19	0.8590167006133421	0.5554037455231658	-0.01855225879621869	-0.03432029839540063
2007-1-22	1.436820384758238	0.570210884243914	0.04137484075592446	0.04717749774097779
2008-2-28	0.9108708031871888	0.5008510955556609	-0.011839279596522312	-0.025929019157677424
2011-1-14	1.2572105690994224	0.39585508425730986	0.04724035529350923	0.04034654577202357
2014-11-19	1.330704463991883	0.39585508425731025	0.2936793311506398	0.42610750194407476
2015-6-4	0.816649798053407	0.3156905834635093	-0.29912616254828517	-0.42983016071672997
2008-9-18	1.7508422492676794	0.39585508425731014	0.07994837501118335	0.09865783866688593
2013-2-19	1.3952818232600976	0.3958550842573104	0.1236336659337296	0.12517399228757364
2015-7-23	0.9363949138631521	0.19894155625956944	-0.14003364965278453	-0.24459508844243227
2008-4-21	1.148372550608758	0.4386189149681661	0.01814564631603388	0.01848052099828057
2008-9-3	1.5552527522880073	0.39585508425731014	0.06216150197129622	0.07296995592217304
2012-9-25	1.5773599635225186	0.3958550842573103	0.1500318581484983	0.17719212668375905
2009-6-9	1.259953594695249	0.39585508425731025	0.0358586708313291	0.037196487344029805
2011-11-16	1.3668313359654478	0.3958550842573104	0.07878807191533488	0.08675013565671863
2012-9-28	1.537117743376873	0.3958550842573103	0.1413321500229443	0.16441006346357723
2009-3-13	1.56807582343242	0.3958550842573102	0.06839156316367978	0.08169493010819018
2011-10-20	1.4158926242875594	0.39585508425731025	0.08644207211035515	0.10017489913033462
2008-6-17	1.2809300391418237	0.3958550842573101	0.033395025674815004	0.03787243560907738
2007-11-7	0.8245680805511191	0.5554037455231662	-0.023396102700864008	-0.042316083684343364
2012-6-25	1.4821664278203797	0.39585508425731053	0.1185523489603002	0.1290043698884773
2008-1-17	0.8247716678276271	0.5381061566249196	-0.023931105335573077	-0.04366484210206967
2015-6-16	0.8274608404063108	0.2921314679749546	-0.2972099433271198	-0.4252581881698222
2010-1-18	1.1453686311776303	0.39585508425731025	0.02308140908040568	0.012171604667003733
2007-5-29	0.9622631185371571	0.5702108842439141	-0.004467219235542164	-0.011869277818415847
2013-12-16	1.50447584183257	0.39585508425731003	0.22219580006528972	0.2553349792235988
2011-9-19	1.369971722959049	0.3958550842573104	0.07633150663110011	0.08253218220928127
2008-12-22	1.6663538767771198	0.39585508425731036	0.07542999774122117	0.09278232660568042
2013-1-29	1.3995339149296393	0.3958550842573103	0.1222223175806203	0.12395797696420274
2013-6-27	1.5942106737307409	0.3958550842573104	0.20447259640062954	0.24754995827435256
2013-8-2	1.55465480012332	0.3958550842573101	0.20108839651608523	0.23854315971474693
2012-1-10	1.4510878790646702	0.3958550842573103	0.0983235626483121	0.11437521895241543
2007-8-30	0.8334483797629897	0.5702108842439139	-0.0216154072434267	-0.03899837277054119
2010-9-13	1.2606052054599415	0.39585508425731025	0.04470076847600368	0.04615228209084288
2009-1-5	1.7364343934885382	0.3958550842573103	0.08222484603605751	0.10417701778518063
2009-3-26	1.4585712786327976	0.39585508425731053	0.057386932166768156	0.06354594314598261
2011-12-12	1.4415102688902417	0.3958550842573102	0.09451291349534485	0.1086311488349585
2013-7-16	1.5270517448264553	0.39585508425731025	0.1882170539155963	0.21808323986725253
2012-6-26	1.4828047523235384	0.39585508425731	0.11878743205426257	0.12932134161655906
2006-5-23	2.541326605046122	0.5702108842439142	0.10193938678633807	0.11536763861286548
2014-12-11	1.1075901120540383	0.3958550842573099	0.10228365989118315	0.17261545327562278
2014-1-6	1.563692166017667	0.3958550842573105	0.25357770755444586	0.3000473802673449
2010-3-19	1.1776223242208095	0.39585508425731014	0.028672701937731082	0.02323681341181638
2009-2-3	1.6102134988735093	0.3958550842573104	0.07143360455949588	0.08744001781079414
2010-3-1	1.1747795913073147	0.39585508425731025	0.028000825420994913	0.021420057675698656
2013-11-19	1.4856027901856992	0.39585508425731003	0.2063861645390137	0.2344852342594217
2008-2-19	0.8670610357510138	0.5144229974598096	-0.01797781405918908	-0.036045745702770304
2015-6-19	0.8749172697562768	0.2744023572568939	-0.22330868161970752	-0.3266999951163514
2015-1-14	1.0424176353941936	0.3958550842573104	0.04440484778649867	0.07760239308645889
2009-6-10	1.2513143520860392	0.3958550842573105	0.03478738676587012	0.03566926088041744
2013-9-27	1.4902096876680082	0.3958550842573103	0.19353486193184355	0.2217209588212159
2009-2-26	1.5729548438493408	0.39585508425731036	0.06845215500107504	0.08228101292808998
2009-8-5	1.1120854885749862	0.39585508425731036	0.016730858462910447	0.000872119854433695
2006-7-26	2.465819002543155	0.5702108842439143	0.10040528637209567	0.11291585060742748
2009-7-2	1.1793865557614018	0.39585508425730986	0.0257251421027358	0.021212823513610868
2007-9-18	0.8092879253874055	0.5660253974020685	-0.025217009858387707	-0.04432426586690108
2010-3-19	1.1776223242208095	0.39585508425731014	0.028672701937731082	0.02323681341181638
2011-1-27	1.276176233239194	0.3958550842573103	0.05078092496935693	0.04517278663160185
2009-8-31	1.3350047810693102	0.39585508425731036	0.04669172953999934	0.045966254176806665
2010-6-25	1.3463939236236508	0.39585508425731036	0.05541114316821938	0.05941557490477689
2014-5-30	1.59816386690698	0.3958550842573103	0.3445730110721956	0.4210412455516259
2009-4-21	1.340311555594654	0.39585508425731025	0.04473312157155229	0.05223675152634066
2012-7-24	1.5162725141994056	0.3958550842573102	0.1289132627503644	0.14322524923723834
2013-10-22	1.4695719380614978	0.3958550842573102	0.1925373927617018	0.21763628319968076
2015-3-13	1.0147393730437024	0.3958550842573102	0.018522050714317784	0.05025333382841812
2009-12-17	1.1477949970973058	0.3958550842573102	0.0231010041200006	0.012980485864225733
2011-7-29	1.27892422886702	0.3958550842573102	0.05721313710328868	0.054738255849343886
2013-11-18	1.4794957379643745	0.3958550842573105	0.20374288128704232	0.23011394315154043
2013-5-7	1.4512240114908843	0.39585508425731	0.151094145204681	0.16171847336490974
2008-11-28	1.7675649026396691	0.39585508425731025	0.08368286674776981	0.107024249381523
2014-4-28	1.610208949121037	0.3958550842573105	0.3298118247460884	0.4034738921621408
2008-3-31	1.0329389722307514	0.43861891496816635	0.004190076025164968	-0.0009785931233540213
2007-9-13	0.8217702520905145	0.5660253974020681	-0.023376275054597495	-0.041549687089539544
2006-8-11	2.5786279672716073	0.5702108842439142	0.1061546170364327	0.12207881436076296
2011-3-3	1.2212327678054185	0.39585508425731014	0.04227034769730609	0.032629994696631526
2006-9-4	2.4996650303869723	0.570210884243914	0.10325556716878181	0.11732568456005499
2009-2-11	1.5062357469014689	0.39585508425731036	0.06132476675493215	0.0720107654151223
2009-3-12	1.5635868566657425	0.3958550842573103	0.06791296097063126	0.08092168400507749
2014-5-6	1.5983421351230136	0.3958550842573104	0.3288852225754113	0.4009325217238071
2012-10-16	1.5344964729220771	0.3958550842573105	0.14304842393894268	0.16634003058997937
2007-9-24	0.805832908686169	0.5660253974020681	-0.02577072768908928	-0.04518938858594568
2008-6-19	1.3032414824380896	0.3958550842573107	0.03579186136958645	0.04132220781280127
2010-1-11	1.1491096738189777	0.39585508425731025	0.02356558460147795	0.013037838734436757
2011-10-26	1.37317039580497	0.3958550842573103	0.07885617720541593	0.08731021379700521
2014-5-12	1.5865293060386945	0.3958550842573104	0.3266539191680562	0.3967030030054637
2012-11-14	1.589082074409951	0.3958550842573099	0.15985076692434652	0.1834282984028841
2006-8-11	2.5786279672716073	0.5702108842439142	0.1061546170364327	0.12207881436076296
2012-6-28	1.4951798197830373	0.39585508425731014	0.12164098680321067	0.13339798982808526
2012-12-4	1.615311136328947	0.39585508425731025	0.16914722682777517	0.20338818039811835
2009-9-14	1.2046414193630819	0.39585508425731003	0.030026833849286616	0.021358787684489178
2014-6-12	1.6008524105494906	0.39585508425731025	0.35523482470628753	0.4338892312367999
2007-12-12	0.8501762766744306	0.5554037455231662	-0.01995597237951474	-0.036557686791020005
2014-6-11	1.597088831331619	0.3958550842573104	0.3524527619104627	0.42982868048053735
2008-5-5	0.9915528763256312	0.4447042899012641	-0.0011075808920073538	-0.00977909808819799
2008-11-25	1.7650646066445375	0.3958550842573103	0.0833658545062328	0.10652187023987691
2011-4-22	1.2013823520166178	0.3958550842573106	0.03989171121725654	0.028325738121528943
2009-7-15	1.1514993226846948	0.39585508425731014	0.022075882800604685	0.011531295958743915
2015-8-20	1.018027938381349	0.12910689290307067	0.05104310905922205	0.000311438185420565
2012-11-13	1.5926128838657623	0.39585508425731014	0.16052370491616363	0.18507613127041833
2012-8-28	1.5726643423167146	0.3958550842573103	0.14531839314470307	0.16832937803982828
2006-4-20	2.8422618413799756	0.570210884243914	0.11372020615363687	0.1315724374388949
2014-6-27	1.6032687918029929	0.3958550842573104	0.3678852334865703	0.4494605011013
2012-5-25	1.436055367277659	0.39585508425731036	0.10583902839980275	0.11135688376539155
2007-7-11	1.022104639323533	0.570210884243914	0.0025834522214884803	-0.0008746970884319083
2012-7-2	1.4783249316487974	0.3958550842573105	0.11840936571900618	0.128611272274189
2008-5-23	1.0547754128386584	0.4092980053293924	0.007036409059998583	0.0030714750186808804
2014-5-26	1.5984909036609012	0.3958550842573102	0.342011933206241	0.4178147262332217
2008-4-11	1.0340360989817419	0.43861891496816624	0.004344554375754095	-0.0007499758155286029
2014-7-18	1.5930984640191879	0.39585508425731025	0.3789343299557477	0.46445820979741037
2012-8-28	1.5726643423167146	0.3958550842573103	0.14531839314470307	0.16832937803982828
2007-9-6	0.8152567045677757	0.5660253974020684	-0.02425697085351397	-0.04278422636359702
2009-4-2	1.4226207612530717	0.3958550842573102	0.05364908389768197	0.05772199423981461
2011-3-23	1.212886862693951	0.39585508425731014	0.041268679010050935	0.03013119202784087
2009-2-26	1.5729548438493408	0.39585508425731036	0.06845215500107504	0.08228101292808998
2012-5-11	1.3987380101828184	0.3958550842573099	0.0966946893080951	0.10266446249239936
2011-1-10	1.2526552947817446	0.39585508425731025	0.046369241275943995	0.03915413347620089
2013-11-27	1.4853696065873399	0.39585508425731	0.2086740344808271	0.23664934016374417
2010-6-9	1.3313175605760728	0.3958550842573099	0.05282750742407383	0.055772991622182744
2010-4-8	1.17042045183925	0.3958550842573101	0.02784966886247431	0.02062065266127222
2008-11-24	1.7630881695245157	0.39585508425731025	0.08316140502319658	0.10619443704938636
2012-10-16	1.5344964729220771	0.3958550842573105	0.14304842393894268	0.16634003058997937
2008-8-7	1.3628926559478094	0.39585508425731025	0.04274285630376351	0.04479075218599826
2012-7-23	1.5203840774726372	0.39585508425730986	0.12969418289001022	0.14458639140224183
2008-6-11	1.196565264597832	0.3958550842573102	0.024042593012914226	0.02419772486145466
2010-10-25	1.1433221876781858	0.39585508425731003	0.02618977746248574	0.015086057827890853
2013-11-12	1.5133907424577582	0.39585508425731003	0.2148789322658371	0.24985073543723724
2006-8-28	2.5126096709326795	0.5702108842439143	0.10364304792963819	0.11809082594727016
2007-11-1	0.8025986956544933	0.5554037455231663	-0.026574626522880562	-0.04767054313775687
2012-10-31	1.5537810639005476	0.3958550842573105	0.14956864518624924	0.1757341401170076
2010-8-17	1.2892008566037942	0.3958550842573102	0.04844196261502787	0.04682390534852532
2012-7-11	1.4973379195439502	0.3958550842573102	0.12343097631553479	0.1348774633921921
2007-11-23	0.8737324205588468	0.555403745523166	-0.01651794118245775	-0.031015187593109173
2006-8-2	2.5753334994807835	0.5702108842439144	0.10571216928005867	0.12179321594936066
2008-5-8	1.0107033129593084	0.4384092453635592	0.0013932842531463319	-0.005537349675709735
2015-8-10	0.9643124589413723	0.17505891349600475	-0.08978222649936418	-0.19177400534234357
2012-2-20	1.4159985677537759	0.3958550842573104	0.09436062710518289	0.10709841377841856
2011-4-7	1.1955825031165748	0.3958550842573102	0.03847578192884482	0.026471815982154645
2009-9-9	1.224681441181032	0.3958550842573102	0.03265856804000489	0.02624016924624728
2013-7-5	1.5643581010706897	0.3958550842573103	0.1973078996595099	0.2349169473345072
2012-11-26	1.5923848629673438	0.39585508425731053	0.16246268304536615	0.1938669534252513
2007-2-28	1.4265400482929786	0.5702108842439142	0.04101307362161033	0.04522684478381356
2010-4-14	1.1717884951625452	0.39585508425731025	0.028141153046014944	0.017669429642723333
2014-11-26	1.2723280202013536	0.3958550842573104	0.2471718581811735	0.34498182651594744
2013-4-15	1.4836672470555994	0.39585508425731036	0.1569041918931342	0.17400016831429732
2011-3-21	1.2266108205894928	0.39585508425731025	0.043675178538862935	0.03395521428615478
2014-7-9	1.6024763995516362	0.3958550842573102	0.3770146719499039	0.4622251847697263
2008-7-31	1.2987378829600345	0.39585508425731036	0.035873545453342315	0.04035918387977566
2006-5-26	2.5230421011634196	0.5702108842439139	0.10120236429230611	0.11429980454842914
2015-3-12	1.0218875546338528	0.39585508425731025	0.02743389148935771	0.059149895748835
2014-1-29	1.5644203002765291	0.39585508425731003	0.2632415988008203	0.31465354145834445
2014-3-27	1.5948096906224107	0.3958550842573103	0.3039089082937161	0.37239853801940903
2008-12-22	1.6663538767771198	0.39585508425731036	0.07542999774122117	0.09278232660568042
2009-11-12	1.1457313875442412	0.3958550842573103	0.022435538396111454	0.011837699334446228
2014-5-20	1.6199074340311623	0.3958550842573104	0.3490892584753742	0.4293781045138805
2008-7-14	1.242471928954836	0.3958550842573101	0.029517773527634406	0.03190384450458583
2012-6-28	1.4951798197830373	0.39585508425731014	0.12164098680321067	0.13339798982808526
2014-9-1	1.4921877429655097	0.3958550842573103	0.35233995667670603	0.4234968545395723
2006-6-27	2.4756652753994732	0.5702108842439141	0.09998697825830538	0.11255440932874983
2009-5-7	1.3197752809601089	0.39585508425731025	0.04261067146906328	0.047272482603316845
2008-1-17	0.8247716678276271	0.5381061566249196	-0.023931105335573077	-0.04366484210206967
2009-1-5	1.7364343934885382	0.3958550842573103	0.08222484603605751	0.10417701778518063
2011-8-24	1.3311112447322508	0.39585508425731036	0.06794903600626623	0.06935232842413042
2010-8-24	1.2983960064794293	0.39585508425731014	0.050013513969020096	0.049034147216122426
2015-12-30	0.9994740165079171	0	0.2117122991412692	0.3772842474327205
2006-12-15	1.8078915103466222	0.5702108842439139	0.06766794811541699	0.08050417124738085
2013-1-4	1.4509094349506442	0.3958550842573101	0.13286187565883556	0.14305299583580133
2013-8-2	1.55465480012332	0.3958550842573101	0.20108839651608523	0.23854315971474693
2014-6-20	1.6093356989651468	0.3958550842573105	0.36588698690400956	0.44869413756930165
2011-10-25	1.3813849867648633	0.3958550842573101	0.08034264201089591	0.08983862496432815
2008-8-18	1.5224340130681475	0.3958550842573105	0.058711043098741644	0.06822208662975315
2008-5-20	1.0449104692054807	0.42159659488594564	0.005786700342684581	0.0017964072247915741
2008-11-28	1.7675649026396691	0.39585508425731025	0.08368286674776981	0.107024249381523
2009-9-7	1.2497144050199158	0.39585508425731003	0.035945185883553776	0.03090990733808696
2013-9-25	1.477718747146319	0.3958550842573103	0.18858847849925864	0.21352286452497826
2013-4-10	1.466282220472285	0.3958550842573103	0.1510576940430608	0.16458698107529157
2006-11-27	2.061330231314984	0.5702108842439142	0.08279867179540634	0.09473607797516248
2009-6-9	1.259953594695249	0.39585508425731025	0.0358586708313291	0.037196487344029805
2009-11-30	1.1441500900765746	0.39585508425731064	0.022387304641534822	0.011380245699296854
2009-11-23	1.1034758292987359	0.3958550842573104	0.01626911004985554	0.004262227587462197
2007-6-7	1.0252764456428756	0.570210884243914	0.0029179784700676947	-0.001246995234209014
2006-6-20	2.5047974814977687	0.570210884243914	0.10112674481611617	0.11453547966121103
2015-1-7	1.01813819885739	0.3958550842573103	0.018600987693110582	0.03323980341749033
2010-6-21	1.349874176220532	0.39585508425731025	0.055791378632241706	0.056214961951997156
2006-6-12	2.552978303091308	0.5702108842439141	0.10308113252088091	0.11785313043100332
2009-12-16	1.132147396348904	0.39585508425731036	0.020767331801607947	0.00914231889153494
2011-3-23	1.212886862693951	0.39585508425731014	0.041268679010050935	0.03013119202784087
2013-10-31	1.5007020311565724	0.39585508425731053	0.20657894786668063	0.2374016702905708
2012-6-20	1.443316210517499	0.39585508425731014	0.10967489402432462	0.11625831583749502
2006-10-25	2.3847310037175133	0.5702108842439143	0.09925754990725433	0.10965548694486227
2013-8-9	1.535761062976735	0.39585508425731025	0.1967156716393368	0.23182602306928568
2007-11-28	0.8975462889503267	0.5554037455231661	-0.013271479893563143	-0.025825133600123173
2007-2-26	1.3750763959046703	0.5702108842439144	0.036671226536185486	0.03788133157214557
2007-12-28	0.8238581467794616	0.555403745523166	-0.023904410062815074	-0.042762023329833254
2009-8-26	1.2310535265409397	0.3958550842573103	0.0333027443597409	0.027224169952559052
2014-2-14	1.5366275932039843	0.39585508425731014	0.2580664643368482	0.30207846657064397
2011-10-13	1.3704312582993752	0.39585508425731014	0.07765346018069752	0.08547915346690282
2012-6-7	1.4477291991502934	0.3958550842573103	0.10947126623494308	0.11631348533157726
2008-5-6	0.9979880172628508	0.4411004415925782	-0.00026316388585456707	-0.008341237000471513
2007-3-1	1.4549308156717304	0.5702108842439142	0.04335047619151844	0.048595601364129104
2012-6-5	1.4412986297746588	0.39585508425731014	0.10791071402950503	0.1140831128323494
2013-5-14	1.4639069733106067	0.39585508425731053	0.15609952893559864	0.1694585315087851
2010-3-9	1.1789579726023538	0.3958550842573104	0.028736263226891934	0.022486352155495215
2015-12-23	0.9831737440599033	0.005052683447279679	-0.6438156082562474	-0.811174948157895
2014-12-11	1.1075901120540383	0.3958550842573099	0.10228365989118315	0.17261545327562278
2007-8-9	0.8837366128317233	0.5702108842439141	-0.014615579036275084	-0.028064291327186575
2008-1-17	0.8247716678276271	0.5381061566249196	-0.023931105335573077	-0.04366484210206967
2010-5-13	1.3029908668476864	0.3958550842573101	0.04810658069907481	0.048119235224629575
2015-12-9	1.0269385104597628	0	0.6243740236581261	0.8615621197705481
2008-6-23	1.2976521557832812	0.3958550842573103	0.03525312211306875	0.04054439729367454
2012-3-12	1.3873616116234193	0.39585508425731003	0.08997951294770035	0.09610460379624342
2012-11-27	1.6053301188254265	0.39585508425731014	0.16567063351446998	0.19852554305458026
2008-11-28	1.7675649026396691	0.39585508425731025	0.08368286674776981	0.107024249381523
2009-9-30	1.2689590455617241	0.39585508425731025	0.03885140388852393	0.036610951846274054
2015-4-15	0.8623931766261064	0.3939476279505054	-0.1889633868468915	-0.19377327371001796
2015-5-13	0.8489643410640744	0.3554804371153639	-0.22882907483674642	-0.302003296270576
2009-9-15	1.202659893500598	0.3958550842573104	0.029770569676595304	0.020912989670107907
2008-9-12	1.640879368129561	0.39585508425731025	0.07020773403820169	0.0847270147359569
2009-12-8	1.1190212969489153	0.39585508425731025	0.018729235340738892	0.006179418877278131
2014-1-10	1.577760546034645	0.39585508425731014	0.26088502076589637	0.3120532355501653
2009-10-22	1.1735853157475824	0.39585508425731053	0.026199730223550377	0.01904424694250384
2008-6-24	1.2804327273517986	0.3958550842573101	0.03342824644937714	0.037522948139912415
2015-8-27	1.126016453209119	0.018672278040526236	0.41815736823718175	0.6015734570635376
2014-11-28	1.2453764227063464	0.3958550842573099	0.22416578192848768	0.30902511953598655
2015-10-15	1.0629561289221408	0.018672278040526184	0.3459884190139957	0.4470391025985523
2009-12-17	1.1477949970973058	0.3958550842573102	0.0231010041200006	0.012980485864225733
2009-7-16	1.1473859404625277	0.39585508425731025	0.021519096184550168	0.011180866637493292
2010-10-11	1.2208460669388794	0.39585508425731053	0.038973142176595754	0.03567698407773823
2015-9-23	1.111460657503191	0.01867227804052615	0.4883129932949819	0.7079870117861036
2015-5-15	0.8599482309084718	0.3554804371153638	-0.21458677203346588	-0.27968529183875757
2015-4-22	0.8437174547100839	0.35548043711536403	-0.21895337240546076	-0.28540078459876217
2008-11-27	1.7434068702535397	0.39585508425731025	0.08154801753098995	0.10356429438383286
2014-10-10	1.4117318750310734	0.3958550842573106	0.32687641023996483	0.4135932757505625
2006-11-2	2.3363397789160123	0.5702108842439144	0.09704885697476029	0.10721668990509436
2013-7-29	1.5855441673460673	0.3958550842573105	0.20989150584885619	0.2539428936684862
2013-12-5	1.4657023230229502	0.39585508425731014	0.20331754708116456	0.22630750154094015
2015-11-4	1.028000808477698	0.016155205831193117	0.20113808261230792	0.27060187666743274
2015-2-12	1.054289044774413	0.39585508425731025	0.06215622976285706	0.10635593591196013
2012-4-10	1.4360871167339415	0.3958550842573107	0.10216515503969803	0.11372543088964115
2013-7-4	1.5664719842324106	0.3958550842573102	0.19772044595839278	0.23571705442626034
2008-12-2	1.7443234948495077	0.3958550842573101	0.0817925014302745	0.10392851231451594
2010-5-17	1.3605428035194673	0.39585508425731	0.05629224624687046	0.0597449977102833
2011-12-20	1.483357984931657	0.39585508425731025	0.10285967839857912	0.12073102681349068
2010-11-12	1.2022115905025539	0.39585508425731036	0.03654042116068834	0.026351676910688848
2015-4-29	0.8393939769500645	0.3554804371153643	-0.23040827681116904	-0.29989599611570994
2013-5-2	1.4802112791409268	0.39585508425731025	0.15884372974959904	0.1749820006323679
2010-3-4	1.1909549244355997	0.3958550842573105	0.030457314456556084	0.025397795265682976
2007-9-24	0.805832908686169	0.5660253974020681	-0.02577072768908928	-0.04518938858594568
2014-1-9	1.5704503733951947	0.3958550842573103	0.2575104374038768	0.30634334447132616
2015-10-13	1.0696005398376787	0.01867227804052598	0.37568194596352256	0.5174822993508978
2012-6-26	1.4828047523235384	0.39585508425731	0.11878743205426257	0.12932134161655906
2009-7-8	1.1606336305345164	0.39585508425730986	0.023256857527413688	0.017950832379882264
2008-8-20	1.4297890176611727	0.39585508425731036	0.049764839204622824	0.055199023894624055
2009-4-21	1.340311555594654	0.39585508425731025	0.04473312157155229	0.05223675152634066
2015-1-8	1.032490167164393	0.39585508425731036	0.033420511348285054	0.0585759595833828
2011-1-21	1.2894084002012307	0.3958550842573104	0.05280392039743864	0.048051542982535445
2009-5-15	1.3077278357115674	0.39585508425731025	0.04131270084758909	0.04578374815671005
2011-5-9	1.2392430421037202	0.3958550842573103	0.047273819661529215	0.04040920216020538
2014-10-17	1.421603767255743	0.3958550842573102	0.3406501817598009	0.4335799667328146
2007-1-31	1.4801334538959097	0.5702108842439143	0.04496702811255049	0.05243023151109316
2006-7-28	2.4977318525876417	0.5702108842439143	0.10196855315326525	0.11559092971637708
2007-8-23	0.8473256945591998	0.5702108842439141	-0.01963085301442269	-0.03657356716737281
2015-9-16	1.1005908556787256	0.01867227804052618	0.39988029220536814	0.5681861351343143
2013-9-2	1.5186435687344082	0.39585508425731036	0.1970245318114774	0.23119095673047618
2009-7-20	1.1230373805751703	0.39585508425731025	0.018162756127344748	0.007231772820407212
2012-5-21	1.4308126231788414	0.39585508425731025	0.10438115931238823	0.10931584577716436
2011-8-23	1.32750297012748	0.3958550842573103	0.06723921187437876	0.06834912948319061
2011-3-21	1.2266108205894928	0.39585508425731025	0.043675178538862935	0.03395521428615478
2007-8-21	0.8641119376298543	0.5702108842439141	-0.01731535134854889	-0.03282164664349607
2009-7-30	1.1345754692304422	0.39585508425730986	0.01986366658100125	0.005366799908506081
2009-6-23	1.226878447610291	0.39585508425731025	0.031855119314278424	0.030945738831964498
2010-2-10	1.203196509204238	0.3958550842573101	0.03193236022980561	0.02710030078032677
2013-9-30	1.4849190077498449	0.39585508425731036	0.19241840415277855	0.21943365110422386
2013-10-22	1.4695719380614978	0.3958550842573102	0.1925373927617018	0.21763628319968076
2014-10-20	1.4163371687700128	0.39585508425731014	0.33918625816121994	0.4307666822569498
2015-7-8	1.0272677616683021	0.19375196242317616	0.05805641580330545	0.05743964511383548
2015-8-26	1.1737321540560801	0.018672278040526215	0.5963991438007481	0.8887409266214461
2012-5-10	1.3923934151129174	0.3958550842573102	0.09524905796874683	0.1002620899928428
2015-7-15	0.9819247677645713	0.15999209874966908	-0.03908290805123171	-0.10944287370408767
2014-6-12	1.6008524105494906	0.39585508425731025	0.35523482470628753	0.4338892312367999
2010-12-27	1.2553490929406417	0.3958550842573105	0.04645482647202526	0.03941523294472438
2014-6-6	1.6088952854248688	0.3958550842573103	0.35524755627367455	0.43645317942774553
2011-3-31	1.2219960011381064	0.39585508425731014	0.043104546159375756	0.033059585889857024
2011-9-27	1.3847423657045963	0.39585508425731025	0.07945471013039573	0.08694174743097927
2014-2-18	1.5417090752447171	0.3958550842573104	0.2620067813271336	0.30813309086013163
2015-4-7	0.8821665238102115	0.39394762795050553	-0.1580514349908937	-0.1568810837911232
2010-3-17	1.1827325356075544	0.39585508425731025	0.02941486364148327	0.024289178807706868
2015-5-20	0.837147568481065	0.3554804371153639	-0.25244257030681727	-0.318482803099866
2011-6-23	1.2876568140792934	0.3958550842573103	0.05752129100463055	0.05464901764245611
2010-10-22	1.1681025508585994	0.39585508425731036	0.03039683694006956	0.020920948340569234
2007-7-31	0.9227160241036949	0.5702108842439143	-0.009508144437696542	-0.02003115471848227
2014-2-27	1.595347814461153	0.39585508425731064	0.28976553520681003	0.3549097320608128
2007-4-30	1.0712831460461665	0.5702108842439142	0.007972482201856756	0.006423267681228362
2008-2-5	0.877463451277966	0.5145314672178797	-0.01640786381995929	-0.03344271774383112
2014-5-13	1.589136176631928	0.39585508425731014	0.3286217445491242	0.3995370988467286
2008-7-24	1.233277619861176	0.3958550842573105	0.028600135427425233	0.03195387928052473
2007-3-12	1.405966750791823	0.5702108842439142	0.039453061756820285	0.04211013503605754
2007-3-8	1.4023808259700283	0.5702108842439142	0.039102038465927746	0.04154030916254059
2009-1-23	1.6532964163852353	0.3958550842573102	0.07519873640544206	0.09283056877392304
2011-1-21	1.2894084002012307	0.3958550842573104	0.05280392039743864	0.048051542982535445
2012-4-26	1.4052084190632081	0.39585508425731003	0.09693991568582616	0.10207832372601766
2015-9-30	1.1261043233932924	0.018672278040526215	0.6187507497376972	0.9199889791848774
2008-10-23	1.7637951853956888	0.39585508425731036	0.0821666797633851	0.10507290530220237
2014-8-27	1.5037472307153763	0.3958550842573103	0.355960595817419	0.43095676119149284
2010-4-2	1.1570862439154288	0.39585508425731014	0.02572118073529439	0.01737819312004385
2008-10-7	1.629869088271165	0.39585508425731036	0.06989913376623269	0.08379721173055121
2006-12-29	1.7004540548785212	0.570210884243914	0.06072482909470778	0.07025618611555196
2013-3-15	1.4481281243478348	0.3958550842573105	0.14182657828871692	0.1510791606563362
2014-12-4	1.154490930775523	0.3958550842573105	0.14390809397978166	0.19697528422496524
2007-12-12	0.8501762766744306	0.5554037455231662	-0.01995597237951474	-0.036557686791020005
2010-1-14	1.1514847914564714	0.39585508425731014	0.023953212275280356	0.013692084974808338
2015-11-9	0.9888899236183251	0.01615520583119322	-0.07832024767567936	-0.13991644763559463
2010-9-9	1.2713622959607365	0.39585508425731053	0.0462803437376933	0.048458204518666115
2012-8-9	1.5000699741819754	0.39585508425731053	0.1271066166434569	0.14017671705901957
2009-3-25	1.487338240660022	0.3958550842573102	0.060419128691536095	0.06858443503129075
2015-11-9	0.9888899236183251	0.01615520583119322	-0.07832024767567936	-0.13991644763559463
2011-3-7	1.196023341651812	0.3958550842573104	0.03786409060187168	0.025353581851503604
2014-6-16	1.5811773295138487	0.3958550842573103	0.3472913375424318	0.4211223595591751
2015-11-12	0.9969745083732007	0.007944652691189458	-0.02325674860463367	-0.066437776196975
2014-7-28	1.520682514860254	0.39585508425731003	0.3428368770831458	0.403189735178759
2008-5-13	1.0219758208681047	0.4385383637939072	0.002851980571088264	-0.003086311604355574
2007-2-26	1.3750763959046703	0.5702108842439144	0.036671226536185486	0.03788133157214557
2011-6-28	1.2624345152182912	0.39585508425731036	0.053068633340056515	0.048277303424227425
2015-11-24	1.004452616736403	0.03567492700091506	0.04742142719304043	0.022408951111074105
2013-4-1	1.463739343292741	0.3958550842573104	0.14887748883256013	0.16165427545025635
2008-9-11	1.644088114620945	0.3958550842573105	0.07046686783328271	0.08510351808569472
2010-6-4	1.344045011562655	0.39585508425731014	0.05449318356565502	0.05822272190894218
2012-11-22	1.5914624563053859	0.3958550842573103	0.1616274328064209	0.19277557875301543
2010-7-30	1.3103102566236653	0.39585508425731003	0.05113628954452665	0.051280525922631215
2009-6-9	1.259953594695249	0.39585508425731025	0.0358586708313291	0.037196487344029805
2012-3-5	1.3784774825240744	0.39585508425731014	0.0876769253511227	0.09470484249316158
2011-8-19	1.331992072241794	0.3958550842573103	0.06789054448807241	0.06933243802544475
2010-6-7	1.360816250567518	0.39585508425731036	0.05692871722670345	0.06172031642386644
2008-1-9	0.7988654424186734	0.555403745523166	-0.02776441261369067	-0.04895374387613438
2010-2-3	1.1989807886167339	0.3958550842573105	0.031213776219820133	0.026116212432606867
2008-2-4	0.8745175033249951	0.5144991499414806	-0.016820629792263952	-0.03413206691546711
2015-7-7	0.9787894067217159	0.19375196242317624	-0.043730162786259075	-0.08618884328564347
2014-11-7	1.3440893302059473	0.3958550842573103	0.29542750671410833	0.42891771485966257
2009-1-15	1.6971406318795832	0.39585508425731	0.07900544097188433	0.09867222301291134
2010-10-29	1.1778816209373213	0.3958550842573099	0.03217444029874805	0.02092175911971772
2008-5-13	1.0219758208681047	0.4385383637939072	0.002851980571088264	-0.003086311604355574
2013-5-13	1.4507476423569061	0.3958550842573105	0.15196312391850464	0.16266236045985294
2013-9-3	1.5031428835915712	0.39585508425731036	0.19199711089399063	0.2237622804139736
2009-9-22	1.240306384387559	0.39585508425731025	0.03493713431427814	0.029702188771290938
2015-2-17	1.0374761545713933	0.39585508425730986	0.043552574264462685	0.07922252516309713
2008-6-4	1.1041776804035244	0.39585508425731036	0.013172772124842691	0.007800231991988094
2007-6-27	0.9830041232335556	0.5702108842439145	-0.0020117545118759628	-0.008358243019689793
2012-3-19	1.3960835088961636	0.3958550842573104	0.09226499215622197	0.09929549557947293
2008-6-18	1.2366108257664192	0.3958550842573103	0.028588916763741645	0.030891047186766496
2012-8-10	1.5052547474203688	0.3958550842573103	0.12836487027038768	0.1419715134555286
2010-12-2	1.24028399760112	0.3958550842573099	0.04332975995022781	0.03525773191647463
2012-11-26	1.5923848629673438	0.39585508425731053	0.16246268304536615	0.1938669534252513
2014-1-27	1.5697757946025335	0.3958550842573102	0.26464800635973074	0.31728457422772127
2011-10-19	1.3951066571962438	0.3958550842573103	0.0825620788441912	0.09370021453341204
2009-8-31	1.3350047810693102	0.39585508425731036	0.04669172953999934	0.045966254176806665
2010-11-30	1.24537108905114	0.3958550842573105	0.044122637770083406	0.03638995816262702
2008-4-11	1.0340360989817419	0.43861891496816624	0.004344554375754095	-0.0007499758155286029
2006-5-24	2.5542350991354676	0.5702108842439141	0.10255130315580985	0.11623511670973885
2014-8-6	1.4981840242361502	0.39585508425731	0.3355174794586018	0.3947521331770334
2014-8-8	1.5126180723783929	0.3958550842573102	0.3462824946645755	0.4103657374236718
2006-6-26	2.47627619598751	0.5702108842439143	0.09998531915584552	0.1125616563776215
2015-2-12	1.054289044774413	0.39585508425731025	0.06215622976285706	0.10635593591196013
2008-1-18	0.8197332354422796	0.5409278113808157	-0.024691215429843094	-0.044768919381784844
2011-10-28	1.3557629299095053	0.39585508425731036	0.07566978456278761	0.08186614816615001
2008-1-31	0.9115092316133191	0.5148787376159116	-0.011637722027899478	-0.02563688614201287
2009-7-6	1.1543587362873415	0.3958550842573099	0.02238195816842592	0.0168867761329623
2014-9-24	1.420416153830125	0.3958550842573101	0.32031065463708774	0.4079888136908256
2007-2-2	1.5189848313991967	0.5702108842439144	0.04803867081766766	0.05687857431890797
2015-4-7	0.8821665238102115	0.39394762795050553	-0.1580514349908937	-0.1568810837911232
2012-12-31	1.4514606349620847	0.39585508425731053	0.13248844394602965	0.14271411985301907
2009-11-4	1.1414397153886933	0.3958550842573104	0.02173141943909429	0.013977974558576411
2008-3-28	1.0127860596236429	0.4386189149681662	0.0016388159568188065	-0.005232334749039946
2011-3-29	1.2142695185222108	0.39585508425731025	0.041663723179651946	0.03069838262622593
2014-12-8	1.1153631427512538	0.39585508425731025	0.10875769369966726	0.14736410807373512
2012-5-18	1.4359050925881374	0.3958550842573105	0.10521722954139423	0.11063062408979563
2010-11-26	1.229538164616577	0.3958550842573102	0.041406147858459974	0.032597680960772424
2007-11-30	0.8870198505063301	0.5554037455231664	-0.014719161448158213	-0.028116005770151276
2009-3-26	1.4585712786327976	0.39585508425731053	0.057386932166768156	0.06354594314598261
2012-4-24	1.415414622260254	0.3958550842573102	0.09894661103348734	0.10496592925145598
2015-2-11	1.0562052591539546	0.3958550842573103	0.06415171146650445	0.10921253302991318
2015-7-30	1.008590251638193	0.1391304218937708	0.020752205199073837	-0.033364262360046526
2008-11-10	1.7858280334428258	0.39585508425731025	0.08464233548338784	0.10866173348866215
2011-10-11	1.4120945695517573	0.3958550842573102	0.08522468242284176	0.09633311335428596
2010-8-3	1.3110191502534616	0.39585508425731025	0.05134765789828899	0.051582001332027394
2015-2-17	1.0374761545713933	0.39585508425730986	0.043552574264462685	0.07922252516309713
2007-5-23	0.9995305229813025	0.570210884243914	-5.454954617456487e-05	-0.005328963651212937
2012-8-3	1.526037709375728	0.39585508425731064	0.1321472443656162	0.14762398814184174
2008-5-28	1.0792048888196308	0.39585508425731014	0.010090979227590502	0.003038096830505932
2012-12-20	1.5023365928743944	0.3958550842573101	0.14404226576417245	0.16263993432267232
2014-1-14	1.5742529241072405	0.3958550842573103	0.26108793882683035	0.31162191306279174
2015-3-19	0.9654591959298032	0.3958550842573102	-0.044020214501691024	-0.02589654955999754
2012-7-6	1.477538333011694	0.3958550842573103	0.11863233606328616	0.1280728471535857
2013-4-18	1.4733050153655036	0.39585508425731036	0.154415787456053	0.1696059503072278
2012-5-25	1.436055367277659	0.39585508425731036	0.10583902839980275	0.11135688376539155
2010-3-19	1.1776223242208095	0.39585508425731014	0.028672701937731082	0.02323681341181638
2012-5-11	1.3987380101828184	0.3958550842573099	0.0966946893080951	0.10266446249239936
2012-4-24	1.415414622260254	0.3958550842573102	0.09894661103348734	0.10496592925145598
2007-8-9	0.8837366128317233	0.5702108842439141	-0.014615579036275084	-0.028064291327186575
2010-4-9	1.163086886973723	0.3958550842573102	0.026735510831696452	0.018913403820646213
2015-11-11	0.9900475817291872	0.014837401261885352	-0.07323844018292236	-0.13386117799440744
2010-6-7	1.360816250567518	0.39585508425731036	0.05692871722670345	0.06172031642386644
2009-2-20	1.501208206488358	0.3958550842573103	0.06103448766975772	0.071397481505443
2013-2-7	1.3730223004782232	0.3958550842573103	0.1159186387785116	0.11311131955762654
2008-7-7	1.2717827135125832	0.3958550842573102	0.03265406074033472	0.03621386408147709
2015-7-23	0.9363949138631521	0.19894155625956944	-0.14003364965278453	-0.24459508844243227
2012-6-29	1.4798794282967744	0.3958550842573103	0.118451269949303	0.1287652016894829
2012-12-28	1.4666032758624796	0.39585508425731053	0.13602259275514306	0.1488402658795085
2011-4-1	1.2088933511182083	0.39585508425731036	0.040764202809441485	0.029772156461700172
2011-4-28	1.2319739115890012	0.39585508425731075	0.045644993400295375	0.03788097130753809
2015-5-22	0.8120484761255029	0.35548043711536387	-0.29096604948190796	-0.3647622168792528
2012-3-9	1.3838315046301077	0.39585508425731025	0.0890480228861541	0.09481678421008555
2011-8-25	1.3008753584340507	0.39585508425731025	0.06236434924460954	0.061350105120626
2013-9-24	1.471467514692042	0.39585508425730986	0.18611586773757072	0.20997428147682573
2013-9-24	1.471467514692042	0.39585508425730986	0.18611586773757072	0.20997428147682573
2012-12-14	1.5146383678265916	0.39585508425731014	0.14628017715742092	0.16636839429674044
2012-6-15	1.4374430207750593	0.3958550842573105	0.10795105443109887	0.11388364170189913
2006-8-8	2.6075648720535867	0.5702108842439141	0.10737124444535207	0.12416577060636058
2010-4-9	1.163086886973723	0.3958550842573102	0.026735510831696452	0.018913403820646213
2007-3-22	1.3610465542358707	0.5702108842439141	0.03574017740987445	0.038011300852247576
2010-4-2	1.1570862439154288	0.39585508425731014	0.02572118073529439	0.01737819312004385
2014-11-11	1.3230703490238531	0.39585508425731014	0.280714221720749	0.4058668662257874
2006-9-13	2.4977975967820605	0.5702108842439141	0.10345439374736265	0.11755173847589884
2015-1-27	1.029266189736739	0.39585508425731053	0.03183194035950354	0.05693247437271598
2009-9-16	1.2120309105127802	0.39585508425731003	0.03105571691465614	0.023122521197768142
2015-8-3	1.0063109636222725	0.13913042189377076	0.01563628101089276	-0.042825782716480854
2009-6-19	1.227893267188934	0.39585508425731025	0.031931452573691566	0.03109246287208678
2011-5-23	1.268695178491882	0.39585508425731014	0.053033634653971706	0.04862661873175678
2015-10-16	1.0529425393085996	0.01867227804052595	0.28976185789055786	0.3608666634069011
2006-8-31	2.497895142860204	0.5702108842439141	0.10304458885750578	0.1170503757837642
2006-5-17	2.5174499813074003	0.570210884243914	0.10067664774000251	0.11360004530939571
2013-7-19	1.5794723034518716	0.39585508425731025	0.20542093418609864	0.2473766751294848
2011-12-7	1.421754985543916	0.3958550842573104	0.09046980928161852	0.10275197688461146
2009-7-6	1.1543587362873415	0.3958550842573099	0.02238195816842592	0.0168867761329623
2015-12-9	1.0269385104597628	0	0.6243740236581261	0.8615621197705481
2006-11-13	2.3139868230812564	0.5702108842439141	0.09622955487102058	0.10790720396008502
2010-7-26	1.3267558824849233	0.3958550842573103	0.0534474528498976	0.05512120531835607
2010-12-16	1.2195644789052562	0.39585508425731025	0.04018287813266275	0.030675172779194737
2015-2-16	1.0422350767838207	0.3958550842573104	0.04894206920919353	0.08709992680190037
2015-6-10	0.8027034440344673	0.3156905834635091	-0.32773929239344435	-0.4633991024862584
2010-7-9	1.3775030586906676	0.39585508425731036	0.06022268637033612	0.06627569960445023
2013-4-17	1.47565739113596	0.3958550842573103	0.1549295627575933	0.1705422753444814
2014-9-19	1.4273445532210363	0.39585508425731053	0.32140675854714895	0.4103685064705971
2009-5-21	1.3190997018439379	0.3958550842573104	0.042782352160528836	0.04853394599748473
2007-10-30	0.8034142503791724	0.5554037455231665	-0.026436022046550267	-0.04744858947586705
2007-5-22	1.010218655469552	0.5702108842439142	0.0011813785591703319	-0.0033000382870306266
2011-3-17	1.229363345248145	0.3958550842573102	0.04406164400750967	0.034551300414136676
2015-6-9	0.80183968988095	0.31569058346350937	-0.32772559200046136	-0.463269668126702
2012-6-14	1.4404284262574834	0.39585508425731003	0.10851225410913612	0.11472703937158113
2006-11-30	2.0023567128793602	0.5702108842439142	0.07942229444004578	0.09035522371552518
2008-3-28	1.0127860596236429	0.4386189149681662	0.0016388159568188065	-0.005232334749039946
2007-5-8	1.044796431689553	0.5702108842439141	0.005079392371665659	0.002357570682159915
2008-8-26	1.5139041704710037	0.39585508425731014	0.05808163371554009	0.06729755705711282
2009-2-26	1.5729548438493408	0.39585508425731036	0.06845215500107504	0.08228101292808998
2008-11-6	1.901003840585704	0.3958550842573104	0.09403147605813666	0.12222885339332001
2008-12-19	1.6497901573075815	0.3958550842573105	0.07381159667522486	0.09003192139438765
2012-5-30	1.4101089843667458	0.3958550842573104	0.10065004819289136	0.10360761924045159
2014-6-13	1.5890915989749521	0.3958550842573102	0.3495101965670413	0.425045748802396
2015-11-6	0.9962706148762533	0.01615520583119311	-0.02540327853963187	-0.05580755211624866
2010-7-7	1.4024840190735097	0.3958550842573104	0.0636419875761427	0.07117667205668865
2010-6-28	1.3530633163739743	0.39585508425731014	0.05644362132371006	0.06088446847379725
2011-12-27	1.513889629708764	0.39585508425731025	0.1089991903032228	0.1299849033333833
2011-12-16	1.4777728972509392	0.39585508425731014	0.10153726096260929	0.11886581800000062
2015-8-13	0.965601907074489	0.1739558283558511	-0.08842561041825248	-0.19085033996818124
2011-3-25	1.206312360695364	0.3958550842573101	0.04013048920368778	0.0282206076931093
2006-10-26	2.375521033446634	0.5702108842439139	0.09882536345225712	0.1089182485390181
2007-11-7	0.8245680805511191	0.5554037455231662	-0.023396102700864008	-0.042316083684343364
2008-7-23	1.3119978874128697	0.39585508425731036	0.0371814264750463	0.03640420116259868
2013-8-29	1.5196527119623664	0.3958550842573106	0.19635470499451668	0.2304513255739047
2013-1-14	1.428035105811708	0.39585508425731064	0.12809189463196313	0.13640733769338054
2013-6-13	1.4987018962971816	0.39585508425731025	0.1722972572925754	0.1931497963783293
2010-2-8	1.2202781762584514	0.3958550842573102	0.034374717454672465	0.030540079763950567
2013-3-25	1.4236848775236028	0.3958550842573101	0.13630938579509566	0.14089477534804473
2014-12-23	1.074143570901842	0.3958550842573101	0.07290180912961675	0.12915969725043897
2015-5-5	0.8616888805882934	0.35548043711536365	-0.20411074715718291	-0.2646542509568326
2013-3-4	1.4406066349607105	0.3958550842573102	0.13810824045584114	0.14841545757094488
2011-9-15	1.352631719086389	0.39585508425731053	0.07293906710868248	0.07767881895783191
2009-6-1	1.2881114093355917	0.3958550842573104	0.039221588852583755	0.042622114103262776
2011-7-25	1.2801801590191602	0.3958550842573104	0.05730181890553321	0.05490291677819514
2006-9-11	2.497530689445181	0.5702108842439141	0.10337774722140347	0.11744548422578593
2009-10-30	1.183891606695702	0.3958550842573101	0.02775013554606076	0.022456609998784183
2006-5-23	2.541326605046122	0.5702108842439142	0.10193938678633807	0.11536763861286548
2013-12-11	1.485514526314959	0.3958550842573105	0.2130268497948249	0.2420067458933779
2007-4-30	1.0712831460461665	0.5702108842439142	0.007972482201856756	0.006423267681228362
2014-4-17	1.5649013696069898	0.3958550842573104	0.30110392675124587	0.3616827222890091
2013-1-18	1.4301344700203782	0.3958550842573103	0.12916099822215465	0.13430751240143124
2010-5-7	1.31819653454119	0.3958550842573104	0.0501177567385811	0.05122994158292471
2013-9-16	1.4572995139624465	0.39585508425731036	0.1791719005689023	0.20037605885740417
2011-2-16	1.214801552979408	0.3958550842573102	0.040776784332531735	0.030594430850024557
2013-10-23	1.4810712753409803	0.3958550842573102	0.19706635520887406	0.22423711562487902
2008-4-30	1.005698435722738	0.4449314272237258	0.0007412625541363127	-0.006642015394948686
2006-6-30	2.443122160759703	0.570210884243914	0.0985470884321551	0.11010717060565067
2011-7-5	1.2428364064597184	0.39585508425731	0.04963552556326878	0.04238362617062963
2011-11-21	1.400882368933813	0.39585508425731025	0.08554585070305243	0.09312789831487689
2011-1-26	1.2908745509725723	0.3958550842573101	0.053197525205141094	0.04854709316293104
2015-9-9	1.0801454064498155	0.018672278040526288	0.2885438483804703	0.3955040823350289
2013-2-4	1.3769981864871905	0.3958550842573104	0.11668504222908904	0.11442513190177483
2009-2-17	1.4837759210846668	0.39585508425731036	0.059155853913070766	0.06860885852633669
2006-9-7	2.5097142708995244	0.5702108842439141	0.1038265653462076	0.11823333580522766
2006-5-10	2.6080888770602395	0.5702108842439144	0.1045103579114679	0.1195569994124357
2013-12-12	1.4864814306331344	0.39585508425731014	0.21372631310389623	0.24305912232029692
2015-6-17	0.8191660960642945	0.299227379000815	-0.31158536197133224	-0.4422409143376891
2013-4-24	1.4621761473215573	0.3958550842573102	0.15217047020154273	0.16533421642287904
2006-11-30	2.0023567128793602	0.5702108842439142	0.07942229444004578	0.09035522371552518
2011-11-10	1.3581479957663383	0.3958550842573104	0.07680290576289295	0.08351210167531886
2010-7-7	1.4024840190735097	0.3958550842573104	0.0636419875761427	0.07117667205668865
2010-3-18	1.1843275513652638	0.3958550842573103	0.029668784426989836	0.024645151712485047
2013-6-19	1.4981952295830296	0.3958550842573102	0.17335238684726084	0.1943573544540831
2007-6-20	0.9639933582881662	0.5702108842439138	-0.004289063654279279	-0.011655192718471818
2008-12-3	1.6971999464895795	0.3958550842573106	0.07764523442468252	0.09712688017267723
2006-7-25	2.4628923961035047	0.5702108842439143	0.10023623078931254	0.11263428808107623
2006-6-27	2.4756652753994732	0.5702108842439141	0.09998697825830538	0.11255440932874983
2008-7-7	1.2717827135125832	0.3958550842573102	0.03265406074033472	0.03621386408147709
2006-5-15	2.4788552303629126	0.5702108842439141	0.09885227094368232	0.11210167973244922
2010-12-20	1.2334445039968829	0.3958550842573106	0.04261653913773533	0.03407583199174846
2014-9-2	1.4802839414858648	0.39585508425731036	0.3450196965316046	0.41046704948765433
2013-6-17	1.4971901015140285	0.3958550842573105	0.17263630507769956	0.19329610996864144
2008-5-12	1.0137128318389443	0.43844512942720226	0.001785293405800692	-0.004875686485425912
2009-8-3	1.1028128570525242	0.3958550842573103	0.015388854089996018	-0.001039606630956813
2012-6-7	1.4477291991502934	0.3958550842573103	0.10947126623494308	0.11631348533157726
2013-11-20	1.4808809546537707	0.3958550842573101	0.20485862510913888	0.2317527028959092
2008-12-11	1.652676047542105	0.3958550842573103	0.07384004882770867	0.09017562594903139
2013-1-23	1.425375957184041	0.3958550842573104	0.12851838059602283	0.13318864668882613
2012-11-14	1.589082074409951	0.3958550842573099	0.15985076692434652	0.1834282984028841
2015-7-17	0.9516545265982305	0.18588740416127	-0.10382331278387213	-0.19588049824349907
2015-6-12	0.7999218242688142	0.31569029030797513	-0.3346322131316777	-0.4714629577554118
2015-6-12	0.7999218242688142	0.31569029030797513	-0.3346322131316777	-0.4714629577554118
2007-10-25	0.8263530370468705	0.5554037455231666	-0.02303736081913077	-0.04176688327701161
2013-8-21	1.5218535432404061	0.39585508425731053	0.19509501447087563	0.23027224115066058
2009-2-26	1.5729548438493408	0.39585508425731036	0.06845215500107504	0.08228101292808998
2010-11-22	1.2332722144693502	0.39585508425731025	0.04193426325806038	0.033983571923105194
2014-1-7	1.5639654837822523	0.39585508425731036	0.25408166431594115	0.3007076915305722
2009-2-9	1.5198967363916684	0.3958550842573105	0.06266660464239582	0.07427220068253315
2013-11-25	1.4951021376357232	0.3958550842573102	0.21184974526384348	0.24233467136294773
2008-6-16	1.247875749188733	0.3958550842573103	0.02980568202408529	0.032665587029332865
2006-9-11	2.497530689445181	0.5702108842439141	0.10337774722140347	0.11744548422578593
2007-6-28	1.0110838732957568	0.5702108842439144	0.001296189464750297	-0.0029765323217835205
2009-4-1	1.4321706086838613	0.3958550842573106	0.05467189147633644	0.05942304461409398
2013-3-14	1.4500810188071944	0.3958550842573101	0.1422288242553884	0.15182981101030024
2006-9-4	2.4996650303869723	0.570210884243914	0.10325556716878181	0.11732568456005499
2008-9-4	1.5527679870135067	0.3958550842573106	0.061953499964126246	0.07266049944636421
2012-3-26	1.424288770464683	0.3958550842573103	0.0985825430268743	0.10826831325482766
2013-6-7	1.4693445952493018	0.3958550842573103	0.1620927372830656	0.1758586323464757
2010-9-28	1.2857506822501423	0.3958550842573102	0.04899349213578619	0.05208614796857858
2013-7-5	1.5643581010706897	0.3958550842573103	0.1973078996595099	0.2349169473345072
2008-3-24	1.0237789113176268	0.43861891496816635	0.0030291617702473683	-0.003211863417446059
2009-2-12	1.5196306859841737	0.3958550842573103	0.06271673321944449	0.07289847368712832
2007-4-26	1.0854098890809176	0.5702108842439143	0.009484441912967156	0.008558467584090401
2012-4-23	1.4149978871025595	0.39585508425731025	0.09878171320356866	0.10474906421912245
2009-8-3	1.1028128570525242	0.3958550842573103	0.015388854089996018	-0.001039606630956813
2014-2-11	1.5407327648744062	0.39585508425731025	0.2585893971525417	0.30360480334988615
2011-2-24	1.2277036916181845	0.3958550842573103	0.043236532360197755	0.034546147379991066
2013-9-6	1.502449751087059	0.3958550842573102	0.19250359412909823	0.22390390717465558
2015-10-8	1.1033064124513632	0.018672278040525982	0.5489945929818818	0.8000867612478488
2007-7-13	1.0170086257635904	0.5702108842439143	0.0019935546942471127	-0.0018127877918419077
2013-10-18	1.4779722104782183	0.3958550842573103	0.19458537075440185	0.2209577201370787
2008-1-22	0.8962642936543765	0.5147122805442075	-0.013699218977518135	-0.029047026461020753
2007-12-19	0.8641495852991327	0.555403745523166	-0.018012280597082153	-0.03350088268083784
2012-4-10	1.4360871167339415	0.3958550842573107	0.10216515503969803	0.11372543088964115
2010-9-15	1.2752574576041722	0.39585508425731036	0.04703268676870165	0.04951331535090775
2015-11-25	1.0000054567908467	0.035571014350642305	5.8581810695956804e-05	-0.054615307258978785
2007-2-8	1.474529023110804	0.5702108842439141	0.044634600670386604	0.0513164600219973
2014-12-19	1.0613662415603216	0.3958550842573099	0.05968193211487627	0.10879700414635551
2010-5-7	1.31819653454119	0.3958550842573104	0.0501177567385811	0.05122994158292471
2011-8-8	1.3349279372917329	0.39585508425731014	0.06794452578750154	0.07003716960997397
2008-11-19	1.697469594278696	0.39585508425731014	0.07723479841600445	0.09653949000851147
2012-10-17	1.5332335220214643	0.3958550842573104	0.14288516533494233	0.1660750988665567
2014-12-16	1.0791346701464881	0.3958550842573105	0.0763118540806833	0.13370932407726577
2011-3-1	1.2130175813848474	0.3958550842573107	0.04076685352795617	0.030405850358333986
2009-1-22	1.6464274031975679	0.3958550842573105	0.07452285450633145	0.09187547675531627
2015-1-20	1.0619880546644156	0.39585508425731025	0.06609263591272496	0.11495303343714403
2011-2-21	1.212584907770617	0.3958550842573098	0.04050265551375376	0.030070055456881795
2010-7-19	1.365696565873098	0.3958550842573102	0.05886052501157457	0.06402503622678068
2008-7-17	1.3123536720195106	0.39585508425731053	0.03713565780438577	0.044559820959616525
2011-10-28	1.3557629299095053	0.39585508425731036	0.07566978456278761	0.08186614816615001
2007-11-22	0.8831361064273962	0.5554037455231663	-0.015212844598015862	-0.028928430154819607
2009-6-26	1.215824418170446	0.39585508425731003	0.030462843846678744	0.02871847591418053
2008-8-11	1.4602772250994207	0.3958550842573101	0.052597172616350996	0.05937756758165236
2008-8-15	1.4639063276192692	0.39585508425731036	0.05303168168256489	0.06000720579953023
2013-8-15	1.5164196897612048	0.3958550842573105	0.1918220502764978	0.2256058350664376
2008-2-27	0.9087841995677736	0.5008510955556611	-0.012124149066486845	-0.026395099617374407
2015-6-26	0.9158407543576826	0.21652503816670246	-0.1584560270915636	-0.2433182342401482
2014-3-24	1.58537158448594	0.3958550842573102	0.2979335718376779	0.3629362385615118
2007-11-14	0.8437703770693299	0.5554037455231663	-0.02068113929707971	-0.03780653445075699
2011-10-31	1.3597887543783784	0.39585508425731053	0.07659091066400947	0.0833532921246225
2014-11-25	1.2830652695759237	0.3958550842573102	0.2561009535338328	0.36112092679422103
2015-1-29	1.048109607973602	0.39585508425731036	0.05269058174898178	0.08822666233654397
2010-11-3	1.1757471999198696	0.3958550842573104	0.031898240390371146	0.01863031741015586
2012-9-24	1.5747138111612669	0.39585508425731	0.1493053548324179	0.17615714992275033
2013-6-14	1.492607973391073	0.3958550842573105	0.17062060796839207	0.19010049105482563
2012-2-21	1.4086102246195025	0.3958550842573104	0.09294649620052708	0.10473318913797636
2011-10-10	1.4104552079179142	0.3958550842573105	0.08486855513650049	0.09575062514101451
2010-4-19	1.228457586629198	0.3958550842573104	0.03676658348239781	0.030129596712302975
2014-7-31	1.5113147840910206	0.39585508425731025	0.33927352100864216	0.3947857490941382
2014-9-30	1.4173316347850409	0.3958550842573104	0.32284843811241526	0.4101308837370623
2014-8-14	1.51382464408906	0.39585508425731014	0.35185913809094505	0.41405262167981083
2010-12-27	1.2553490929406417	0.3958550842573105	0.04645482647202526	0.03941523294472438
2015-7-20	0.9502078108480592	0.18712502714513116	-0.10870108054479144	-0.2030686661969593
2010-1-4	1.1365849399807049	0.39585508425731	0.021617182740514718	0.01043430959785141
2012-2-14	1.422560252398174	0.39585508425731025	0.09524829187859951	0.10872135324598742
2008-9-26	1.5718708104512664	0.39585508425731014	0.06427446301302364	0.07377802930362831
2007-9-6	0.8152567045677757	0.5660253974020684	-0.02425697085351397	-0.04278422636359702
2014-11-27	1.2635246536593727	0.3958550842573102	0.23992555737564225	0.33184051791454716
2007-11-21	0.8586272275092266	0.555403745523166	-0.018619558403721426	-0.034419446612371174
2009-12-25	1.158777882704906	0.3958550842573106	0.02480775184336448	0.015733388404846504
2014-5-8	1.6096932757560176	0.3958550842573104	0.33588396626392525	0.4112128984116237
2007-6-14	0.9775231168562246	0.5702108842439145	-0.0026559757835301623	-0.009333259511291936
2015-2-17	1.0374761545713933	0.39585508425730986	0.043552574264462685	0.07922252516309713
2008-6-10	1.1799205051871966	0.3958550842573106	0.022137110379889746	0.021362426689611524
2014-11-6	1.4017139952203501	0.39585508425731025	0.34296235332661884	0.4257508659421698
2009-2-10	1.5079876268019146	0.39585508425731025	0.06147882897439172	0.07227416431507616
2012-6-1	1.4134159750690365	0.39585508425731053	0.10153260618343563	0.1048577751705575
2011-4-11	1.1925356193904117	0.3958550842573102	0.03800555724559462	0.025945803035707815
2013-7-8	1.591809898034997	0.39585508425731064	0.2064679954391182	0.2502385966736649
2009-12-25	1.158777882704906	0.3958550842573106	0.02480775184336448	0.015733388404846504
2015-12-9	1.0269385104597628	0	0.6243740236581261	0.8615621197705481
2013-1-15	1.4300758130891393	0.39585508425731025	0.12876366694394314	0.13384808930752223
2011-7-11	1.244847636107236	0.3958550842573103	0.05020220161787581	0.04323799527025307
2013-1-7	1.4468810799553906	0.3958550842573103	0.13219386483211193	0.14171829826772764
2009-9-29	1.279037158070977	0.3958550842573104	0.04014931010849798	0.03840031910593589
2014-8-25	1.4969523290723272	0.39585508425731053	0.3497279796831223	0.42194166787175913
2009-6-26	1.215824418170446	0.39585508425731003	0.030462843846678744	0.02871847591418053
2012-6-19	1.4410157621702806	0.3958550842573103	0.10908377813587555	0.11541940329015343
2011-10-19	1.3951066571962438	0.3958550842573103	0.0825620788441912	0.09370021453341204
2015-11-24	1.004452616736403	0.03567492700091506	0.04742142719304043	0.022408951111074105
2013-9-11	1.455571867779326	0.39585508425731003	0.17740653059770284	0.1981245633408235
2009-2-5	1.5877121252307482	0.39585508425731036	0.06930878446478905	0.08440374292767716
2014-10-15	1.4127838723256851	0.39585508425731036	0.33197059851511557	0.4205570566949237
2011-4-12	1.1939313792041362	0.39585508425731064	0.03828544191437877	0.026395813513344857
2012-10-29	1.5630153303087309	0.39585508425731053	0.15144372610607304	0.17854392590775992
2011-2-21	1.212584907770617	0.3958550842573098	0.04050265551375376	0.030070055456881795
2007-8-9	0.8837366128317233	0.5702108842439141	-0.014615579036275084	-0.028064291327186575
2012-4-9	1.4447473777541322	0.3958550842573103	0.10386734640908668	0.1165804641938264
2008-8-22	1.4816375766294017	0.3958550842573102	0.05489864682408818	0.0627069576479169
2013-5-13	1.4507476423569061	0.3958550842573105	0.15196312391850464	0.16266236045985294
2011-7-21	1.2574538964165356	0.39585508425731	0.0529040177895066	0.047632382527498685
2015-2-4	1.066608585315854	0.39585508425731014	0.07439550862248301	0.11848236449236293
2014-12-17	1.0663396466402237	0.3958550842573103	0.06416172481283033	0.11539436719521246
2007-4-3	1.2680700849329933	0.5702108842439141	0.02752941546549903	0.03068517417254557
2011-8-16	1.303056500781909	0.39585508425731036	0.062408948594760094	0.06151725094094651
2014-9-26	1.4222468390717322	0.39585508425731036	0.3232648254217325	0.41223449829714087
2008-2-29	0.9046171139585399	0.5008510955556611	-0.012711827652950536	-0.027340846140042063
2015-10-14	1.0781018010798726	0.01867227804052612	0.43500313653423306	0.6114305861499547
2013-3-6	1.405893015611981	0.3958550842573103	0.12857829189951464	0.13243522400787455
2008-5-8	1.0107033129593084	0.4384092453635592	0.0013932842531463319	-0.005537349675709735
2012-1-11	1.4552743170260498	0.3958550842573104	0.09919263344575557	0.1158103399332222
2006-10-13	2.397768996868198	0.5702108842439142	0.09953681184140861	0.1105780896070987
2011-6-2	1.2886845536309486	0.39585508425731053	0.05696244247454496	0.05409384717458843
2009-10-22	1.1735853157475824	0.39585508425731053	0.026199730223550377	0.01904424694250384
2012-2-24	1.380753794541188	0.39585508425731036	0.08749240336646835	0.09557313598940209
2010-9-9	1.2713622959607365	0.39585508425731053	0.0462803437376933	0.048458204518666115
2015-9-23	1.111460657503191	0.01867227804052615	0.4883129932949819	0.7079870117861036
2011-10-24	1.3970586283210495	0.3958550842573105	0.08320527588110371	0.09467115317584418
2014-11-5	1.4027598700895392	0.39585508425731053	0.3428897957677657	0.42584257005892545
2010-12-20	1.2334445039968829	0.3958550842573106	0.04261653913773533	0.03407583199174846
2008-4-9	1.0528738815879177	0.4386189149681661	0.006691102103402402	0.002565945149244575
2008-5-23	1.0547754128386584	0.4092980053293924	0.007036409059998583	0.0030714750186808804
2012-1-18	1.4599277943138824	0.39585508425731025	0.10058739194510813	0.11796784705244634
2013-1-24	1.4349566869593962	0.39585508425731025	0.13123056568555436	0.13701043747179087
2008-8-25	1.4834748057498717	0.39585508425731014	0.055139646450008906	0.06304294988378012
2009-3-20	1.4961443226600988	0.39585508425731064	0.06121693308406573	0.06985857592772193
2013-10-10	1.4773220487076566	0.3958550842573101	0.19225305831325734	0.2178149067818942
2012-2-2	1.4367862879917506	0.3958550842573102	0.09720105319705796	0.11182774415756502
2006-4-26	2.779509644625337	0.570210884243914	0.11135830561896842	0.12963290368156444
2008-2-5	0.877463451277966	0.5145314672178797	-0.01640786381995929	-0.03344271774383112
2009-8-25	1.245951518370117	0.39585508425731036	0.035248043489147785	0.03044007898491463
2013-10-28	1.503826740325937	0.39585508425731025	0.2068773281156462	0.23827185085851665
2010-9-13	1.2606052054599415	0.39585508425731025	0.04470076847600368	0.04615228209084288
2015-6-12	0.7999218242688142	0.31569029030797513	-0.3346322131316777	-0.4714629577554118
2009-6-12	1.276410824929508	0.3958550842573101	0.03795866914590329	0.04017764739157692
2008-10-24	1.8003925613517595	0.39585508425731025	0.08529756784001208	0.10964930441673237
2011-11-25	1.4062287978772217	0.3958550842573102	0.08679454145114907	0.0974896469364972
2007-9-12	0.8380981214637031	0.5660253974020683	-0.02105128027205605	-0.03831149231953823
2010-11-15	1.1964300882810512	0.3958550842573099	0.03562519245499285	0.024996932412101103
2007-3-19	1.380018771450369	0.5702108842439136	0.03733923724799215	0.04026125998357144
2012-11-30	1.6110192618020114	0.39585508425731036	0.16748809907044993	0.20109919433679324
2006-8-3	2.5799818880637844	0.5702108842439138	0.10595642127264093	0.12214382597748008
2008-4-1	1.0748474226332079	0.4386189149681657	0.009359380682474994	0.00631278831404658
2008-4-29	1.0342921210274518	0.4453723637841242	0.004404958025507444	-0.0005209775944962081
2014-12-11	1.1075901120540383	0.3958550842573099	0.10228365989118315	0.17261545327562278
2008-12-11	1.652676047542105	0.3958550842573103	0.07384004882770867	0.09017562594903139
2008-4-11	1.0340360989817419	0.43861891496816624	0.004344554375754095	-0.0007499758155286029
2015-4-20	0.8458189855847933	0.39394762795050553	-0.21461240346114208	-0.2331638213641083
2011-7-7	1.2476532618030731	0.39585508425731	0.05060398529273025	0.04399361341677732
2013-3-5	1.414749610433523	0.39585508425731025	0.13096210736706682	0.1364794130148177
2015-3-18	0.9658353195588198	0.3958550842573099	-0.04339431914755343	-0.027848447864842085
2014-12-3	1.1922217030590023	0.39585508425730986	0.17836429385598684	0.24783416874248299
2015-11-5	1.012743147990287	0.01615520583119327	0.0893596522700768	0.10650063947856703
2008-8-28	1.5121042805601532	0.3958550842573101	0.05795474502222797	0.06707948271147601
2012-11-14	1.589082074409951	0.3958550842573099	0.15985076692434652	0.1834282984028841
2009-8-17	1.2388905339187855	0.3958550842573099	0.0342015167770795	0.028759344299726708
2008-6-3	1.0909254831452615	0.3958550842573105	0.011554356505132368	0.005303738491127641
2011-3-21	1.2266108205894928	0.39585508425731025	0.043675178538862935	0.03395521428615478
2008-11-3	1.8980268314895887	0.3958550842573102	0.09367900776891624	0.1217227621214716
2012-6-28	1.4951798197830373	0.39585508425731014	0.12164098680321067	0.13339798982808526
2007-9-12	0.8380981214637031	0.5660253974020683	-0.02105128027205605	-0.03831149231953823
2011-11-10	1.3581479957663383	0.3958550842573104	0.07680290576289295	0.08351210167531886
2011-9-2	1.331550976908717	0.39585508425731025	0.06843084980616254	0.07030409939142812
2008-4-18	1.1471297985695375	0.4386189149681663	0.01798297314781583	0.018260654406005772
2015-6-3	0.8209095216185155	0.31569058346350953	-0.29152534962584487	-0.4209327911887354
2015-3-24	0.9359504249216908	0.39585508425731	-0.08266908246384397	-0.06872014047206043
2006-6-29	2.44198314951075	0.5702108842439141	0.09846345156643443	0.10997654708216831
2015-6-24	0.8481852322823782	0.27440235725689405	-0.2736173407942085	-0.39666324316588597
2007-1-11	1.59429490097616	0.5702108842439142	0.0533755890763401	0.05994344775566596
2008-12-17	1.6784682606202184	0.39585508425731014	0.07638538779788151	0.0938407397534533
2015-8-28	1.0932056086612896	0.01867227804052612	0.3027076296156195	0.42040338074456396
2011-4-18	1.1866058530098695	0.39585508425731036	0.03706334421479718	0.02435803335885134
2012-4-18	1.408930711630215	0.39585508425731	0.09712306653149949	0.10504491807242777
2011-7-11	1.244847636107236	0.3958550842573103	0.05020220161787581	0.04323799527025307
2010-6-9	1.3313175605760728	0.3958550842573099	0.05282750742407383	0.055772991622182744
2006-6-26	2.47627619598751	0.5702108842439143	0.09998531915584552	0.1125616563776215
2013-7-10	1.5653824865923351	0.3958550842573101	0.19882116933198724	0.23698823072906183
2012-7-9	1.501542700236222	0.3958550842573101	0.12413180743441243	0.1359383316848639
2009-2-13	1.4885483028053617	0.3958550842573103	0.059553514768805105	0.06760170090138296
2011-7-26	1.2773393422840058	0.3958550842573102	0.05680817197477217	0.054178989089065155
2009-1-23	1.6532964163852353	0.3958550842573102	0.07519873640544206	0.09283056877392304
2013-2-5	1.3698806204528924	0.3958550842573103	0.11480487326097366	0.1112465729411225
2007-10-11	0.7844485507077065	0.566025397402068	-0.02909601308326415	-0.0504972204086791
2013-12-19	1.5201143647199362	0.3958550842573104	0.22944537584448632	0.2658930205103407
2006-12-27	1.7304374590067506	0.570210884243914	0.06274626025964958	0.073651577532033
2006-12-6	1.871472011832581	0.5702108842439138	0.07155427823170579	0.08605666938530776
2013-9-11	1.455571867779326	0.39585508425731003	0.17740653059770284	0.1981245633408235
2012-8-9	1.5000699741819754	0.39585508425731053	0.1271066166434569	0.14017671705901957
2008-10-13	1.6840314831935377	0.3958550842573104	0.07492417337585366	0.09263138676548244
2015-6-29	0.9367781324292602	0.19861372399175817	-0.12213349460510581	-0.19403485323281533
2008-8-15	1.4639063276192692	0.39585508425731036	0.05303168168256489	0.06000720579953023
2013-1-9	1.4510068742261932	0.39585508425731036	0.13353954528385614	0.14349632064809192
2015-9-9	1.0801454064498155	0.018672278040526288	0.2885438483804703	0.3955040823350289
2010-4-1	1.1544863764921733	0.39585508425731014	0.025307435834569958	0.01817250660485481
2012-11-8	1.5742971417305909	0.3958550842573103	0.1555053063102707	0.17863332864133774
2006-5-12	2.5603201981240478	0.570210884243914	0.10245634733176856	0.11688248338709095
2013-7-30	1.5795904459930685	0.39585508425731003	0.20827031678166885	0.2510778151682256
2007-12-24	0.8367088382334	0.5554037455231662	-0.021986295870358386	-0.03973101437751825
2009-6-4	1.262748088120071	0.39585508425731025	0.036131810716502955	0.0374807203807217
2014-8-6	1.4981840242361502	0.39585508425731	0.3355174794586018	0.3947521331770334
2013-1-28	1.4084367784750431	0.3958550842573102	0.12454208714308179	0.12731060222754986
2015-4-2	0.9046056737765675	0.3958550842573105	-0.12631147511767982	-0.11665417634152198
2013-3-8	1.4219343438595398	0.3958550842573105	0.13340982291093617	0.1393635270913145
2008-1-2	0.8194310157849236	0.5554037455231662	-0.02460249596358821	-0.04387882005776722
2006-7-20	2.4967497934991605	0.5702108842439143	0.10167454523898134	0.11497398897583411
2007-11-26	0.8799622020201654	0.5554037455231661	-0.015671124189522656	-0.029655021468864118
2013-9-17	1.4785922606897786	0.3958550842573103	0.18692528340940884	0.21164288611386173
2014-11-20	1.3307178342314807	0.39585508425731025	0.2945158744703986	0.4274240377546832
2012-4-11	1.4359549391805622	0.3958550842573101	0.10221687793004919	0.11378435135526588
2014-6-12	1.6008524105494906	0.39585508425731025	0.35523482470628753	0.4338892312367999
2015-3-26	0.939449104861741	0.3958550842573101	-0.07873631440132944	-0.06205996248714629
2009-6-10	1.2513143520860392	0.3958550842573105	0.03478738676587012	0.03566926088041744
2008-8-6	1.3625125632330946	0.39585508425731025	0.04268739572343483	0.04470889581114901
2008-3-6	0.9054508134304166	0.4929237114751709	-0.012622064426370816	-0.02767604456044237
2012-12-3	1.6275996944703615	0.39585508425731025	0.1718724688290696	0.20737701125089125
2012-9-18	1.5665843584091772	0.3958550842573102	0.14669273473742028	0.17202924495612426
2013-8-6	1.5322621758751889	0.3958550842573102	0.19484169968542409	0.22923574737735608
2014-1-15	1.5758597801056116	0.3958550842573103	0.26215729930013065	0.3133079561556349
2013-10-21	1.4591305255346756	0.3958550842573102	0.18839729576182385	0.2115975932767804
2008-7-31	1.2987378829600345	0.39585508425731036	0.035873545453342315	0.04035918387977566
2012-6-28	1.4951798197830373	0.39585508425731014	0.12164098680321067	0.13339798982808526
2014-5-6	1.5983421351230136	0.3958550842573104	0.3288852225754113	0.4009325217238071
2009-1-12	1.7153882567978243	0.39585508425731025	0.0805666729459531	0.10133668924297501
2015-5-20	0.837147568481065	0.3554804371153639	-0.25244257030681727	-0.318482803099866
2006-8-16	2.56878258722147	0.5702108842439139	0.10586637751037653	0.12152767519452756
2010-10-25	1.1433221876781858	0.39585508425731003	0.02618977746248574	0.015086057827890853
2007-10-15	0.7793966304816664	0.5660253974020686	-0.02989791533885411	-0.051787526922235316
2007-6-15	0.9735739592433088	0.5702108842439144	-0.0031291887079759606	-0.010004220717656387
2008-1-18	0.8197332354422796	0.5409278113808157	-0.024691215429843094	-0.044768919381784844
2006-10-17	2.4170561135872197	0.5702108842439139	0.1006184857101704	0.11211144381637483
2014-5-7	1.6087709687971854	0.39585508425731036	0.3347757371260125	0.4096748052364867
2008-6-3	1.0909254831452615	0.3958550842573105	0.011554356505132368	0.005303738491127641
2007-12-3	0.8829351131886003	0.5554037455231666	-0.015296924441718929	-0.029036225429960538
2013-4-19	1.4490779279748154	0.3958550842573103	0.1475049260223038	0.1578774116795465
2013-3-15	1.4481281243478348	0.3958550842573105	0.14182657828871692	0.1510791606563362
2010-4-28	1.2499402133857815	0.3958550842573104	0.04010236854702476	0.03484983884679038
2014-10-28	1.4326905212899146	0.3958550842573105	0.359813057687592	0.45976920666403776
2015-11-4	1.028000808477698	0.016155205831193117	0.20113808261230792	0.27060187666743274
2014-9-24	1.420416153830125	0.3958550842573101	0.32031065463708774	0.4079888136908256
2010-9-9	1.2713622959607365	0.39585508425731053	0.0462803437376933	0.048458204518666115
2007-12-27	0.8211258012770118	0.5554037455231662	-0.02430102633174991	-0.04340055426609035
2009-5-25	1.3182180264246526	0.3958550842573107	0.042749249148637425	0.048460211575153345
2014-11-20	1.3307178342314807	0.39585508425731025	0.2945158744703986	0.4274240377546832
2007-11-21	0.8586272275092266	0.555403745523166	-0.018619558403721426	-0.034419446612371174
2008-9-12	1.640879368129561	0.39585508425731025	0.07020773403820169	0.0847270147359569
2008-11-26	1.7594501453419087	0.3958550842573102	0.08291285230368062	0.10578482871170292
2009-5-19	1.2934260995944398	0.3958550842573104	0.03965317700843718	0.04339793848198559
2010-12-7	1.2278496281005895	0.3958550842573104	0.04137497828432446	0.03244494639089823
2007-5-9	1.0417245654303169	0.5702108842439141	0.0047387957766023	0.0018799043639576851
2015-12-15	1.0152882677693942	0	0.4852317655767573	0.6031227358950615
2015-12-7	1.0167561131438894	0	0.31744697287531487	0.39210261327430995
2014-5-21	1.6091219045467486	0.3958550842573101	0.34418239703214804	0.42184997226496534
2013-5-16	1.4430455650271878	0.39585508425731025	0.15013664848188535	0.1593883627642465
2011-5-16	1.2460504916100859	0.39585508425731014	0.04871597694066243	0.04269837313594382
2014-11-24	1.2937616148303444	0.3958550842573101	0.26493151771396306	0.3770685006082335
2010-2-25	1.1828948845846958	0.3958550842573102	0.0291592490139696	0.0230870736002724
2014-7-17	1.5962863191535102	0.3958550842573101	0.3799971409819165	0.46670882939681757
2008-9-26	1.5718708104512664	0.39585508425731014	0.06427446301302364	0.07377802930362831
2010-2-5	1.2197303886823303	0.39585508425731064	0.034247276690075434	0.0303805525926224
2015-3-16	0.99425778026983	0.39585508425731025	-0.007271871772882799	0.019260754434909044
2013-4-18	1.4733050153655036	0.39585508425731036	0.154415787456053	0.1696059503072278
2013-9-17	1.4785922606897786	0.3958550842573103	0.18692528340940884	0.21164288611386173
2008-10-6	1.6185414347576863	0.3958550842573101	0.06884062580302208	0.0819066918138942
2010-8-30	1.2996880701230338	0.3958550842573101	0.05036727627666382	0.04897404387995574
2011-12-13	1.464356395435491	0.3958550842573105	0.09884150741420172	0.11496305113438421
2015-1-6	1.018626427516333	0.3958550842573102	0.019047776984896014	0.03393745747446841
2010-5-7	1.31819653454119	0.3958550842573104	0.0501177567385811	0.05122994158292471
2014-9-9	1.458543769309607	0.39585508425731025	0.3356557827794715	0.391420945298806
2014-6-11	1.597088831331619	0.3958550842573104	0.3524527619104627	0.42982868048053735
2012-5-10	1.3923934151129174	0.3958550842573102	0.09524905796874683	0.1002620899928428
2014-6-20	1.6093356989651468	0.3958550842573105	0.36588698690400956	0.44869413756930165
2007-3-19	1.380018771450369	0.5702108842439136	0.03733923724799215	0.04026125998357144
2011-2-15	1.2218241548456032	0.3958550842573101	0.04198566049326358	0.03259807793517289
2009-6-10	1.2513143520860392	0.3958550842573105	0.03478738676587012	0.03566926088041744
2008-12-9	1.655868721056093	0.39585508425731025	0.07407433166302901	0.09051757652079151
2008-8-11	1.4602772250994207	0.3958550842573101	0.052597172616350996	0.05937756758165236
2014-9-5	1.457150055776488	0.3958550842573103	0.3314699752158905	0.3858573921014976
2015-1-12	1.0404850506953205	0.3958550842573102	0.042133398325066906	0.07358829920352417
2009-1-16	1.678875712174735	0.39585508425731014	0.07735994080679154	0.09588562270821566
2015-12-7	1.0167561131438894	0	0.31744697287531487	0.39210261327430995
2011-7-11	1.244847636107236	0.3958550842573103	0.05020220161787581	0.04323799527025307
2006-4-27	2.7809549864681458	0.570210884243914	0.11145121100938882	0.12971813819360922
2007-8-9	0.8837366128317233	0.5702108842439141	-0.014615579036275084	-0.028064291327186575
2011-6-24	1.2666597175273633	0.3958550842573103	0.053715574260982724	0.049248522302565156
2008-2-28	0.9108708031871888	0.5008510955556609	-0.011839279596522312	-0.025929019157677424
2014-4-11	1.5432651505765778	0.39585508425731025	0.28735476948652505	0.3416343882739701
2013-1-22	1.4294979600745337	0.3958550842573104	0.12950202554477008	0.13462419460598785
2007-12-4	0.8765266915523634	0.5554037455231661	-0.01619009571879526	-0.030461169835937607
2012-12-13	1.5606628678478867	0.3958550842573104	0.1574663909447438	0.18523234580392356
2010-12-7	1.2278496281005895	0.3958550842573104	0.04137497828432446	0.03244494639089823
2008-12-15	1.6943474085339238	0.3958550842573103	0.07776405729007507	0.09582790176644962
2010-9-9	1.2713622959607365	0.39585508425731053	0.0462803437376933	0.048458204518666115
2008-6-6	1.1158695109028436	0.3958550842573107	0.014593654066592299	0.009981708807791145
2008-10-31	1.8897873341925948	0.39585508425731	0.09290279749018637	0.12062036054016079
2006-11-9	2.264284864334867	0.5702108842439141	0.09350871090594226	0.10382557496984446
2010-12-7	1.2278496281005895	0.3958550842573104	0.04137497828432446	0.03244494639089823
2009-5-18	1.302965525216016	0.3958550842573102	0.040791231827369545	0.045027374242763596
2011-2-9	1.2717240389267361	0.3958550842573101	0.05040893883209474	0.04448863680586279
2006-5-24	2.5542350991354676	0.5702108842439141	0.10255130315580985	0.11623511670973885
2014-1-24	1.5552455510708438	0.39585508425731003	0.25730668925445066	0.30666970490098766
2013-5-10	1.4473087339286423	0.3958550842573101	0.15042026442393364	0.16036910446096964
2010-3-8	1.183180754599372	0.39585508425731053	0.02935538175437835	0.023526558862845492
2015-6-25	0.8680697754961084	0.25739171248997034	-0.24130620194931518	-0.35420867990789173
2013-6-14	1.492607973391073	0.3958550842573105	0.17062060796839207	0.19010049105482563
2007-5-25	0.9924649233932907	0.5702108842439142	-0.0008788229020092464	-0.006682780301432323
2011-5-27	1.2864759332765119	0.39585508425731	0.0563585082116691	0.05330606803803262
2014-8-29	1.4988524340824423	0.39585508425731014	0.3543438277855291	0.4281501056968595
2007-1-4	1.6874652105309074	0.5702108842439142	0.05993466388777002	0.06888026489321919
2011-2-16	1.214801552979408	0.3958550842573102	0.040776784332531735	0.030594430850024557
2014-5-19	1.6202853505802506	0.3958550842573103	0.3485985290509166	0.4287742419096954
2013-5-6	1.4526488042588945	0.39585508425731025	0.15135303778325104	0.16222452949211186
2010-4-16	1.1829236157084393	0.3958550842573102	0.029873918146805067	0.02018912544492535
2010-7-1	1.4239379000912842	0.39585508425731014	0.06638595397208191	0.07511489750955969
2011-7-5	1.2428364064597184	0.39585508425731	0.04963552556326878	0.04238362617062963
2009-7-2	1.1793865557614018	0.39585508425730986	0.0257251421027358	0.021212823513610868
2008-12-5	1.6656356770335692	0.3958550842573102	0.07484925607248094	0.09247902038740818
2006-11-15	2.246028168891556	0.5702108842439143	0.09271503599584352	0.10322766318741783
2009-7-10	1.153428445359734	0.39585508425731036	0.022292950641831455	0.01582353968394079
2011-3-3	1.2212327678054185	0.39585508425731014	0.04227034769730609	0.032629994696631526
2006-12-19	1.772066411017589	0.5702108842439142	0.06538947209518242	0.0772130901167496
2009-8-12	1.182539516724798	0.39585508425731036	0.026612966827280315	0.016092067090564433
2007-3-30	1.3143706627716072	0.5702108842439141	0.03171133814039839	0.0350709681686856
2009-4-15	1.336494402485898	0.39585508425731014	0.04417717756002726	0.05143034586351969
2014-5-6	1.5983421351230136	0.3958550842573104	0.3288852225754113	0.4009325217238071
2008-7-17	1.3123536720195106	0.39585508425731053	0.03713565780438577	0.044559820959616525
2007-11-22	0.8831361064273962	0.5554037455231663	-0.015212844598015862	-0.028928430154819607
2009-2-2	1.6391562200804402	0.39585508425731025	0.07417131999730886	0.0913298869919863
2006-8-16	2.56878258722147	0.5702108842439139	0.10586637751037653	0.12152767519452756
2009-2-4	1.5797351773015123	0.39585508425731025	0.06850022781818055	0.08324539615217064
2013-4-16	1.475300340670915	0.39585508425731053	0.15465769421902098	0.17015860561250462
2009-3-25	1.487338240660022	0.3958550842573102	0.060419128691536095	0.06858443503129075
2015-7-15	0.9819247677645713	0.15999209874966908	-0.03908290805123171	-0.10944287370408767
2015-10-15	1.0629561289221408	0.018672278040526184	0.3459884190139957	0.4470391025985523
2010-7-22	1.3354886404712076	0.39585508425731014	0.05460778519544007	0.05707351218259071
2014-3-26	1.58810624393609	0.3958550842573101	0.30025821536547803	0.36621282110708453
2013-5-2	1.4802112791409268	0.39585508425731025	0.15884372974959904	0.1749820006323679
2009-11-11	1.1367875656913082	0.3958550842573105	0.021120035468448428	0.012036026559874458
2014-1-3	1.5388188782488061	0.39585508425731025	0.24233644828319134	0.2836699841545274
2015-10-26	1.0361509168501604	0.016155205831193425	0.22450168188784514	0.30719228878526206
2009-9-30	1.2689590455617241	0.39585508425731025	0.03885140388852393	0.036610951846274054
2011-12-6	1.430966701107741	0.39585508425731025	0.09213959377431746	0.10395820491512286
2011-8-1	1.2772218744068358	0.3958550842573102	0.0570036446069937	0.05438977361699138
2008-9-4	1.5527679870135067	0.3958550842573106	0.061953499964126246	0.07266049944636421
2011-11-29	1.3919783768549951	0.39585508425731014	0.08433016992574216	0.09376500624705297
2007-3-30	1.3143706627716072	0.5702108842439141	0.03171133814039839	0.0350709681686856
2007-10-24	0.8041955028788336	0.5554037455231663	-0.026268041823816368	-0.04718798491118026
2012-7-27	1.5283402941874562	0.39585508425731014	0.13185881752071626	0.14739878368433934
2015-3-26	0.939449104861741	0.3958550842573101	-0.07873631440132944	-0.06205996248714629
2010-2-3	1.1989807886167339	0.3958550842573105	0.031213776219820133	0.026116212432606867
2013-1-14	1.428035105811708	0.39585508425731064	0.12809189463196313	0.13640733769338054
2008-6-19	1.3032414824380896	0.3958550842573107	0.03579186136958645	0.04132220781280127
2007-2-28	1.4265400482929786	0.5702108842439142	0.04101307362161033	0.04522684478381356
2008-9-2	1.536966170784001	0.3958550842573102	0.060424146492679576	0.0703947680022714
2013-4-22	1.4501077253667145	0.3958550842573101	0.1482913328069515	0.15893404967443914
2014-7-28	1.520682514860254	0.39585508425731003	0.3428368770831458	0.403189735178759
2011-3-21	1.2266108205894928	0.39585508425731025	0.043675178538862935	0.03395521428615478
2009-6-30	1.20549950445375	0.3958550842573103	0.02916404497727032	0.026856206255332804
2007-3-23	1.3521412456396031	0.570210884243914	0.03497701802298647	0.03780791468197697
2011-11-15	1.3448151512452275	0.39585508425731025	0.07449372798287102	0.07945542517002813
2012-4-23	1.4149978871025595	0.39585508425731025	0.09878171320356866	0.10474906421912245
2012-3-9	1.3838315046301077	0.39585508425731025	0.0890480228861541	0.09481678421008555
2010-4-22	1.2216951519936605	0.3958550842573105	0.03581536694135212	0.028748809372774575
2013-1-28	1.4084367784750431	0.3958550842573102	0.12454208714308179	0.12731060222754986
2013-9-6	1.502449751087059	0.3958550842573102	0.19250359412909823	0.22390390717465558
2014-10-30	1.4141310487245706	0.3958550842573105	0.34661689526406625	0.4357397901493416
2009-8-17	1.2388905339187855	0.3958550842573099	0.0342015167770795	0.028759344299726708
2007-7-25	0.9499202180760856	0.5702108842439142	-0.006072008996192979	-0.014508680100059679
2012-8-1	1.5238738339776334	0.3958550842573099	0.13145074859362227	0.1466688440749231
2011-9-30	1.4025521252251019	0.39585508425731036	0.08286608268397444	0.09267312089574564
2006-4-19	2.833140616776584	0.5702108842439142	0.1133174001941386	0.13113679759851027
2015-10-29	1.0477493193106167	0.016155205831193353	0.32194149736360855	0.4550960608625618
2013-7-30	1.5795904459930685	0.39585508425731003	0.20827031678166885	0.2510778151682256
2009-11-11	1.1367875656913082	0.3958550842573105	0.021120035468448428	0.012036026559874458
2009-3-23	1.473964435273453	0.3958550842573103	0.05895555600600333	0.0660484402290038
2007-11-1	0.8025986956544933	0.5554037455231663	-0.026574626522880562	-0.04767054313775687
2013-10-28	1.503826740325937	0.39585508425731025	0.2068773281156462	0.23827185085851665
2012-12-14	1.5146383678265916	0.39585508425731014	0.14628017715742092	0.16636839429674044
2012-6-19	1.4410157621702806	0.3958550842573103	0.10908377813587555	0.11541940329015343
2007-3-26	1.3271226652334327	0.5702108842439142	0.03280788166722881	0.03578236231361598
2013-2-4	1.3769981864871905	0.3958550842573104	0.11668504222908904	0.11442513190177483
2013-5-3	1.4643881536860515	0.3958550842573102	0.15434214519632006	0.16745940492515676
2015-9-25	1.11898202114387	0.018672278040526052	0.540222711141076	0.7920347570065558
2012-11-22	1.5914624563053859	0.3958550842573103	0.1616274328064209	0.19277557875301543
2012-6-1	1.4134159750690365	0.39585508425731053	0.10153260618343563	0.1048577751705575
2007-8-15	0.8809076975996527	0.570210884243914	-0.01502105970767953	-0.028638459791856863
2010-11-1	1.1551487592824958	0.39585508425731014	0.02833653319176821	0.015600000959494542
2015-10-19	1.052886825871226	0.018672278040525993	0.3033492586016431	0.3784657113168006
2015-1-23	1.0299519845219305	0.39585508425731003	0.03218942103283484	0.057259802426830264
2015-4-8	0.8751279598740562	0.39394762795050536	-0.16783054531920316	-0.16706908388845776
2013-3-27	1.4331769848826736	0.3958550842573104	0.13933874414721226	0.14591020135895638
2008-4-2	1.0823460383549923	0.43861891496816635	0.010269134166685845	0.007586832228473339
2006-10-16	2.412268984472618	0.570210884243914	0.10035016065984936	0.11172941319705387
2015-10-15	1.0629561289221408	0.018672278040526184	0.3459884190139957	0.4470391025985523
2007-5-18	1.02685279828412	0.5702108842439142	0.003078126191324637	-0.0004539075893869038
2012-10-18	1.5171055826138182	0.3958550842573102	0.1392418019228494	0.16069207078454428
2012-5-15	1.404892674035419	0.39585508425731025	0.09833036984781462	0.1052563223920453
2009-2-3	1.6102134988735093	0.3958550842573104	0.07143360455949588	0.08744001781079414
2012-5-18	1.4359050925881374	0.3958550842573105	0.10521722954139423	0.11063062408979563
2015-5-26	0.7832404908454144	0.3554804371153639	-0.3369768744335342	-0.41968934979721073
2015-2-11	1.0562052591539546	0.3958550842573103	0.06415171146650445	0.10921253302991318
2008-2-18	0.8784947394216375	0.5145455332646454	-0.01633466097697056	-0.03332071696553984
2012-8-30	1.5862024091272722	0.39585508425731036	0.1485252177004086	0.1728995453841493
2006-9-29	2.42566378512979	0.570210884243914	0.10047899022672624	0.11243563221673614
2008-2-15	0.8891107180916807	0.5146563762659382	-0.014815984435127216	-0.03081676358008245
2013-2-8	1.3695116038181738	0.3958550842573104	0.11504573700522247	0.11157331361158285
2008-12-5	1.6656356770335692	0.3958550842573102	0.07484925607248094	0.09247902038740818
2012-11-23	1.5837110071208071	0.39585508425731025	0.15995213206369185	0.19029870392549242
2015-11-19	1.0006005222966463	0.004336529843554996	0.005493153597869949	-0.031210139749540122
2008-11-4	1.91955673905684	0.39585508425731	0.09544244039446337	0.12423925277896575
2010-9-28	1.2857506822501423	0.3958550842573102	0.04899349213578619	0.05208614796857858
2010-6-17	1.3444038273908758	0.39585508425731025	0.054904006319508536	0.05872355039146604
2011-5-26	1.281916503830244	0.39585508425731025	0.05550851925887201	0.05211169090727674
2014-9-12	1.4221255874697538	0.3958550842573103	0.3122532509721174	0.3973679249586246
2009-11-25	1.1145881583969	0.39585508425731014	0.01795571084864278	0.005887931245761813
2011-10-18	1.3921963523104957	0.3958550842573101	0.08196796602914835	0.09271816825405899
2007-11-6	0.8276199994828259	0.5554037455231664	-0.022945569268414734	-0.04157320066404446
2007-4-23	1.100660679613835	0.5702108842439139	0.01109749847995567	0.010639466341605619
2007-10-19	0.7997291940230224	0.5554037455231663	-0.026885879673946844	-0.04765127109859113
2008-2-14	0.8818392961068711	0.5145794580017925	-0.01583745162649486	-0.032504183781058904
2007-8-30	0.8334483797629897	0.5702108842439139	-0.0216154072434267	-0.03899837277054119
2009-12-1	1.1330056997341642	0.39585508425731036	0.020752744657433597	0.009075204595565323
2013-7-9	1.5921841624623068	0.3958550842573101	0.2068334721076821	0.2507698650046455
2010-1-8	1.1495169922782011	0.3958550842573099	0.023593499539313445	0.013113396790586096
2007-9-19	0.8145626714506624	0.5660253974020685	-0.024460324891610763	-0.04311847892351972
2010-12-30	1.26557907178578	0.3958550842573104	0.048233070134254374	0.041886306924727945
2009-7-31	1.1134665287018135	0.39585508425731025	0.016891512361173255	0.0011337883002324745
2011-7-15	1.2410085012638432	0.3958550842573102	0.049601490268165405	0.042171733126543876
2012-1-20	1.4308128108054912	0.39585508425731036	0.09512407925876287	0.10875000047026795
2007-10-19	0.7997291940230224	0.5554037455231663	-0.026885879673946844	-0.04765127109859113
2006-9-26	2.4752457794190104	0.5702108842439142	0.10279185347895403	0.11630621523215967
2012-5-28	1.4203184927120838	0.39585508425731025	0.10270316900328846	0.10667096568085177
2013-11-13	1.5342196807283601	0.3958550842573105	0.22302186426389214	0.2634651172338718
2008-3-6	0.9054508134304166	0.4929237114751709	-0.012622064426370816	-0.02767604456044237
2010-3-9	1.1789579726023538	0.3958550842573104	0.028736263226891934	0.022486352155495215
2012-1-20	1.4308128108054912	0.39585508425731036	0.09512407925876287	0.10875000047026795
2010-11-11	1.150866318923618	0.3958550842573105	0.027746127709256774	0.01359077179124557
2007-3-7	1.414815141276143	0.5702108842439143	0.040130247458171286	0.04325779160899934
2015-9-29	1.1322135156094597	0.018672278040525958	0.6455305844042163	0.9648904070173909
2007-3-16	1.4080491908419628	0.5702108842439141	0.039678137908110145	0.042706183121634655
2012-6-8	1.4547593467256459	0.3958550842573104	0.11107131097678602	0.1186212395735633
2009-10-27	1.1752361024555629	0.3958550842573104	0.026492228330070144	0.020703153614075376
2015-7-21	0.9493446360422194	0.1878634479293589	-0.11117111369083199	-0.20652535391835503
2012-11-7	1.5528664322838706	0.3958550842573102	0.15033138919000444	0.17151884156940778
2009-8-20	1.2377916233589221	0.39585508425731025	0.03410219274925774	0.02858507019257095
2009-11-30	1.1441500900765746	0.39585508425731064	0.022387304641534822	0.011380245699296854
2007-5-23	0.9995305229813025	0.570210884243914	-5.454954617456487e-05	-0.005328963651212937
2009-7-30	1.1345754692304422	0.39585508425730986	0.01986366658100125	0.005366799908506081
2007-4-25	1.0976420927093615	0.5702108842439141	0.010784864693302199	0.010072521114545596
2010-1-22	1.1716588500418503	0.39585508425731053	0.02704286377832732	0.018895179247782945
2012-7-26	1.5291202586623387	0.3958550842573102	0.13191524290602863	0.14750362453529475
2011-3-9	1.1949700170736555	0.3958550842573103	0.03771795861785465	0.02510512549175581
2013-8-23	1.534440973454634	0.39585508425731036	0.19978846760113633	0.23581258269181582
2007-6-7	1.0252764456428756	0.570210884243914	0.0029179784700676947	-0.001246995234209014
2010-6-24	1.3392477178245543	0.39585508425731025	0.05436548019720311	0.05790370277357093
2012-10-24	1.52982039713281	0.39585508425731003	0.14300473711416783	0.16604547459042118
2007-4-3	1.2680700849329933	0.5702108842439141	0.02752941546549903	0.03068517417254557
2009-1-6	1.703817117408982	0.39585508425731036	0.07932254971505248	0.09928268987703825
2015-3-2	1.0214754088107183	0.39585508425731053	0.026013191608950104	0.05414949800218749
2007-8-27	0.8368468056584306	0.5702108842439141	-0.02111714700904299	-0.039002877255909896
2006-10-31	2.369687305483729	0.570210884243914	0.09868539237176077	0.1083956710453382
2011-12-14	1.4746875631189378	0.3958550842573102	0.10082383109863424	0.11784634865976318
2010-6-17	1.3444038273908758	0.39585508425731025	0.054904006319508536	0.05872355039146604
