777.8307942857142	1.0000328767123288
779.9255257142858	1.002503379007627
781.64715	1.0060992315199464
783.8186166666666	1.0092092717610268
785.6695972222221	1.0043768834152735
788.2491249999998	1.0129733670359218
791.4841828571429	1.0054443066580532
796.3472941176469	1.0065295836612151
803.880521875	1.0166355947465382
809.2751387096773	1.0184208744150627
815.2354766666666	1.0294996922247348
820.1101400000001	1.0645796397291203
827.7544655172414	1.0919600666660143
833.8410551724139	1.1059501290898879
844.3883666666668	1.0982307858571134
854.3376346153848	1.1313728116900577
868.5162125	1.1773388197507675
880.7438318181817	1.1479418972870004
892.99563	1.1555907270266135
906.0995368421054	1.1563926446242456
916.3300210526317	1.1835331741014932
926.8844842105262	1.1942914642357918
934.7109999999999	1.1446023541294568
937.0997399999999	1.1324318586531412
939.5252238095236	1.1381689603342204
938.450808695652	1.1595652754131685
942.5553624999998	1.1886854046533408
942.8193038461538	1.2022253829637597
946.4669518518518	1.1942185645276107
951.1070964285715	1.2263735960415338
959.2811285714286	1.221251290483488
972.5813370370371	1.2344805604982176
986.4458923076922	1.2287448659757394
1004.3289875	1.1649612217957155
1010.2689625000002	1.1676158237499634
1009.3507440000001	1.1449042733169599
1008.6774576923078	1.1490748191710984
1003.1971000000001	1.1513729495943874
997.7136833333334	1.1433034068271657
984.0213823529409	1.1453828185953492
973.789794736842	1.167520624498537
971.7945275	1.180332983581667
966.8780162790696	1.1856046592728395
971.3807999999998	1.1826476118066704
975.7986860465115	1.1819950229024572
983.5465714285713	1.190702231103713
992.075226829268	1.2079713777314678
1001.2726674999998	1.2108905187730874
1006.3797349999999	1.2104305545367153
1015.6561230769232	1.2313225394962435
1022.3455815789472	1.2306613506965267
1028.5670891891891	1.2485744894304234
1031.8883361111111	1.2425873155566773
1036.2254441176472	1.2329182678802182
1038.327557575758	1.256936222557513
1041.6663636363637	1.2537350154033349
1047.2872937500001	1.2580980963269437
1049.3636636363638	1.2653519077326112
1051.3247382352945	1.2656000876158255
1052.615355882353	1.2007730028095258
1053.3315117647057	1.2096519573697686
1054.097826470588	1.2248117152288156
1055.2252411764705	1.2284154068823498
1054.528044117647	1.2008645030146063
1054.9124324324323	1.207658909211278
1054.67335	1.2150114690497356
1050.8155250000002	1.2164255887109583
1049.7582000000002	1.2293016300184856
1048.6012156862746	1.2298349934194157
1048.0280188679246	1.218903153025323
1049.3016452830188	1.2095049546540464
1050.5666000000003	1.1734026151945478
1050.180153846154	1.1638472687002515
1050.5740078431377	1.1590324742942826
1051.0071313725493	1.1574031576464239
1048.3246698113212	1.1354953711335405
1045.6759535714289	1.1214694818478848
1043.6989694915258	1.1416907033981305
1041.0431206349208	1.1416294251968846
1037.9768621212122	1.1551851376743054
1036.2093794117648	1.1583431797383845
1035.3951811594204	1.137820237707791
1034.8500985714286	1.1517194648073494
1037.0928130434784	1.1638073406278981
1037.4908115942033	1.158535352663287
1037.1259246376817	1.1557277792130585
1037.265186956522	1.1583396649549764
1037.4489768115945	1.1660563616162967
1037.605531884058	1.1653700002108307
1037.4508855072465	1.1703509671596337
1038.6381388059701	1.1721149501318502
1039.8744109375	1.1881383461897825
1038.159498360656	1.1898411442649062
1040.4131508771934	1.19390874008248
1044.7527826923078	1.1981036318670821
1045.0394395833334	1.1841167124473726
1043.5163847826093	1.198063997444573
1042.7078456521745	1.2001098436728865
1042.148023913044	1.2040060983886693
1042.3753234042558	1.1938890206757253
1043.6851326530618	1.1956225121145367
1045.1299411764712	1.1994274018122408
1045.5436269230775	1.2033506833873127
1045.7562056603779	1.196739342605117
1044.940539622642	1.1968561320196685
1044.5542452830193	1.207853989237855
1042.175335294118	1.2164520108393846
1038.7482122448985	1.2181954020536252
1039.060629166667	1.2195216626653431
1038.320380434783	1.2236753851122715
1038.2422422222226	1.2170462749985747
1038.6026422222224	1.2167292436356463
1038.4723222222224	1.2113602008915567
1039.5485652173916	1.2182216533077628
1040.814	1.225732961047526
1042.2721645833335	1.2337431278783333
1043.3070479166668	1.2494718303069117
1044.2865765957445	1.2515807705075261
1047.4925065217392	1.251946086321388
1052.8000795454545	1.2439462750335077
1060.1203190476188	1.2474384142103123
1066.5447699999997	1.2415643810795867
1067.8841951219508	1.2396844279585744
1069.5498428571425	1.252334663734803
1071.2254441860462	1.2552617224397289
1070.6989288888888	1.2530794707837538
1071.5293739130434	1.230130314612686
1074.9027434782606	1.2476794403483045
1077.9049108695651	1.247809342316304
1082.299231111111	1.2486526991719904
1086.8090840909092	1.2364383361820044
1090.9946906976747	1.2379906870018063
1095.3106833333336	1.2479310365493854
1097.6097952380956	1.254193267291995
1099.8115452380957	1.2529348356341463
1102.0239428571433	1.2578013279445552
1104.2506428571432	1.2623390551718197
1106.8955452380956	1.262266886186652
1108.894497619048	1.254948758408859
1111.244778571429	1.2682855450785522
1112.989869047619	1.250370375270101
1114.443504761905	1.2265866143640538
1116.1387309523811	1.237656834104686
1118.3094238095239	1.2599808035007376
1121.7346585365856	1.2543307209019832
1124.3294146341464	1.2698393142014077
1126.8377292682928	1.2809125977664944
1130.3526775000003	1.2912942221617834
1135.265202631579	1.3009505607375318
1140.0749621621624	1.3076306368165052
1144.6853666666668	1.3139047734434128
1148.3594628571432	1.3293354959614705
1151.3371058823527	1.3281393163659374
1154.7326823529413	1.3428688844451768
1158.8502647058824	1.3712077900130482
1164.7394363636365	1.3802815810661355
1170.9583	1.4122981443933371
1178.9356741935485	1.4223184200554482
1187.9224413793104	1.4085425006639876
1199.0706296296298	1.402733015958548
1207.946168	1.357467107938211
1216.5838	1.4061480361088776
1223.6568125000001	1.4127702252639545
1227.3932000000002	1.4156511597222714
1228.4371740740742	1.4366687079390552
1230.3944344827587	1.4572667143522682
1235.7025366666667	1.4864731016109143
1240.8372967741936	1.4915977784835455
1249.1087483870967	1.504850089913366
1260.301396666667	1.4897956675740824
1278.9952321428575	1.4826898477120647
1288.1730821428575	1.5064802833288842
1302.353114814815	1.501214670175491
1306.8082607142858	1.5239008508607952
1310.5661448275862	1.5130109129046976
1319.998820689655	1.5418679391730783
1329.4277310344826	1.5519409737252614
1343.6604678571432	1.5632206685286478
1359.3679740740743	1.6086797289295516
1381.041508	1.6494242835814386
1397.3057833333335	1.6868029020414665
1412.8976173913045	1.6784242406463938
1431.178809090909	1.6359744709256374
1452.1451523809526	1.712301685944106
1469.3603761904765	1.7581174322978954
1484.3612714285716	1.7343082309968336
1499.0822619047624	1.7488509634584428
1515.061147619048	1.8026292180291255
1534.1687857142858	1.8703390664565225
1561.05133	1.880276073978426
1583.0949450000003	1.8981443852944373
1610.9339210526316	1.8344321116071352
1629.9843526315792	1.863629916951319
1652.242763157895	1.911010463885378
1660.8891450000003	1.8981165461913379
1674.3742550000002	1.7970253408271024
1676.9396000000004	1.8056575839303544
1676.7392000000002	1.7525065828234854
1676.2758173913048	1.7471291572183154
1677.258870833334	1.7754806351760652
1679.5873440000005	1.8053526240344362
1682.8999538461542	1.830734005932987
1685.8182703703706	1.827392456757143
1699.043888888889	1.8749179935146056
1704.3463285714283	1.8993871109294955
1719.284607142857	1.9372952829745897
1734.5715821428569	1.9854324167973005
1748.7817321428563	1.9959693443593505
1769.3076666666661	2.0310386932591826
1785.2568538461533	1.8819708483549054
1804.699058333333	1.9411726062585646
1810.6283272727276	1.8967719286473768
1815.5665809523812	1.9224590402203912
1818.111375	1.9098435335058404
1821.1105149999999	1.9301850189119778
1826.5035142857141	1.975517865845317
1832.574447826087	2.0060192624544615
1837.966725	2.0009897118701834
1843.684952	2.0164703312480885
1850.7316999999998	2.035191677476152
1861.0734759999998	2.0136042297946872
1872.544972	2.0477713286224093
1894.0975333333333	2.022028749521062
1914.8593086956519	2.05455860689233
1926.876960869565	2.0760077187977197
1945.8028545454545	2.101185709875316
1956.2689181818178	2.1087468903094004
1965.2590772727272	2.1204335199564683
1973.6231045454545	2.1604706880870195
1982.426486363636	2.1808585552994564
1996.9131428571432	2.177649130123537
2015.3127400000005	2.144971579402342
2036.378573684211	2.152019759452775
2051.6576210526314	2.198499408331392
2065.9682736842105	2.2267868438084157
2073.957105	2.2446766582890794
2082.6546	2.2730088734973575
2097.581285714286	2.2953442757347196
2114.9417857142857	2.3372302520167834
2132.7341952380953	2.362941732434087
2150.9947380952385	2.390712313774939
2190.8843421052634	2.4340588684096436
2221.6193166666667	2.4259973949166342
2245.0793888888893	2.488954166456128
2280.8433941176477	2.5250620832471835
2306.238805882353	2.556884989631053
2333.6797374999996	2.443198807149747
2361.0249375	2.546692254339992
2394.6413500000003	2.645808017421178
2440.741946666667	2.660421606291121
2470.8620466666666	2.659481980126921
2501.24248	2.6913972931569754
2513.6347625	2.6796765066987813
2542.5952562499997	2.7207791813335778
2575.2463499999994	2.8168468136316904
2592.0848882352934	2.8283553829119374
2638.03549375	2.8476379008352004
2665.38869375	2.835897210141772
2694.591925	2.854996035010637
2725.7023866666664	2.7674467905496054
2734.7103374999997	2.8360802625273416
2757.827781249999	2.896538355485762
2788.9917499999997	2.90098308785565
2801.3595117647055	2.9548756646556313
2830.1526823529407	2.9903268212500906
2856.4238470588234	3.0417075167581737
2881.0727176470587	3.032557733285481
2921.0039750000005	3.0720661416104313
2967.1212666666675	3.1308426343994826
2996.0353600000003	3.190701028404452
3017.627342857143	2.986559169309111
3028.3369000000007	2.959676345591666
3027.599335714286	2.837200176429802
3017.5576857142855	2.6389836911211133
3006.59605	2.693382268698393
2993.531385714286	2.725406344935118
2984.68494	2.8203304248219143
2979.22398125	2.852394471446249
2980.86755625	2.9071911642699364
2983.6873625000003	2.9755949171023346
2991.8954529411767	3.0451700246948943
2994.557617647059	3.015379458222359
2987.64439375	3.02627025324626
2999.794017647059	3.107824790543823
3004.6542235294114	3.139703547070982
3000.985994117647	3.070852579413302
3010.1241277777776	3.0825719366943733
2996.18935	2.9647639468413245
2986.796677777778	2.831903078963949
2983.2957736842104	2.8626909870685435
2984.1153249999998	2.9251768092380646
2975.5823899999996	2.806704170015414
2967.529277272727	2.7323795077919484
2958.5245956521735	2.737178335679536
2956.2310760000005	2.7757838210980976
2960.568333333334	2.7266231840259696
2962.974406666667	2.604595705886219
2964.1990181818187	2.722920918482156
2961.932791428572	2.797557145418925
2956.284844444445	2.7556892569151614
2951.3916945945953	2.7707539863832285
2947.191265789474	2.7857332421660685
2943.1455512820517	2.783613702211998
2938.6327780487813	2.7045954787614166
2934.6216318181823	2.7599321747857477
2926.8883617021283	2.7711192222499483
2923.187012244898	2.776934614608057
2922.6343699999998	2.879730539292911
2929.345102083333	3.0033523544469944
2919.072044186047	3.0086842052838048
2895.321264102564	3.07579246355523
2920.981502941177	3.1118347779400963
2905.66678	3.1335290303558327
2887.3511535714283	3.1889882380601855
2886.6531333333323	3.21944831017453
2895.821415384615	3.110826678915509
2905.9640576923075	3.197697438290033
2932.386048	3.2722145652726424
2959.1840479999996	3.3293382607524347
2994.0975708333335	3.3330981953627172
3027.384275	3.294206437815499
3057.804870833333	3.3483840520959474
3082.7872625	3.306472843608491
3109.3784499999997	3.299775198136483
3123.4217599999997	3.3554008932755672
3136.242930769231	3.352206767259273
3146.913503703704	3.3239190964440093
3154.801385714286	3.2745413489975914
3167.849755172414	3.403275311962592
3181.7701533333334	3.443977872516725
3224.942813793104	3.484315935605472
3255.9924275862077	3.525282119372171
3310.416785714286	3.5589744491059214
3365.5594370370372	3.561202709429804
3396.8801481481487	3.565399564412661
3436.132192307692	3.5286922488618844
3461.199103846154	3.588929806666913
3486.090396153845	3.6241708200183402
3513.343411538461	3.6979964995026187
3536.5147807692297	3.6672578174086805
3558.5778999999998	3.6757007156885178
3587.449246153846	3.709313141939009
3608.8522769230767	3.637153192497841
3629.0759769230763	3.6920893810201214
3638.898419230769	3.5219042193166836
3642.377396296296	3.562405886264387
3656.780381481481	3.640781648095176
3664.190664285714	3.6754654048536644
3683.8235607142856	3.73332881444468
3692.6259551724133	3.7325213405521485
3707.8534586206893	3.698359626882828
3726.465896551724	3.7365714056044403
3732.9427266666667	3.7187610393020396
3751.182309999999	3.736483721245638
3766.0319766666657	3.70760550356149
3768.5441999999994	3.6604586807055535
3762.815818181817	3.693755594450818
3769.45638235294	3.770671627644163
3766.211680555555	3.798667726393989
3773.844610810811	3.8164740624997773
3791.5662837837835	3.8194769916372397
3817.868086111111	3.8347822924562607
3848.2611571428565	3.808576060837933
3879.067481818182	3.83754432700268
3902.1420709677423	3.8680428704501546
3913.2442645161295	3.8421744813440233
3921.7616709677422	3.734463761762704
3922.9240500000005	3.735310807391356
3914.2728911764707	3.649746698367295
3899.599844736843	3.673698560218064
3887.8663585365853	3.674748085633891
3876.2769860465114	3.5244185851914143
3864.893857777777	3.535968631497438
3852.4440042553183	3.588828498569888
3852.2749895833326	3.639947279477168
3864.0045020833327	3.7054454312251432
3863.9116122448972	3.651512337506546
3861.969527999999	3.5814522826817843
3871.507130612245	3.549142287818219
3876.729610416667	3.537375655755217
3876.483145833334	3.5474649817692825
3872.7168645833335	3.4367058114951714
3865.4259714285713	3.4103463073502644
3852.689865384615	3.3767819931956176
3842.196040740741	3.366092804071932
3833.991005357143	3.458772915398801
3828.885240350877	3.4290419901289564
3823.3991068965515	3.4075995004926383
3821.5168258620693	3.4192876492730075
3817.4086389830513	3.4490887069530802
3809.7683065573774	3.4215058073773585
3799.2913063492065	3.3300424483796984
3783.150113636363	3.363621878972322
3777.3788298507457	3.343322102419749
3761.5579199999993	3.312660553713246
3746.22248630137	3.292059172331785
3741.8844027027026	3.3603660841596446
3736.787213333333	3.322326974366022
3736.66248	3.3386313005237582
3739.880729729729	3.35693378135809
3751.3373183098597	3.4069636482145134
3750.6693942029	3.4110681618469068
3748.1763333333347	3.4416731451918086
3747.2326238805986	3.485808795709624
3739.1151437500016	3.4957514244802597
3731.035814516131	3.480960764840963
3716.509670175441	3.409137119813541
3694.3892169811334	3.4481016357496834
3671.387658000001	3.4146406775685616
3643.483897916667	3.4028997974777266
3642.0138183673475	3.448901867389221
3641.7700500000005	3.4825226862713583
3650.760725000001	3.5105888451183827
3652.631288679246	3.5516724642389583
3639.284475	3.5598103411145052
3615.549139999999	3.587576915039488
3589.0819499999993	3.6238031539755937
3579.9146395348835	3.6146369574044237
3568.2648756097565	3.6496396795659987
3566.910212820513	3.674221838371217
3582.98887027027	3.6941218316798237
3599.346864864865	3.7272014896987113
3612.6072749999994	3.701222615861785
3631.4359457142846	3.750766386397474
3646.883699999999	3.7732467661351663
3672.583505882352	3.78150405731265
3694.171920588234	3.803016270166304
3707.4962228571417	3.7998368793229433
3726.189597142856	3.7289753773729633
3743.577922857142	3.665340798426051
3750.35608611111	3.6883428651068986
3764.0910694444433	3.568735301926379
3766.399155555555	3.378748420261786
3775.0310944444436	3.5036565789314813
3784.584119444444	3.5507132993259924
3794.074083333332	3.5731206436016425
3794.0760555555553	3.3761504227967896
3787.1499270270265	3.401765429310892
3780.0236999999993	3.3874076608162618
3755.9786219512184	3.329999708366361
3722.780199999999	3.2808195846299513
3704.286374999999	3.4635835290072934
3691.293305882352	3.4589609097684306
3680.0720499999993	3.4188216443002837
3677.1376392857132	3.4554413987292008
3670.1071508474574	3.4293847727528233
3666.592058064516	3.4859522013996553
3661.2417830769227	3.5374316080944475
3664.4061538461538	3.499268698698608
3670.954896825396	3.495150562061668
3677.816723333332	3.429975069830391
3705.6801818181807	3.3585023700012053
3722.4632211538456	3.36079310621837
3727.3379999999997	3.4106947041940296
3724.3650859999993	3.405307743097881
3719.633721153846	3.4344701162103357
3716.674468518518	3.496707005896595
3715.3426092592595	3.4477037863676925
3715.0571660377364	3.4372269144652714
3723.598656862746	3.463932440961152
3730.5140729166683	3.4240339053518083
3716.934488888891	3.3328855827386548
3707.036333333335	3.343299983857635
3693.614306666668	3.2859397978927056
3691.8898812500015	3.2296911610704293
3687.998631372551	3.2124659714211097
3678.163414814816	3.112036777454686
3663.1659127272737	2.9924710565262322
3650.488075000001	3.0646345597263194
3637.8575303571442	3.129205185083963
3617.3624481481493	3.147942376798027
3579.4671235294127	3.064368976625149
3538.6102510204087	3.0893280585428275
3502.68274375	3.090738931799903
3475.3805687499994	3.0076640298893618
3465.099632653061	3.0800825246440238
3467.168315686275	3.01720064385271
3465.2534698113213	2.892390782204526
3437.284743396227	2.8554416220965404
3424.01310925926	2.9074090663462187
3413.9179363636367	3.016511830961712
3376.7749962962957	3.0443214172171817
3341.4508698113204	2.9321483490752436
3319.2264490566035	2.9732589821994053
3301.0258075471693	2.9939809614866895
3284.9274698113213	2.859631744925831
3278.4217490909086	2.8955147613002756
3288.641994827586	2.8472517705207263
3300.1059999999998	2.7916110797753593
3300.5173571428572	2.7204976548962563
3287.4117156250004	2.7177399803639304
3248.4302476190483	2.722424112494895
3204.768232786885	2.8062861709914313
3160.2176859649117	2.9790318667844446
3093.8575820000005	2.991754021366312
3013.841455555555	2.9641094707324687
2918.4521384615387	2.9833985043835183
2822.450967647059	3.0636156271396446
2796.77854516129	3.1095809000482193
2798.0596387096766	3.0930950041023593
2792.0027935483868	3.005716742043414
2787.568190322581	3.054054100843376
2786.0742935483872	3.038461537207006
2790.7882562500004	3.0580149077937304
2788.3644750000003	3.0407073887896447
2794.533584848485	3.0930673900429024
2793.9598333333333	3.079378918705717
2798.596626470588	3.0677140496701116
2802.5476599999997	3.058482886205349
2807.0040405405407	2.959751221715355
2807.7878131578946	2.9952732112481275
2815.2520390243903	2.9606717583348763
2814.1184333333335	2.944314001078229
2816.9215613636366	2.8819199695309177
2814.231302222222	2.8914080795718284
2818.1573957446803	2.946574304482498
2818.5627918367345	2.8968126016033446
2821.2751019230764	2.912659272910923
2833.796989090909	2.9262834536104485
2831.9473125	2.9171697328657724
2837.7009431034485	2.8816185073721785
2834.679698305085	2.8622683294714344
2841.0393655737707	2.8489670710263733
2834.3387000000007	2.6613605393077595
2827.0123603174607	2.6160081330217424
2819.3312359375004	2.583944108397696
2810.614281538462	2.5129152348893475
2784.2314281250005	2.493301373971233
2760.639096825397	2.415543353998063
2746.755043548387	2.511541541955408
2721.972990000001	2.367917187850556
2698.7853706896553	2.4160947066475873
2676.8536236363634	2.3772988045147327
2658.1917903846147	2.417370816202139
2641.2616940000003	2.4917219131406
2631.7637897959185	2.50264259045068
2621.2450714285715	2.3997945454080942
2612.0883081632655	2.3927210031972175
2600.9215120000003	2.345179398266249
2590.397707843137	2.353547388922801
2581.032077358491	2.399577946211612
2573.5549199999996	2.392240421482086
2565.9842000000003	2.478820727288345
2561.8851481481483	2.491587268743554
2549.9731920000004	2.5524829857928975
2504.642350000001	2.5294341478258904
2451.048788095239	2.5197016900305664
2408.120800000001	2.536718691688156
2379.9290435897447	2.4810789130763977
2373.4866900000006	2.423096831342705
2376.7526404761916	2.4106591598793745
2397.5619244444456	2.460216492007982
2406.6845489361713	2.5101824671781623
2415.479442857144	2.5093862240323284
2421.680113725491	2.4980429711419574
2398.167240000001	2.549822584076467
2384.346560000001	2.5304513845434764
2371.363510000001	2.548693412642652
2357.7759380000007	2.5136967227500984
2347.042642000001	2.503384646216426
2352.135273076924	2.451844630901062
2360.2957222222226	2.4753158982111354
2377.799689473685	2.4354246542367073
2401.2562196721324	2.394087292859225
2419.7508830769243	2.403058980658458
2432.558307352942	2.405439792673485
2433.7936585714297	2.302600589793353
2426.106909859156	2.1964694869331245
2418.3999958333347	2.181222953160935
2410.873478082193	2.1792229852727556
2396.137400000001	2.181076566128742
2396.4979706666677	2.182626162042155
2398.8376974358985	2.082030277075087
2401.8207061728403	2.1057229573289193
2396.0323658536595	2.232307649469404
2378.7998049382722	2.16984312294984
2336.8819064935074	2.1404469005435836
2299.127840540541	2.139134702430605
2244.797125714286	2.080948642334412
2230.149695714286	2.076982794682494
2240.9456356164387	2.081383411608929
2263.744622077923	2.1184759497211965
2273.785238750001	2.0645863894278484
2289.6862904761915	2.055886876844585
2291.196191860466	2.0347928891877545
2276.4088488372104	2.0394328844152376
2269.3474977011506	1.9839582518604648
2261.8335443181827	1.9333517918636036
2254.6044752809	1.9430797951884853
2255.80081868132	1.9494118906994164
2248.4531413043487	1.9068879864214896
2241.293712903227	1.9095621083073278
2233.764220212767	1.8635050697093822
2203.061218478262	1.8194256575164265
2152.5036272727284	1.7883569441956177
2095.7468626506025	1.916933675108198
2002.2748904109587	1.992287294238141
1955.3675725806452	1.9266254458358587
1909.3886207547168	1.941011869663542
1843.375855555555	1.9888930156190845
1755.4665921052629	1.9979775294202593
1732.3519081081079	1.9322852369221304
1728.7031736842102	1.9201070743275754
1723.8839358974358	1.8754798658097547
1747.1808534883721	1.8593517455262936
1780.4681229166663	1.7955413848766315
1804.7211692307687	1.8339436958712183
1806.297622222222	1.8037970233127587
1815.610584210526	1.7940433089749979
1807.9519827586205	1.7402773057617975
1800.7428474576268	1.7486823288199154
1786.7639864406776	1.7897525560004266
1788.382540983606	1.780587824937716
1788.16542063492	1.7508403538857464
1781.8941015624996	1.7525626117485782
1775.2826799999996	1.7219294572411814
1761.0689446153845	1.6353314472446416
1738.338965625	1.6672497076196953
1713.6987777777777	1.632632726969745
1688.034085483871	1.655297723877582
1662.4321475409834	1.6334365002514093
1647.0957737704914	1.625124202993241
1640.2861274193544	1.609568883576117
1642.9001406249997	1.6493956983152076
1655.0705805970147	1.6251626726340804
1667.63972	1.6438270326534408
1645.0671028985507	1.726213749948935
1597.027573846154	1.7132626653212863
1556.376013114754	1.7313070348975539
1509.9709148148145	1.7744044291189702
1463.6602702127655	1.8162353305779353
1433.6093487804878	1.8496549000061822
1412.7228583333333	1.765014750643394
1373.2120903225807	1.8331970035398826
1358.8618000000004	1.8247208181098673
1356.331362962963	1.8164938644111361
1356.8993653846153	1.77016186858891
1358.7665777777777	1.7662933471301834
1361.530862068966	1.7722761625266692
1364.2598032258068	1.7884724871365703
1370.667373529412	1.7686377383065197
1376.2573083333336	1.7954227901209436
1378.3752945945948	1.8026571741656556
1376.7239111111112	1.8497945830623084
1379.4720600000003	1.863706400627735
1382.2302242424241	1.8848660170170564
1395.3748566666666	1.9334257424451224
1421.3223370370367	1.8991333058001523
1450.6559559999996	1.935310118583847
1472.7711791666663	1.9004161590851074
1479.527216666667	1.8443815547202764
1481.7581120000002	1.858331212543893
1479.7603962962962	1.873216218715926
1475.1695241379307	1.8814351099786402
1465.211440625	1.9078411099513648
1462.217323529412	1.9144527460805132
1465.753945714286	1.901790578981073
1473.6878885714286	1.8419739923325336
1473.7305111111114	1.8223935828964233
1479.19075	1.816124926701543
1478.6729891891891	1.811615683943692
1472.786466666667	1.8101738711996314
1455.8791697674421	1.8007797305750355
1443.6538063829792	1.7908132436372153
1437.8644019607843	1.830588577016949
1438.6638584905659	1.8644497366601855
1441.405328301887	1.862363740239703
1445.228236538462	1.8381170580631976
1461.3357551020413	1.8594759464330468
1481.4974847826088	1.8642979527141912
1495.0535318181821	1.8379086829384745
1503.1555209302326	1.882072415392217
1507.2891785714285	1.8864411774357113
1511.4024829268294	1.90519232712562
1515.6660179487178	1.9152357420203765
1523.7118078947367	1.9267844129558989
1534.594044444444	1.9234324273943504
1542.04628	1.9405988981313207
1544.1799444444446	1.9345453004098276
1544.5621447368417	1.9594670595671895
1550.7495578947369	1.994609935241174
1556.4023315789475	2.0296972307216
1561.1239513513515	2.0145869825470113
1562.4149235294117	2.080047515646317
1573.7511741935482	2.120373827393129
1584.4568464285715	2.1493353967783784
1615.020864	2.1539096811394716
1647.3226782608697	2.1578701474785333
1679.442314285714	2.2180504874547204
1701.3237619047618	2.260546462795195
1730.889025	2.1985118051716706
1744.7895999999996	2.1216266062972067
1759.6923350000002	2.1449234159980124
1775.7005849999998	2.185854284395226
1784.4718428571425	2.2370281125235385
1788.5227409090905	2.148388347399873
1792.366804347826	2.1518425118147504
1800.0343826086958	2.0446888397608896
1804.4613739130436	1.9821081167533374
1810.189843478261	2.00875012943265
1806.8568750000004	2.001178299145319
1808.2500840000005	2.1043708518371265
1810.1427500000004	2.118997767511754
1811.3835740740744	2.1062482855241798
1809.9773571428575	2.039997280784645
1816.4530428571431	2.0727653365772234
1822.7162714285716	2.0606223004875575
1821.701262068966	2.0597784040606792
1813.892661290323	2.049815088805284
1802.1405235294121	2.0755032672451064
1798.8106888888892	2.135081827028635
1801.1952351351356	2.1450857105585897
1815.4548083333339	2.1776617041178583
1834.9014000000002	2.174230460723453
1852.730483870968	2.2103460910877417
1856.1147250000001	2.2202276883515655
1848.6484115384615	2.1853150868188775
1852.4892874999996	2.2315580881845762
1853.8163913043477	2.2447034658450735
1859.4531652173914	2.2408169984736155
1870.4879304347826	2.2566765036663625
1885.5313173913044	2.2816526525357412
1900.1203739130435	2.295411112767362
1914.5969652173912	2.2865995277373004
1924.7051913043479	2.2964092336425526
1930.8149043478259	2.2288568042001455
1938.9481521739128	2.2579257940929915
1945.3917999999996	2.3137484067301672
1960.5806541666664	2.351882857023794
1975.3089791666669	2.373499029805184
1991.2677166666665	2.388058905330884
2017.1902695652172	2.391175859026093
2039.2391863636365	2.363502207332866
2053.5700136363635	2.412538677107936
2071.972376190476	2.394652522845806
2078.0348	2.307662583434125
2079.4632954545455	2.320962240165393
2080.0248217391304	2.3041230520319655
2078.0869041666665	2.2460524992907174
2076.723788	2.2553622419815715
2073.8302814814815	2.3107309822173665
2070.4464068965517	2.3279431554172034
2074.6916499999998	2.3913681633472903
2084.3352	2.404628025880508
2097.383172413793	2.432060263596884
2111.8355464285714	2.4283674688306363
2128.4800346153847	2.4408166246928547
2136.0835160000006	2.386787708271861
2146.1971500000004	2.437334566847589
2162.723752173913	2.4556047908221306
2166.5471000000002	2.447665454648881
2170.362952	2.4549936471320724
2174.353153846154	2.466932257370915
2178.846151851852	2.4880722036269356
2182.2935071428574	2.470518905353417
2183.8862689655175	2.429905089570459
2188.4283551724143	2.4271996988987357
2191.772434482759	2.434353981586575
2193.801555172414	2.422422308368758
2196.0085000000004	2.4411289246642682
2199.6541233333337	2.496780325634613
2204.08596	2.5040070205291434
2211.17865862069	2.5412464276698254
2221.6930749999997	2.547214258002202
2235.497633333333	2.538122803796263
2255.225253846154	2.5401574255875126
2270.8498120000004	2.5529351148057136
2278.6394720000003	2.5767044119437426
2285.1451480000005	2.5600895700002355
2286.893623076923	2.5166112888662293
2290.084066666667	2.557825900758389
2292.9456464285718	2.5551018561788092
2294.0709100000004	2.590726737568491
2301.527543333334	2.6162463736131327
2306.3184741935493	2.627982019074711
2312.80650967742	2.6235939608023875
2321.5520733333333	2.6217493570391994
2333.915196551724	2.6481935774046192
2344.226482142857	2.6469638969744542
2352.0369392857137	2.655412713760488
2360.5783821428563	2.686883702636561
2365.408155172413	2.674736478102402
2374.1053172413795	2.715203525352618
2380.96062	2.742529310485983
2397.798306896551	2.7694623347700653
2412.2163172413793	2.8002698937143475
2433.1309642857145	2.784244243945794
2457.805573076923	2.792794600838267
2474.3537480000005	2.831294522381854
2487.4487600000007	2.835495082611125
2499.9767200000006	2.823965764546267
2514.4534880000006	2.883037062282008
2528.9845200000004	2.90770428429179
2553.0584875000004	2.9067585729745833
2569.3776208333334	2.9162203497206263
2587.9331708333334	2.9647789770651314
2610.245904347826	2.9200011739228398
2634.4111363636366	2.965583605691536
2652.899618181819	2.997220599659461
2670.110745454546	2.9996854202975785
2690.0836363636367	3.056295325741754
2710.4283	3.0724721062518094
2722.3606727272727	2.926984822822009
2746.3039571428576	2.977781318092371
2761.888404761905	3.0523221184104616
2784.902035	3.096228466385069
2801.5588350000003	3.1026957388794183
2816.7044499999997	3.082396024044984
2827.1202799999996	3.030599418660277
2825.9338428571423	2.952367819315643
2831.84759047619	2.954518326419086
2824.627478260869	2.966905552141494
2819.180995833333	2.8629318294081108
2809.6564076923078	2.880623399965756
2796.8634357142864	2.8054374982118544
2780.0620833333332	2.6685958764212065
2770.8441741935485	2.6949685457274963
2758.5606374999998	2.596840981445003
2753.71574375	2.6759276402440344
2746.7463151515153	2.7198980456897717
2744.2062606060604	2.7435467341621425
2740.018153124999	2.6813806792810593
2735.858806249999	2.7247415300499047
2729.024238709677	2.727408561549628
2718.0191399999994	2.6605819048688923
2698.1652310344825	2.5144867121408256
2684.712083333333	2.5181462956908387
2668.227396666667	2.5416011558134284
2660.85965483871	2.643136829216406
2654.715496875	2.664178832358399
2649.64346969697	2.6840796276942913
2640.1167393939386	2.7251703989979275
2622.2180875	2.7384248829800675
2604.3049838709676	2.717866337009996
2585.9693666666662	2.7594710505932696
2575.1784833333336	2.795418346236971
2551.6635655172413	2.804400169450125
2542.4928103448274	2.787230844624082
2528.4065785714292	2.826077690794548
2519.9163535714288	2.7583187565889524
2509.1216222222224	2.7717376682443238
2507.573042307692	2.728003950189206
2507.0366269230767	2.683743645222115
2506.115907407407	2.6851790377245144
2504.211437931035	2.6683630148919373
2499.4800225806453	2.6130141170190173
2511.4324857142865	2.6003072024624267
2531.5574128205135	2.621864960132827
2567.9768522727277	2.7251687312876234
2574.3453434782614	2.7226386210595925
2579.3485270833335	2.755872781252761
2574.222454166667	2.776044997780467
2559.431887234043	2.782855278074236
2529.5446022727283	2.7834383798942124
2515.150688095239	2.8365903140299054
2513.5874230769236	2.870913635122709
2521.826072222222	2.8629947809960474
2526.9153428571426	2.8545375600707827
2541.4969121212125	2.8947219044458827
2565.4681580645156	2.89490854165471
2571.276938709677	2.833364995623484
2576.741380645161	2.844035581177957
2578.7887129032256	2.794294453968987
2580.4474843749995	2.8228548718676754
2585.5022718749997	2.8916189327793127
2590.4243727272724	2.9222444573729516
2598.096390624999	2.9353470161319435
2601.698454838709	2.953174547113557
2605.247909999999	2.9615771606097563
2615.947660714285	2.9723364067650797
2627.8130535714286	2.979241367365762
2639.601053571429	2.9789321477813795
2652.1764428571437	2.981402471501062
2667.680471428572	2.998586563073062
2675.995182758622	3.071087142447174
2704.717928571429	3.0786930773785186
2719.2907000000005	3.0940625442562215
2741.079433333333	3.1111491897066426
2760.7715846153847	3.1052263577771555
2780.5087559999997	3.1353253303186013
2787.5385120000005	3.0314593588276995
2803.0455875000002	3.0957716099340122
2811.4672565217393	2.9895629284565706
2823.6579	2.927295202898296
2845.0094095238096	3.020151420085443
2847.591159090909	3.0646819158305525
2857.679627272727	3.095533263785877
2860.929769565217	3.093933714664206
2864.6550375	3.1110301085683414
2874.0116458333337	3.132179815467201
2881.6790041666663	3.1080963970108195
2882.4637	3.0643409722857373
2883.7931384615385	3.0793675700090692
2880.520921428572	3.075823399146451
2878.31523	3.104728792241484
2867.421863636364	3.0916606219119207
2861.0163342857145	3.07541485880594
2854.9584351351355	3.0155426346184897
2852.831831578948	2.9590047547378187
2851.1674487179494	2.970687333126019
2848.0127975000005	2.9175842153321976
2845.708668292684	2.9417561784960924
2845.376271428572	3.0078522244434938
2844.9817953488377	3.0054473047339227
2845.5774454545463	3.037327267686061
2850.8950681818187	3.0519161663128322
2863.5597953488377	3.076814817776366
2871.731828571429	3.0885535456176596
2879.7668125	3.0723188039261293
2884.9789435897433	3.089955540850942
2891.248775675676	3.0754579262434
2889.1947666666665	3.023719845505533
2883.9800352941174	3.033906504665622
2881.5652060606053	3.0392030189460764
2883.239390624999	3.076363144951081
2887.108748387096	3.0172869281746824
2886.9365096774186	3.0570143188615493
2884.599586666666	3.0681234184046735
2880.8165448275863	3.084262160875344
2879.4887107142854	3.0858054407112547
2876.5478428571428	3.015237439849107
2874.268335714285	3.02582746809579
2872.0564275862066	2.9972819451248656
2868.9179266666665	2.9736033810884175
2863.594512903225	2.919117795024289
2859.2775575757573	2.8956504590813017
2857.2185666666664	2.907338500899492
2858.1374641025636	2.9094761215813376
2857.1321642857138	2.8762548575549953
2855.0314599999992	2.868933353498892
2851.6413282608687	2.91940814600578
2845.314128888888	2.9198833574566483
2836.4714409090902	2.87554020484702
2826.281737209302	2.8727208317925395
2820.519483720929	2.880094142905251
2817.4822522727263	2.909065629999737
2819.285242553191	2.9106749512398267
2827.2079269230762	2.9370161302047717
2825.668460714285	2.927428821779788
2825.268993220339	2.917001418333795
2823.8028116666665	2.953013977131741
2822.2201293103453	2.98661756264646
2812.7043518518512	2.9824277104900196
2795.036716666666	3.011739169878256
2793.600715909091	3.004949006937572
2789.0621125	3.0246583773930587
2772.593824324324	2.969946214676485
2765.4721833333333	2.9749582927659253
2759.4416800000004	2.991603123107165
2760.2916	3.002714109690625
2760.4917864864865	2.9860135588993084
2763.67757948718	2.9846309137730795
2767.7472333333335	2.9572374457415256
2769.6256113636364	2.932601034555466
2775.276155319149	2.946836514043367
2778.594793877551	2.997463285137833
2778.427488	2.9947773675507308
2775.4436639999994	3.0125092213242093
2773.08056	3.0204603403972787
2764.832385416667	3.004835356056811
2756.947406521739	3.0113886517291393
2748.1526613636365	2.981585138132611
2740.7414953488374	3.01413980699179
2736.7174487804878	3.0620219147915724
2739.463815	3.0678528928250484
2743.7128275	3.058132159768059
2752.766097368421	3.0902750264643926
2760.8986216216217	3.0980271110943014
2769.2492527777777	3.0976777767491646
2779.3257885714283	3.0928550505410515
2787.0600529411763	3.0732641128468563
2794.5895121212116	3.0983799359243402
2800.1099606060607	3.0895374155957294
2805.6878593750002	3.1013763067975875
2809.9905032258066	3.11175216301151
2813.0018774193554	3.10031552617075
2816.737513333334	3.076294536635786
2815.928926666667	2.9446322179461335
2813.227541935484	2.9477178763397878
2812.504740625	3.003650612237734
2811.2036909090907	2.9838588838062727
2811.1757156249996	2.9681591325263317
2809.0665787878784	2.956883064494147
2807.8616437499995	2.9030957151935572
2806.191303124999	2.8933655214677683
2801.0487272727264	2.8555093366603392
2795.8207676470583	2.8441292410240555
2788.408841666666	2.8202072408438243
2783.5400394736835	2.8466035553624507
2776.6966549999997	2.7596587092892633
2769.5095949999995	2.720342342376584
2762.4376243902434	2.719819778002473
2754.164646341463	2.6739503888573273
2746.762958536585	2.6732541938050876
2741.5475146341464	2.7295407129244857
2735.184364285714	2.721489159435812
2726.052925581395	2.590822828194023
2718.106727272727	2.624456185223156
2710.149173913043	2.6219762328676244
2702.332689361702	2.5911286932717896
2695.5881063829784	2.627351567254508
2690.3107191489353	2.714474392756622
2681.0186934782605	2.6736070319305942
2670.3607644444437	2.6774012088446537
2658.293209302325	2.7133742440483455
2646.0378238095236	2.713938081343069
2630.2981414634146	2.6603064858395125
2624.283614285714	2.6358836525426876
2612.542752380952	2.643316200465427
2606.9420465116277	2.6307127563567665
2607.9486044444443	2.638037038436083
2607.3735489361698	2.6051084053942475
2602.0476624999997	2.609897446202674
2598.3065755102034	2.6767606850324626
2589.307840816326	2.659070359973718
2573.1666249999994	2.6613614545607547
2556.004680851063	2.6480811548322487
2529.8122155555548	2.593157989116735
2527.1013065217385	2.6632780509519742
2524.660108510638	2.670536824166869
2521.988589583333	2.6546592205865975
2526.6433179999995	2.6569720732140167
2536.968041509433	2.6379334272201267
2546.2026374999996	2.6167324188645327
2547.0098637931032	2.5097507179379335
2551.9530459016387	2.480212400756124
2551.1245873015864	2.4556269926041474
2540.715801587301	2.4580376192155384
2530.283692063492	2.4436117148600522
2525.6476187499998	2.4923957584727203
2515.8235828125	2.5092603921464183
2499.73689047619	2.5053706812771965
2490.5310873015865	2.560773703350783
2468.8949967213107	2.5833365449994763
2436.9200431034474	2.54868292987952
2417.7934875000005	2.5651480398900723
2390.7111622641514	2.525276103668613
2373.288315686275	2.52888603389396
2367.824452941177	2.574710634269801
2359.5499180000006	2.622054592413387
2354.9812469387757	2.627630813824039
2353.0627041666667	2.6533357249390397
2348.5688933333336	2.661448926181192
2346.5726380952383	2.6785851877955924
2344.499843902439	2.6701650522403004
2341.768957500001	2.7188456287702074
2343.0509179487185	2.7287100439876153
2345.588715384616	2.723905928904531
2348.7350736842113	2.7551568541496665
2352.3250540540544	2.722291209996901
2353.095916666667	2.7318507390162274
2355.3259861111114	2.7230085889616253
2359.7078714285717	2.753225259242561
2362.108679411765	2.766032680321925
2364.069094117647	2.707503249566037
2366.4644205882355	2.720687843415498
2368.5474735294124	2.6979318925215736
2372.2781147058827	2.724676659887969
2377.0519342857147	2.7663426638765944
2381.954369444445	2.778744204166889
2390.261383333334	2.7758210643199996
2399.7926611111116	2.788452777349381
2414.7232685714284	2.7485510375083786
2429.9648970588237	2.7512314438827388
2438.41130882353	2.7651121262467195
2445.4191000000005	2.719112368974718
2446.806225714286	2.727145937323843
2442.910905405406	2.7350169731701675
2445.783618421053	2.77266118185557
2453.7219684210527	2.7697616445461155
2459.6941763157897	2.755144489679946
2470.8402216216214	2.7844701671368766
2490.3068599999992	2.788984237767172
2509.17324375	2.8136768768155767
2517.924051612904	2.8209858362477807
2526.6936241379312	2.8233049670188226
2529.725741379311	2.789102610637597
2531.7415689655177	2.798808511517004
2536.3161517241383	2.8260075317851525
2539.05173	2.8286056344476647
2541.75671	2.792150220434852
2543.104396666667	2.746826116643531
2542.5170903225808	2.7476787777988134
2541.5686343750003	2.7352320977196727
2539.0773088235296	2.7379272979451432
2536.9288378378383	2.7771004934985735
2535.50882	2.762724442189844
2533.0869604651166	2.7532630643721117
2531.6010088888893	2.7907441070768373
2537.9639545454543	2.8566770930542953
2544.612542857143	2.904146691950192
2554.7957131578946	2.927470232445384
2571.166661764705	2.947984187019187
2583.2820241379313	2.9347535788143477
2603.5866115384615	3.0021449858871834
2620.4115739130434	2.9846937996286296
2632.341027272727	3.04216497504328
2647.1932380952376	3.0533985574483964
2662.4504049999996	3.0461948725562147
2671.996419047619	3.051418202237384
2687.204976190476	3.123505543511205
2698.2756499999996	3.1167868329266293
2712.5901363636362	3.0787301390329276
2729.1570227272723	3.0760883629426403
2735.9157869565215	3.072424660345188
2765.9266772727274	3.1463732231761035
2785.5848	3.1329044412213074
2801.971627272727	3.1068918596014083
2821.503168181818	3.15758486348881
2843.359436363636	3.1963420833963303
2875.008052380953	3.229476580360199
2890.5402761904766	3.2141299401379855
2904.3338476190484	3.2047341531273608
2918.1611380952386	3.228068097946178
2925.0200333333337	3.0739432074972517
2930.314047619048	3.109694251924743
2930.9018714285717	2.997088412140371
2925.5907333333334	2.935288230187289
2918.726281818182	2.9668206241874193
2913.9075739130435	2.998928877952171
2907.42946	3.002895468425953
2897.899385185185	2.9613772217558756
2891.6086241379303	2.993612292456122
2889.684656666666	3.0213357345403624
2889.6645399999998	3.002052006295088
2887.1430322580645	3.0023021998856274
2886.1243903225804	2.960177073742177
2883.170525806451	2.959947770818447
2879.9639875	2.9780572513220034
2876.857981818182	2.975095763982752
2874.092635294118	2.9803002078530856
2869.5250513513515	3.002841108851208
2865.8305435897437	2.980601498669363
2862.697835	2.9395585216068
2857.6303452380953	2.9686567491450355
2857.527295348837	3.0394520192326198
2861.5125928571433	3.0484318308921856
2863.0377560975617	3.0336047550602654
2862.5211225000007	3.0247398416632945
2857.988150000001	3.0202685146180586
2855.4260736842116	2.98168717479407
2853.3738081081087	3.027545663888681
2852.4088342105274	3.003634998400122
2847.843313157896	2.9760610985591036
2845.6520743589754	2.951642173318527
2839.4631102564113	2.8976498616208595
2834.928675000001	2.851764767937981
2833.9257928571437	2.8731327112207534
2833.540311363637	2.881914586790206
2832.5641500000006	2.927991344038472
2832.650227083334	2.969455884153522
2830.1602875000003	2.9580806243127657
2824.6013957446817	2.9443540353440043
2815.0550844444447	2.9513802312183537
2797.544702325582	2.9010483002321727
2784.3792333333336	2.9087893271400844
2783.185774418605	2.9238478229406484
2782.1881431818183	2.9298413076895997
2791.1838638297872	2.8936599110474583
2797.562098000001	2.8091604904606062
2801.538347169812	2.813024446790126
2801.253974545455	2.860782092383145
2797.4033125	2.782734994435607
2791.984223214286	2.8126960313630205
2785.141928571429	2.7867822479868742
2777.226060714286	2.7677500050185033
2769.2626696428574	2.7981730365248656
2762.2764071428574	2.83532833886092
2760.2911070175437	2.8437215607707866
2754.327754385965	2.875173293889949
2748.0873052631578	2.8832611783718223
2741.023535714285	2.8593194349491586
2739.39735090909	2.909287787621837
2735.910722641508	2.922648880049243
2733.414937254902	2.988543476917503
2729.286255319149	2.9881221408015413
2725.935223255814	3.0131878565619226
2717.7846849999996	3.0157201131291096
2705.333941666667	2.99364400707087
2705.2635647058833	3.0256000093058124
2709.4298272727283	2.9636983338654126
2712.1501666666677	2.9710924261166594
2713.8798212121224	2.9842682633210953
2716.283532352942	2.9851360789780705
2717.5641529411773	3.009738194871573
2720.986440000001	3.019496330754659
2724.077725000001	3.0157874931909756
2725.3378694444455	3.000516297986082
2728.050422222223	3.028900774262836
2732.6434142857156	3.0675414229460625
2738.255894117647	3.0711340251702404
2743.3146323529413	3.073445183558839
2752.421275757576	3.040293928678462
2759.512503030303	3.0228702552580815
2765.3871999999997	3.031093490244793
2772.499727272727	2.9968158386787165
2779.7274666666667	3.026471095854989
2786.6887757575755	2.996225634075955
2787.96239117647	3.005128363363424
2795.5555882352937	3.003552577618958
2796.7043828571423	3.0101047650021617
2798.612755555555	3.0322043470739697
2794.3410026315782	3.031977942706829
2796.8901820512815	3.053420247633275
2799.3094424999995	3.053421372988213
2811.8837153846157	3.0304242132386294
2825.664721621622	3.0267309774859124
2837.321045714286	3.0061437918081624
2842.3492323529413	3.0362636841924004
2844.946917647059	3.0556642971616657
2845.1146055555555	3.0629222627118393
2847.1669081081077	3.0839490316078493
2848.8081842105257	3.075515504815219
2851.658705263157	3.0743707381744163
2854.465378947368	3.094868532943851
2858.317316216216	3.0876791939466983
2860.6971189189185	3.0924531931166053
2865.214943243243	3.098034765186763
2868.1374135135134	3.055511249514848
2870.8496972972966	3.0619760475425926
2874.0759081081073	3.0788908650764357
2874.7461078947363	3.0659122195293076
2875.486263157894	3.031159016654593
2875.159926315789	3.010847091423474
2873.4526999999994	2.9988096910445963
2869.8665682926826	2.9648020002840547
2866.977244186046	2.9860465436970456
2862.72197173913	3.003742449657479
2858.6582687499995	2.9565784313195973
2854.8410439999993	2.9601116761210693
2852.6233653846157	2.9567466699807587
2850.9028584905664	2.9644466080665355
2849.561716666667	2.9755227254918113
2848.196638181819	2.9730445289947567
2846.2770836363643	2.9494189316795847
2846.104245454546	2.9646616253890503
2845.44702	2.95314002427724
2845.439574074075	2.9540607621695703
2844.302822222223	2.9661215781270367
2842.711772222223	2.9575152769904944
2841.164007407407	2.955533835616097
2837.9432345454543	2.8919788862994222
2834.7408625	2.88798578105766
2831.214505263158	2.869368542049986
2827.8901964912284	2.8627258530085
2823.378043859649	2.840425087408297
2819.277417241379	2.8333697801251128
2815.9684288135595	2.862378484662607
2812.9121883333337	2.8688743852815515
2809.3543409836066	2.8413608707403553
2807.0764063492065	2.861794909377894
2804.4887750000003	2.8757625094250696
2801.317459375	2.8816883716029014
2794.8615666666665	2.848104910261859
2790.100336507936	2.853334175005544
2785.9311936507934	2.851901168984042
2781.3324241935484	2.875934167217959
2778.1435467741935	2.8620381760401856
2775.0107111111106	2.8306663107825494
2770.325904761904	2.815304596185716
2766.685257812499	2.7981613107690553
2763.593776923076	2.819587125992697
2762.027256716417	2.8204973850388133
2760.651842028985	2.852108063580716
2756.989330882352	2.8951539645726387
2751.4066569230768	2.905361610993868
2740.048918032786	2.9073110220463994
2723.895419642857	2.8884547567658334
2699.559525490196	2.910842170657184
2687.1670857142853	2.9134809945116875
2680.5421229166664	2.9498905048831654
2676.3135723404257	2.954780471539359
2673.6239195652174	2.954475962660522
2670.271433333334	2.9467281275890427
2665.990097674419	2.948224158861895
2662.7978571428575	2.9542926962304934
2662.076921428572	2.9247771602903265
2664.0978837209304	2.95193369644483
2666.3611409090913	2.961592249328125
2666.702122727273	2.9698095710147125
2667.3647590909095	2.9673776405010273
2665.2870534883727	2.9534202931874898
2665.2411372093025	2.9527209352011186
2664.6147558139537	2.934804179952663
2666.0878272727277	2.939889111055545
2667.421932608696	2.884974108282953
2668.9988250000006	2.8959305211477426
2671.179184	2.9150377068827886
2672.5941730769237	2.905561092796431
2670.9641961538464	2.8965548327129937
2672.1873574074084	2.8996265235309697
2672.9042464285726	2.8827617195480095
2672.3659771929833	2.883465417626425
2673.4702779661025	2.888498004396629
2673.2006770491807	2.8459038758381694
2667.5976916666677	2.767018804266378
2660.2299706896556	2.7657728108524458
2654.2753254545455	2.78944709512721
2655.686536538461	2.8167789179737883
2657.147527083334	2.8282515736424045
2658.1816413043484	2.858276148660588
2657.536293478261	2.8418326294617398
2656.0309978260875	2.8351084925129495
2653.0927458333335	2.79796581775997
2649.2703540000007	2.7767693825676236
2644.609558490567	2.758507840669683
2642.1196701754393	2.7919249036804805
2639.1594915254236	2.784939055991041
2638.1240934426232	2.8383520077306166
2637.3003508196725	2.838250433573897
2636.786166666667	2.813812366400028
2634.830300000001	2.8044547334057297
2634.516110526316	2.8037579970657713
2632.640429310345	2.79466477035251
2630.0175800000006	2.7737076291744813
2626.406652380953	2.733634420409045
2623.630025	2.723531970263182
2621.2664166666664	2.756202012211059
2619.064257894737	2.7441891473934605
2618.1148278481014	2.7406880789904418
2617.4094740740743	2.7180290945372834
2613.6684370370376	2.7299981092405443
2611.6268439024393	2.7305244821196335
2609.673773493976	2.7331367988026196
2607.2445142857146	2.6989772681388926
2604.98691882353	2.706632315397275
2602.8266564705887	2.7574104267646193
2599.2007626506024	2.7030250762420134
2596.1670050000002	2.692459479793408
2591.2653013157906	2.6613053245527114
2586.766358333334	2.6765095502954765
2584.7877414285717	2.6596949012058393
2581.0214408450706	2.6329316616033727
2577.1301945205482	2.629515988264786
2572.816674025975	2.6199239806580668
2570.8403237500006	2.618965987600247
2568.332617283951	2.6758711474966366
2564.502677500001	2.69300725531849
2562.340314102564	2.686337095644765
2554.5840821917814	2.6946453582669596
2540.3404043478263	2.6541411534532138
2527.8857283582092	2.649358816462709
2520.7390835820897	2.6158517355975364
2516.823845588235	2.6027062455921417
2517.169328571429	2.6368950647446914
2517.967888888889	2.6661865840490417
2506.532087142857	2.679411746173557
2493.2679294117647	2.683729948379694
2472.3970078125	2.7115346621170753
2451.909211864407	2.709727661122786
2436.5477277777777	2.7108651104419383
2430.6623134615384	2.735231236431454
2418.0295249999995	2.74007244775159
2413.468589130435	2.753129760552528
2406.960404444444	2.741674578922318
2401.680818181818	2.735958580069713
2400.2418204545456	2.7524435022970173
2400.956866666667	2.7242542987048233
2407.334685416667	2.724675237748709
2411.726912	2.7590203006824447
2416.414605769231	2.759986676813992
2416.537398113208	2.718187838267533
2413.4664584905663	2.7160203148649638
2410.0505867924535	2.6823554268622143
2409.2983518518527	2.682231953596427
2408.5327181818184	2.680522086846637
2415.8610406779662	2.6676659922732555
2420.5784703124996	2.670181832137336
2428.0358637681147	2.6573568884803
2432.319524324323	2.6597264681841355
2434.3441727272725	2.683537358706005
2432.495841025641	2.619895528138387
2427.7157657894727	2.6610164893808275
2416.8375361111107	2.637677015008377
2406.948777941176	2.6040413945483594
2395.6061769230773	2.6001348486081777
2393.8233212121218	2.606315784716578
2399.762458571429	2.6040535963316858
2403.596506666666	2.5892282822454606
2413.392523170731	2.5669728255804545
2418.411598863636	2.5248680917976056
2420.5479208791203	2.5044086525353775
2419.9128107526876	2.461046390188351
2412.077297826086	2.502822610419342
2400.1159556818175	2.4993175115233326
2392.313008139534	2.4966142423427984
2380.5572626506014	2.469093512972253
2370.9815599999997	2.4622355741814497
2360.2656743589746	2.478976713875037
2357.2468848101266	2.46601943470651
2351.5856215189874	2.4377207447969784
2350.696303703704	2.4388353091759436
2352.8115749999993	2.442717781578293
2354.6700724137927	2.468059919958254
2353.577388764045	2.4358646038420932
2350.285838888889	2.4061235634319647
2345.2654611111107	2.41888126045672
2333.094181609196	2.478267898891681
2319.4683378048785	2.537411192562807
2307.2572311688314	2.5314618454910116
2294.827087323944	2.530340490933631
2287.1194796874997	2.499973559124176
2279.7149849999996	2.464676099041516
2278.3582661016953	2.5390604872372333
2275.221045762712	2.509506181594548
2272.2491016949157	2.533147338651731
2272.9071016393445	2.5533224607113016
2269.9539163934433	2.529394061455852
2268.7078064516136	2.533734274423521
2270.4794166666675	2.518887263971563
2269.4733681159423	2.5482863829953963
2269.727997183099	2.5621142920485998
2270.123883561644	2.5650588780057073
2268.323504109589	2.5347373341354125
2266.936470000001	2.5794770332910897
2258.018393939394	2.5833099415750658
2242.570969354839	2.5865423336971887
2224.719225862069	2.589090118787916
2210.8821199999993	2.5853396511580535
2203.7119754716978	2.6017876322863165
2199.663726923077	2.596208061188369
2195.0493862745093	2.5954276510136056
2194.887282352941	2.599431251663054
2194.092684313725	2.6129221806930847
2194.403811764706	2.631415734428367
2194.058288	2.6361324390222034
2192.8283833333335	2.656948976307031
2198.2504755555556	2.662412025811358
2206.798335714286	2.6624732149161305
2216.3745300000005	2.6432579099464633
2226.136612820513	2.6430647142187618
2233.5464000000006	2.6725447713180817
2237.0205400000004	2.662255370654549
2236.1475619047624	2.6373064086854345
2234.9226659090914	2.6257055639255156
2240.805527272728	2.64590383416889
2243.7815333333338	2.6642566958917104
2252.7743318181824	2.6625509550860698
2259.7061613636365	2.679744809026249
2273.526978571429	2.616868104217966
2278.2271707317072	2.6023832369165723
2289.804776923077	2.6342725525599677
2297.1941263157896	2.6435749569443496
2305.9600111111113	2.61155511185867
2306.316581081081	2.6127420465815603
2303.489105128205	2.609031691224114
2298.3719238095237	2.5833731008311567
2292.9212755555554	2.584137521805663
2282.039314	2.579861563301133
2276.378181132076	2.525961344076352
2267.0865107142863	2.4999676213992834
2260.2843796610177	2.5050274322837374
2259.816196666667	2.540994842548383
2259.484029508197	2.5468805960086582
2261.035278688525	2.530274772961745
2260.6745306451617	2.546307985198064
2263.154948387097	2.5498490785205212
2266.8187580645167	2.578189985917051
2270.4155241935496	2.584742089855002
2275.570483333334	2.583269673516055
2281.949013793104	2.5665697533641523
2288.9689872727276	2.5974494593530073
2295.289862264151	2.5944359146581153
2298.7876153846155	2.6141424353788674
2303.1196959999997	2.596793071915787
2304.884248979592	2.593659704257202
2307.468931914894	2.6091548206113426
2309.1672630434778	2.607316414045475
2309.682722727272	2.6008793183849703
2310.179788636363	2.63311421070766
2310.077731818181	2.636229548416569
2310.13294090909	2.6479037691506413
2311.6919711111104	2.65113501905613
2311.737353333333	2.6477957273711485
2311.437293333333	2.6210676514333713
2311.2014644444444	2.6228673354146252
2311.4618717391304	2.6132899662765614
2311.4569276595744	2.6053846844586364
2312.1202326530606	2.6027584802618686
2312.1709999999994	2.5799883908821624
2313.2651924528295	2.604496211270689
2313.6760872727264	2.578311787336834
2313.0925339285704	2.5823450769976586
2313.9030931034476	2.603641200334663
2312.7753155172404	2.5974027998035316
2312.3036542372874	2.585657088086207
2310.496967796609	2.5712045120326903
2309.2062915254232	2.595282703753635
2308.119415517241	2.6171400799890163
2305.2339821428563	2.614420920630461
2304.1983218181813	2.60974999021144
2300.1037320754713	2.610616231489025
2298.5746076923074	2.5602230003599926
2297.7323698113205	2.5615117729822074
2296.8639407407404	2.5594823582227084
2296.0488714285707	2.5523816358105
2297.0603474576264	2.5438580859526754
2299.766088888888	2.568269126679861
2299.980945454544	2.557921758547827
2299.69644925373	2.5850255268168185
2299.205745588234	2.57345191563861
2297.8232820895514	2.5801391654068793
2295.679387878787	2.5899406222735992
2292.111240624999	2.5773958970950623
2291.4934499999995	2.575229909559916
2290.648996923076	2.550061069165784
2289.2036212121207	2.5171471230873532
2288.084824999999	2.516647152213491
2287.1977014285703	2.5131336305211516
2287.0490152777766	2.496725233348627
2285.8219657534237	2.519169758215505
2284.73258108108	2.525400006018835
2281.674671232876	2.5295459631865267
2278.368563380281	2.5267416144467734
2275.799034285714	2.5045241707709622
2273.7992537313426	2.528378003775785
2275.7061753846147	2.4930472109201265
2274.9573046874993	2.485865270212559
2274.6501190476183	2.4978394001884534
2273.4566806451608	2.5109083963791514
2271.585338709677	2.510191839170777
2268.990375806451	2.4721106115339944
2266.9921	2.480814679389942
2264.3730822580646	2.4855355709832843
2262.827655555556	2.4975556184127874
2260.3151619047617	2.485822200052216
2258.948290769231	2.4674006106565365
2257.0172151515153	2.473078116592292
2255.8146	2.4638151335931058
2254.9470513888887	2.454143061673213
2253.216418666666	2.453758328556795
2250.44547051282	2.436668403616591
2248.1256212499993	2.428105537888748
2245.3954662650603	2.4468710777657674
2243.479457142857	2.43529488017705
2241.9077952941175	2.45601566679848
2241.4442452380945	2.479029398659139
2240.5920646341456	2.4837896030355537
2237.1007115384614	2.4852251628073985
2230.8798108108103	2.499700972334428
2220.026331884057	2.4946753432653086
2208.4988276923073	2.4703540461854856
2202.957285714286	2.476403479829655
2198.551620967742	2.4615870033996625
2196.98523968254	2.455283004538108
2198.4081015151523	2.4552357759685592
2201.2342385714282	2.4519317674730314
2205.2994148648645	2.462474191831907
2208.376641558441	2.453890226413683
2207.039528205127	2.459431685219295
2203.169135897436	2.438458212802786
2193.5340493333324	2.406177149413697
2187.3017041095895	2.419112470199228
2182.2727999999997	2.403751001671167
2178.7547569444437	2.397177373622
2176.6562397260263	2.3954893848045984
2176.294381333333	2.4116126110561042
2174.3428	2.3975852014273635
2170.989302631578	2.3961364520399955
2170.738505128205	2.4087175981475504
2162.0870202702695	2.470784724790331
2149.2107115942026	2.4789093110144966
2139.50191875	2.4701093672808456
2125.460589830508	2.475633831610278
2115.4031943396226	2.462216857619436
2110.493684313725	2.4706231241285312
2107.7104470588233	2.4371525190916983
2106.6485673076922	2.4273129244126608
2110.757371428572	2.434417437712183
2113.844455	2.4014299130518273
2115.6267703124995	2.4016361460606546
2121.675663768115	2.4079735730410925
2126.6116068493147	2.4037424947223482
2128.419344736842	2.3788831416996654
2130.2694113924053	2.422673040058808
2129.5657937500005	2.4495186181270974
2127.4598362500005	2.438820239307906
2121.9720166666666	2.475491037803937
2113.717212	2.4828693910817035
2106.1613873239444	2.465909536722541
2102.307773913044	2.4663769465015855
2097.761841791045	2.460432994882742
2095.966685074627	2.4618995883947328
2097.57091884058	2.4666634608783276
2097.9341914285715	2.4908695983329716
2099.357327777778	2.4880480848948734
2099.708049315069	2.492620463689784
2098.6845671232877	2.475294284617723
2097.2440808219176	2.4748458240058344
2096.300564383562	2.462182466547318
2094.0312444444444	2.431492350340908
2093.3601315068495	2.427148506652178
2093.6802360000006	2.4295761128588556
2093.8850805194807	2.4355595160110326
2094.653897468355	2.465876837273473
2096.1564617283952	2.4750338777277365
2094.7813320987657	2.4708151633762294
2093.2457212500003	2.4628246558610987
2089.552742857143	2.4619457373200166
2087.5173092105265	2.430759512221893
2085.9046618421057	2.427197143653526
2085.5020038961043	2.435938817370188
2086.52307375	2.4081007009328244
2088.122304761905	2.414100769147559
2089.0311229885065	2.391903743832363
2089.2925322222227	2.3784715846278783
2090.438038709678	2.3798192294485414
2091.7465250000005	2.3739639079625325
2091.981468367347	2.39183602604587
2091.9618830000004	2.377955258574773
2091.004339603961	2.386921290592496
2089.9206696078436	2.374702118032629
2087.47650882353	2.3479274652814865
2084.7325137254907	2.3290038068617744
2081.8234245098047	2.319326874223563
2079.135270588236	2.335122045469613
2075.143642574258	2.3124099878987203
2072.073977000001	2.327374376472172
2065.7451105263162	2.3763597240602983
2059.746468539326	2.3741184092050953
2052.8970999999997	2.3989261877674677
2045.2121657534249	2.415248423794987
2044.4341538461538	2.408014091417369
2040.8958065573777	2.412698399096092
2036.1878465517248	2.39697853060159
2036.8616250000007	2.4583915167850323
2039.1012962962968	2.466098685581286
2041.249811320755	2.465917682976356
2040.3011764705889	2.468385272043774
2037.159166666667	2.473371902418415
2036.3074468085108	2.4656410116516616
2034.250652173913	2.470368554135685
2035.1097826086955	2.5084913084088325
2036.6804347826087	2.5170981774626675
2037.9952173913043	2.5082661342734696
2039.9826666666663	2.5277336551593454
2043.8529545454546	2.551094890680554
2045.3702380952382	2.552346203554317
2048.6716666666666	2.5603629308364138
2051.3251219512194	2.5591384051268538
2055.8943902439023	2.5606992187041633
2060.787073170732	2.5671829526021224
2064.427073170732	2.5378172278536613
2071.663	2.59482968744493
2081.3435897435897	2.6095609339985604
2091.7281578947373	2.599250678854842
2101.513243243244	2.5799941550883965
2113.0391666666674	2.6066376626845886
2128.499428571429	2.616710419691853
2132.8005555555555	2.602088242365598
2136.9940540540542	2.60587443890896
2146.4462162162163	2.5860860002670267
2149.278157894737	2.5786772753355662
2153.3397435897436	2.627793309619414
2157.5552500000003	2.640904923720963
2167.7670000000003	2.656136740385267
2171.880975609756	2.6525634486147776
2189.615	2.675908066394098
2199.0930049999997	2.6723110599952156
2214.1621769230765	2.688509824857263
2223.2450897435892	2.6966907722441738
2232.471697435897	2.693159431157406
2236.8508675	2.7104738047712758
2240.7945048780484	2.703355142912127
2238.4696999999996	2.669560830212326
2241.7670659090904	2.6916534329671
2248.3665545454537	2.638638642906264
2249.6623511111106	2.6310765023894254
2256.1024511111104	2.6433733352904705
2266.105118181818	2.6180826354917013
2270.633829545454	2.6303410205059548
2272.754566666666	2.678243159641879
2278.7746977777765	2.686766627296201
2286.3346136363625	2.6096673331213287
2295.9040255813948	2.659381712678885
2307.10913902439	2.6834803097314275
2315.31358974359	2.658543082475408
2322.1492270270273	2.6438154654232258
2322.122668421053	2.637261491596497
2320.9694333333337	2.5974952614518934
2317.2660756097566	2.5765496262561145
2312.2480727272728	2.5829868863571557
2305.0688124999997	2.5865465403345222
2300.817256	2.561197984018274
2297.4080999999996	2.572791959970125
2297.781239622641	2.6281584606387614
2303.3268057692303	2.639164761754002
2306.123544230769	2.6435884968500662
2309.8694294117645	2.6410182302338825
2312.79716	2.6198748260240663
2315.7663448979592	2.6258448393336504
2314.271926	2.5676538405298515
2314.974442	2.566294471303298
2313.5993274509806	2.5708186777169537
2311.9453730769233	2.5570880194371153
2310.152083018868	2.548601032343655
2306.4908818181816	2.547234296270383
2305.188430357143	2.5602551486059832
2303.8312333333333	2.556389720075197
2301.426605084746	2.551583860592107
2298.7745704918034	2.5407621442570454
2296.83789516129	2.5227543005411848
2294.3389734375	2.537291724385221
2291.152150746268	2.5436352610691797
2290.0405117647056	2.548430882862113
2290.716622058823	2.586648750851012
2292.159868656716	2.5902679769094172
2294.0829531249997	2.5425966515908485
2294.21946	2.5737967798150954
2293.736663636364	2.5523806110796885
2287.380646153846	2.529761750729144
2281.7827862745094	2.5342337513134403
2278.9353372549017	2.5632211093774426
2278.8689499999996	2.5874692713532417
2278.8864075471697	2.5905369636616475
2279.1081296296293	2.59828058959184
2274.4657471698115	2.5915548243925635
2271.190728846154	2.6009324284063813
2269.01932	2.600861956112026
2267.742983673469	2.5800106784408667
2263.782366666667	2.5946335073330493
2264.58706875	2.617352850622058
2264.8124583333333	2.6417091420456034
2263.239934042553	2.6595477901513798
2263.128393333333	2.6712775283463306
2266.980647619048	2.6652378931536598
2266.9650425	2.6480975944039695
2265.50992631579	2.665581120430029
2268.4985567567564	2.67492605395803
2273.429327027027	2.6900298846448276
2277.5159947368415	2.694972017086945
2281.356815384615	2.6940759285820244
2285.5225435897437	2.680312567603397
2288.3580549999997	2.6738598819490593
2290.0600146341462	2.6421234869714763
2291.766519047619	2.644991320680768
2292.6083465116276	2.618739078627506
2291.483591111111	2.5930383068459313
2287.8510812500003	2.545891907371268
2287.629154	2.5668565648254735
2287.257555769231	2.5660755149875
2286.761656603774	2.5739550691655984
2286.031077777778	2.5648184432296137
2283.973265454546	2.5146490100281262
2281.419174545455	2.510132517188844
2276.217752727273	2.416929820628776
2272.8424925925924	2.4129762443049643
2270.9801192307687	2.429922821004173
2268.830106	2.4164487846890195
2269.8669510638297	2.429727668500183
2268.1328577777776	2.455639271835582
2265.510147727273	2.473826084424074
2261.88335	2.4681449805775157
2258.4681	2.4814435661457352
2255.113106521739	2.47812999759555
2250.448	2.421432741439616
2246.637385106383	2.4262527514129726
2243.61610625	2.4762132578860157
2243.4141979166666	2.543747932946938
2242.4245729166664	2.517649990409793
2240.660608510638	2.5504627419636403
2237.065417777778	2.5630102175765868
2232.353339534884	2.540281886680032
2227.2457642857144	2.526319061473888
2217.4825243902437	2.4899399081172575
2211.0551853658535	2.509646584211177
2206.267192682926	2.550502549482238
2205.881483333333	2.5505869306385325
2196.6134560975606	2.5312429202378137
2190.6595170731707	2.5268853309473815
2183.1205853658535	2.4967314652260804
2181.5208285714284	2.4991363708354988
2180.165965116279	2.504341107409032
2185.50432	2.5432573196891264
2190.0273148936167	2.547183227952403
2190.5721166666667	2.5738793020129576
2187.1409458333333	2.589575632030565
2177.6265361702126	2.5739483707315762
2162.9694177777774	2.5761565692887167
2155.462729545455	2.582652357972918
2151.099944186047	2.621978510637831
2150.287997619048	2.630725587933655
2150.969485714286	2.625811663186187
2150.762190476191	2.6080906287951446
2149.538024390244	2.585343009870667
2151.706409756098	2.610105999629663
2156.995729268293	2.603106623106541
2162.567219512195	2.607703522655361
2164.6798190476193	2.6086086328256712
2166.464186046512	2.6006453395782256
2172.106997674419	2.639709855798396
2175.0605000000005	2.650010801324904
2184.0720116279076	2.636565276224177
2190.931004761905	2.6326772005192085
2199.448457500001	2.6188526677845134
2209.641082051283	2.628703585837572
2215.8539815789477	2.6574753017766555
2220.8565837837837	2.6579204720936733
2223.6165270270267	2.657406275278501
2226.3780026315785	2.6738827325920695
2231.7886842105254	2.7226571798321784
2242.115437837837	2.7486375600491604
2251.024941666666	2.740104977706539
2263.0712470588232	2.7542719860901554
2281.3451968749996	2.749422978669253
2291.9723129032254	2.7495643953896503
2296.765441935484	2.7075037158479636
2296.8070515151517	2.7219123844513393
2300.5175	2.767517382092106
2300.321369444445	2.754587290409016
2302.9511108108113	2.7414499786372524
2304.242655263158	2.6997909891838408
2308.917892105263	2.7082614805802114
2313.3810131578953	2.730749923843527
2318.290905263158	2.76382656480856
2321.5119256410258	2.784016865230502
2324.0158675	2.7637175013259525
2330.0929225000004	2.7980842788299474
2339.284317948718	2.8114138928972983
2345.8743368421046	2.8090572905659226
2355.6886305555554	2.754223943915239
2366.4825029411763	2.748482949427782
2371.422788235294	2.7626710132304515
2378.2412	2.818176656614758
2380.17724	2.7902036053368517
2380.766213888889	2.7443508776643517
2380.8352513513514	2.72580667632416
2382.336027027027	2.6864115395045802
2381.2774026315783	2.6834823616492574
2379.5824999999995	2.658840402489006
2376.697275609756	2.692105731030486
2375.320523809524	2.662317780817728
2371.0094795454547	2.662979511524863
2369.9728244444445	2.667434794927182
2364.4363729166666	2.6842086900586724
2363.467763265306	2.66075347988493
2357.7772307692308	2.6405483678822232
2355.968764150943	2.6103863733297414
2351.9601036363633	2.6198934462798054
2350.9579267857143	2.6389940469666255
2347.4940206896554	2.6010465377494967
2346.2442627118644	2.6213026681404172
2349.6108793103444	2.659089732132456
2355.635569642857	2.7136634259615064
2362.5557716981125	2.710536634337627
2371.4530469387755	2.72467015708797
2373.8477386363634	2.71450930943742
2371.3850829268285	2.704282388417709
2369.9932224999993	2.700910251103431
2370.1741024390235	2.7031893001585323
2370.098458536585	2.7270338574439297
2371.5081928571426	2.7446193826807876
2373.1126395348833	2.7535919532143356
2372.848247619048	2.6939274166377145
2373.453951219512	2.7207052880850138
2370.671182051282	2.7470541880352375
2367.026294736842	2.740513425994516
2364.2420108108104	2.7313571114068864
2365.818028947368	2.7395951978285566
2368.466055	2.741269779540862
2371.532202380952	2.7197264380326676
2374.5233136363636	2.7241219091050004
2377.9506829787233	2.726441799456591
2377.7152645833335	2.6970076643147376
2378.5506819999996	2.686464171075516
2378.872944230769	2.6854837046713094
2378.080431481482	2.6674444714584356
2376.1571678571427	2.634189136854008
2374.205239655172	2.6341414167558286
2373.3398749999988	2.643575713248154
2373.1430887096762	2.6636727903825363
2371.0893048387084	2.6311545122711797
2369.8767096774186	2.6625003496880764
2369.595804918032	2.6655996670165245
2368.031288333333	2.6799139054128194
2363.9225310344823	2.684908317604715
2359.500231578947	2.6678268078252114
2355.021412727273	2.621593687010916
2351.4927909090907	2.6285288671365405
2347.6633833333335	2.635495366882549
2345.420035849057	2.6166474659318064
2343.371650943397	2.597223435162708
2341.18150925926	2.5914696888905615
2340.1055574074085	2.6136790728352484
2338.7274618181827	2.6196085856204046
2337.424032142858	2.620828217871859
2335.6737964912286	2.598135360408841
2333.7195327586214	2.5857700661404457
2332.0054586206907	2.6098907478594024
2331.8238413793106	2.649150021113683
2331.632125000001	2.651875178984124
2333.95470925926	2.671053043543937
2338.4461470588244	2.65654474926677
2335.0816437500002	2.6562076768575467
2332.0596413043486	2.668250925696186
2329.02574	2.6555760843726057
2329.3691304347826	2.6754063773169188
2328.878223913044	2.7180684021734756
2328.371660869566	2.7253578529459888
2326.0087681818186	2.738210555762347
2321.2281500000004	2.71865174203534
2315.5248410256413	2.741114519394811
2316.104391666667	2.765719865034347
2322.5339500000005	2.754924988868284
2328.2671303030306	2.7648144692398686
2331.9133757575764	2.743555081265578
2334.9255848484845	2.7301744905158434
2336.6833090909095	2.711798350556137
2335.849709090909	2.649513050015329
2335.9804727272726	2.657625052162976
2335.2222382352943	2.6396704074457493
2337.1546117647063	2.6575903535522265
2339.800641176471	2.6838632877973914
2340.5564457142864	2.681642979910663
2340.8856138888896	2.670681991930971
2341.3447513513515	2.6751010388271625
2341.5908289473687	2.6703027522885168
2339.6903820512825	2.6137393120387555
2337.992575	2.6167575865436437
2335.0316833333336	2.617315392289808
2334.2634000000003	2.6375032359987483
2333.2487181818183	2.629165154045267
2331.684965957447	2.654652038163822
2331.6773854166668	2.657729844079435
2331.4530081632656	2.6505761750724135
2330.206708	2.6155763511404917
2331.415616326531	2.6559717950049695
2335.15565106383	2.665998798240821
2339.9043913043483	2.6653946055713633
2343.5433022222223	2.6677272666053664
2347.040286363637	2.646364553845631
2348.4134363636363	2.6253672608309992
2346.692953333333	2.6159697506137736
2345.671506521739	2.6359017421883166
2342.2576729166667	2.639751792032227
2337.8019960784313	2.6336071492307536
2336.106039622641	2.651158724511789
2335.1108345454545	2.6781945277620256
2337.2329418181816	2.6875347758365526
2341.0449870370367	2.7048112970957567
2346.179056603773	2.69963401452321
2350.765894	2.705371765832502
2352.894920833333	2.6855421795727406
2354.2690957446803	2.6873679629720724
2353.4512148936165	2.6839898438178347
2354.943344897959	2.687482079966397
2354.3374411764703	2.656533297878741
2352.8050370370365	2.653419157676144
2351.649096428571	2.6494872932259934
2350.8966385964904	2.639447204133774
2349.506755172413	2.613260904248677
2347.7071224137926	2.574169204907225
2345.9035440677962	2.5973476097080925
2343.92057704918	2.6073961461314514
2342.657516129032	2.6172735269725496
2341.2066515624997	2.624714355178427
2339.2315611940294	2.599161786644579
2337.8292249999995	2.5997631960754863
2336.281628985507	2.589381494182019
2335.865727941176	2.6321690840746705
2335.574995522388	2.6291528440805942
2335.025487878788	2.6285752842772974
2330.9991984374997	2.597750799007248
2326.6596555555557	2.595818864498448
2324.9515312500002	2.5786026503721646
2324.656531818182	2.583470988846894
2326.4466333333335	2.60087071333305
2326.404223943662	2.599815367747635
2325.832146575343	2.618663048131496
2323.889851388889	2.634722897251718
2320.340484507042	2.6276135886839604
2314.8776275362325	2.6501644487962137
2306.1781181818183	2.6325657296286056
2303.5957873015873	2.635565554390876
2300.6075508196727	2.632137183158169
2297.253889830509	2.6182325984142985
2297.637938983051	2.637855967332035
2297.33592	2.630597955421872
2296.4411016129034	2.625289928847702
2296.5257301587303	2.6461694167073584
2297.183407936508	2.6511921238501204
2297.706288888889	2.648381507707473
2298.7318639344267	2.66977016220709
2298.1717169491526	2.683664266064481
2297.0734499999994	2.6686238657830703
2296.438818518518	2.659746384428405
2296.019740384615	2.624112930016115
2295.7127346153843	2.637223284475213
2295.651956603773	2.645757606790585
2295.900135185185	2.659202833819069
2295.946044642857	2.650527027002925
2296.660208474576	2.6692152386360775
2297.285023728813	2.6784867175821327
2298.2097017241376	2.6954809104371993
2296.5471732142855	2.7023310078019716
2291.0409981132075	2.710504783401206
2286.54652244898	2.721266002152351
2287.8563042553196	2.7197431095979634
2293.5918644444446	2.7191824094936052
2297.135677272727	2.7278141790752892
2301.232062790697	2.6988543072722297
2304.340423255813	2.6978175927210915
2306.653327906976	2.7124002593521235
2309.7753767441855	2.7371133959930907
2314.5507833333327	2.734611743281979
2318.290047619047	2.7226484896008776
2322.2265071428565	2.7124327282941354
2326.1974928571426	2.7183420448603446
2327.62818372093	2.716577779332367
2327.35725111111	2.7421618314955936
2329.141602173912	2.732790772713959
2331.1895276595737	2.747301650133382
2336.02904680851	2.7674328642800248
2345.5292733333326	2.8140178291682534
2355.4246904761903	2.8301418627308275
2367.6751153846153	2.8330697973227426
2379.6227540540535	2.857182148886081
2389.5513542857143	2.833410960455158
2398.1882705882354	2.8744231622977043
2406.2109323529417	2.8808870687950745
2415.9430176470596	2.8863231118140376
2424.1924264705885	2.858248572264171
2432.4719558823535	2.8702371427373223
2437.6577000000007	2.906065275042791
2442.667900000001	2.9097384568056466
2451.2833194444447	2.9109465069415457
2459.659644444445	2.8915376354697906
2468.1174777777787	2.9213854792948637
2480.511385714286	2.951697156102274
2489.1036371428568	2.958654438060276
2500.26815	2.953687053675059
2511.7033909090906	2.9502370998778273
2519.9613090909093	2.967049871571202
2533.7579906249994	2.944269361487587
2540.9922625	2.9064172961732906
2543.4911848484844	2.9154349719188164
2545.188564705882	2.8931980212717945
2543.098591666666	2.9241979101717175
2541.7083526315782	2.956680447090046
2546.010153846153	2.9930032171572925
2555.461335897435	3.014223347105682
2569.0454736842107	3.035942695692478
2589.207852777778	3.052964613112672
2617.881430303031	3.0608533142460277
2638.4445483870977	3.062406665323201
2653.4939827586218	3.0570560021381503
2666.03265357143	3.084638585748992
2674.626003571429	3.1015586281096064
2680.139550000001	3.0222587597918604
2687.4787142857144	3.041764462412873
2694.9170000000004	3.0577290069067704
2701.835346428572	3.0828919860667647
2707.0429071428575	3.0395524851840268
2707.0928833333337	3.0729279379663734
2711.4822806451616	3.118052275634487
2715.5484562500005	3.1165304730407746
2719.604066666667	3.1242531892474767
2727.314812121212	3.1445636482716783
2739.666303125	3.1572844592723643
2751.8242419354838	3.192229594471347
2760.4800935483877	3.1996808844328757
2772.4958666666666	3.186589136257308
2780.4355266666666	3.1799007993500616
2794.85015862069	3.1711532627811874
2805.1455724137936	3.1885026027537173
2814.957903448276	3.1529133596182453
2822.9883206896548	3.1326016145405644
2825.4547966666664	3.163987946641411
2832.20462	3.1386516041621895
2832.558209677419	3.1111861353904655
2831.640953125	3.071967101913747
2826.0612147058823	3.0735091315224996
2820.112930555556	3.074355327647646
2815.805728947369	3.1353674178320867
2824.171371052632	3.1737704437802314
2831.9897368421052	3.182737621980716
2845.8601305555558	3.1981569734803474
2857.9226787878792	3.216538176005287
2866.2047322580647	3.208830337093667
2879.6429000000003	3.202326061751685
2889.5014892857143	3.217730062391842
2896.887666666666	3.2008991472937725
2900.565753571428	3.2489702584148015
2904.136853571428	3.1921100105121845
2910.514807407407	3.2393182135446685
2913.2403333333327	3.2106308259789405
2913.4944269230764	3.2054799357602697
2915.3561269230768	3.2185381493819665
2917.0498481481477	3.2112706342905017
2918.988458620689	3.219198906403476
2921.1046838709676	3.217756836885953
2924.052139393939	3.261032746829801
2928.3820060606054	3.316488118775893
2933.8788333333323	3.357120112620192
2942.877051612902	3.3852762946545063
2956.4547517241376	3.412806520843781
2982.1210538461532	3.4433856333548216
3010.4575916666668	3.4332115551401845
3033.571618181818	3.5113088171203573
3059.2288049999997	3.5518689370297354
3089.366326315789	3.655437830408677
3119.9286555555555	3.6267534001319923
3158.426852941176	3.706700828737288
3208.70542	3.5495185296931857
3240.3968800000002	3.6686645795345614
3291.102807142857	3.6736789987640455
3320.088542857143	3.6975476443478734
3348.7687571428573	3.7387779336694322
3363.4583133333335	3.788106429903349
3377.146975	3.801040034166977
3388.4865	3.7889416677432415
3413.3298470588234	3.7903836361432752
3418.081361111111	3.720378051482645
3444.657717647059	3.6510405922544362
3442.3336722222225	3.6277021426029443
3458.3818277777777	3.70277069603159
3474.169211111111	3.7677793308309377
3477.8396210526316	3.7482055178620612
3479.68185	3.7233419643255834
3492.1194899999996	3.77354831574867
3503.25325	3.842816535927412
3517.151995000001	3.8646801197395395
3527.06495	3.867339074438243
3547.4018842105265	3.8194747943020504
3555.781694736842	3.8049202312808585
3556.387085	3.7691367560794706
3558.1239333333333	3.7904937606048943
3559.0982045454543	3.7792077450278585
3563.274356521739	3.84373729722688
3564.052008	3.8780316472966625
3560.552373076923	3.6885594406655646
3564.6443038461534	3.760284316846801
3575.0783399999996	3.8734024818111616
3581.4190166666667	3.906753408524391
3592.258013636364	3.895804395590961
3617.8374999999996	3.9514902746340907
3630.905566666666	3.942505406399464
3638.560133333334	3.9071240679257793
3645.6050999999998	3.8733542190086396
3645.5204545454544	3.8279909708044673
3638.9826708333335	3.7775252809218682
3640.266672	3.8456463750787955
3637.790755555555	3.825231923013992
3639.801588888889	3.803799397430526
3636.656235714286	3.7453707667831573
3637.187767857143	3.7513740183031343
3640.832903571429	3.8002215081630655
3641.3328275862073	3.83276004856099
3642.4942533333337	3.852462588928274
3645.1049774193552	3.89708429051381
3649.2512468750006	3.942663676052776
3656.537265625001	3.966883254348674
3660.408256250001	3.94339133009413
3665.017961290324	3.9999147256840417
3675.006130000001	4.021467399401435
3694.383753571429	4.072837572828744
3702.311088888889	4.014362655318457
3726.4070800000004	4.058655646037044
3734.222154166667	4.047541204863941
3737.046873913043	4.015035830622111
3748.486545454545	4.074199001338674
3762.4951727272714	4.09080594771898
3778.995504545454	4.092052663540817
3787.9486521739127	4.1216161424129885
3803.531991304348	4.163201044954423
3825.3341478260877	4.2738723286188085
3850.890321739131	4.330579149812262
3898.2561590909095	4.416981766192521
3956.463495	4.430258494129983
4000.0818526315784	4.483985249679825
4061.9079823529414	4.585097364029046
4109.366075000001	4.603713888625775
4164.884933333334	4.6123285184669
4203.564626666666	4.588803481796529
4247.240833333333	4.626151681426999
4292.390960000001	4.705920966497845
4335.5113	4.694150611918259
4385.648520000001	4.7934965480029215
4437.55854	4.847844619794686
4462.87378125	4.92154043318613
4520.88548125	5.028836037378461
4595.53804	5.027409928846104
4636.361346666667	4.988213105917398
4684.434246666668	5.10284249255089
4753.786107142856	5.20069701293519
4800.246714285715	5.210421167561799
4835.825814285715	5.077049304183043
4881.0771	5.179731097736978
4928.253085714286	5.2421936399107
4962.286092857142	5.150467791036348
5008.755042857143	5.300966944987792
5058.659914285714	5.44514628336796
5106.888957142857	5.477627470039096
5148.131328571429	5.460158262643262
5205.296007692308	5.542975898639542
5241.470923076922	5.426959024801725
5274.625953846154	5.50499833301694
5288.6405857142845	5.507672549831821
5315.581550000001	5.552704194418015
5327.192578571429	5.362396868478401
5322.923206666668	5.31421038268705
5312.421706250001	5.2268553622699185
5313.443464705883	5.368213965762552
5345.2764823529415	5.546468912610483
5377.382682352942	5.639269550424375
5406.1727294117645	5.647924936491582
5441.245747058822	5.6547647256047595
5463.125376470587	5.604085081073728
5481.69300625	5.6489511974271585
5508.99603125	5.7945580272315835
5536.27220625	5.866044725609458
5582.569512499999	6.0257792444176514
5631.3337375	6.135199542959486
5690.69221875	6.288288898676058
5789.591953333334	6.471477423371018
5936.201235714286	6.51964382396943
6035.969507692307	6.1289223996489675
6084.336776923077	6.176012804097181
6197.9881	6.482796002141268
6300.527875	6.671460294740141
6400.1214083333325	6.689340446029714
6437.050669230768	6.696836455955761
6523.101161538462	6.78151100916376
6602.822446153847	6.786986711036839
6667.254992307692	6.770225709659074
6728.879638461538	6.847231225972336
6783.61546153846	6.920794989540619
6829.574046153847	7.002657761548151
6846.59272857143	6.86379539944204
6854.264171428572	6.615692120156355
6902.9541285714295	6.734919782851429
6885.796560000001	6.488981662237714
6878.204373333333	6.125417771706704
6841.23488125	6.208842716109773
6817.4885	6.326788522504414
6790.360835294118	6.124277161502496
6726.114011111113	5.638780668971124
6639.973583333334	5.342002197862545
6552.896729411766	5.636935128172589
6421.108593750001	5.337106313652587
6296.89815	5.051410058935446
6080.276739999999	4.748077866994493
5904.537166666666	4.70611891445542
5723.32612	4.493390588873782
5538.481373333332	4.195505790932192
5367.840086666666	4.485821410620557
5237.946266666667	4.765223692772694
5220.2521937500005	4.980647382618738
5205.823052941177	4.998886741127327
5119.459241176472	4.760894909522525
5030.717152941177	4.820853937303395
4949.362564705883	5.07098795417771
4887.944029411765	5.142976617938567
4862.664682352941	5.206456970843907
4859.583364705881	5.246896656235918
4847.1628529411755	5.402330173773811
4849.198429411765	5.3206080173803345
4854.410875	4.881481752530136
4863.5741875	4.782014791485893
4960.930980000001	4.987765410971336
4990.021013333333	4.84049069981012
4993.109233333334	4.790029130990014
4970.18756875	4.68409140630916
4964.592064705882	4.9091294332519855
4955.437916666666	4.841095767990161
4932.913015	4.8116250624709345
4932.199580952381	4.936558353510216
4944.258422727273	5.162211898192187
4967.640663636364	5.173667295007775
4975.860852380952	5.1117693191879
5013.34269	5.215870286069026
5019.615973684211	5.243305471938936
5027.8088421052635	5.301690812108565
4988.555672222222	4.9228986320144035
4973.0807888888885	5.026942951850699
4973.8619	4.855018099925212
4964.812488888889	4.599160752617388
4918.48955	4.203643533382639
4857.931784210526	3.910084803995172
4797.821249999999	3.8053533342326276
4753.0839	3.9946213827433024
4720.003190476191	4.224687045871408
4687.982445454546	4.141514093397279
4648.426533333333	4.005990695411829
4596.343904761904	3.9406004693653722
4545.780776190475	3.900062483441108
4516.362186363635	4.050425767333567
4483.0587636363625	4.1739839648534796
4460.470139130433	4.111294601526218
4453.500623999998	4.130039248882038
4413.618627999999	3.926583081801619
4380.655873076922	3.730434383501687
4359.390866666666	3.964429164628524
4315.06887037037	3.8846407542712225
4261.945603703703	3.9239263065777177
4248.558335714285	4.039984676648453
4202.533007142857	4.0735150326054725
4156.699864285715	4.006677147696113
4108.015642857144	4.052664661831236
4053.920910714286	3.9396276107121273
4046.5245827586214	3.9955178481995737
4036.911243333334	3.9194373500143542
4028.5544806451617	3.937938347401963
4064.0646363636365	4.084648927280947
4062.2014470588233	4.146643568972128
4029.329664705883	4.311496296011457
3967.0574727272724	4.343166133815657
3881.8554833333333	4.289786569500576
3909.454939285714	4.403474854754985
3923.1140999999993	4.472607711633042
3946.8857565217395	4.474128011529553
3967.1952772727277	4.547321037063735
4007.3008619047623	4.31760912101859
4048.0299050000003	4.444196663214515
4092.5629578947364	4.548735106952265
4121.96597368421	4.579357245500206
4170.631616666667	4.601953343387182
4204.925783333333	4.501540725019744
4237.660311111111	4.530703977512099
4247.463778947368	4.526386677770909
4251.538194999999	4.43886202030719
4254.8580999999995	4.431803582156808
4268.723259090909	4.651850514287537
4307.451009090909	4.6982091806012685
4351.090472727273	4.816057398956893
4409.888557142857	4.882001668186975
4468.6833263157905	4.899604908542138
4508.0121500000005	4.952454371366867
4542.064594117647	4.942772534639897
4592.185018749999	4.858198822358586
4618.590424999999	4.929557748185066
4631.731464705882	4.903279752111284
4648.387999999999	4.832851621831059
4661.5569	4.942967958974099
4675.971757894736	4.9886072532564585
4696.52414736842	4.953148079066885
4708.336829999998	4.98626095075666
4738.989419999999	5.048878237004696
4767.197844999999	5.034977348054878
4779.61051	4.775767819930779
4798.0900249999995	4.797168795765378
4817.497320000001	4.806032744820166
4827.430125000001	4.845857509452404
4839.5082600000005	4.921267410607461
4837.597090476191	4.879036450382059
4837.964086363637	4.916557889308368
4834.038343478262	4.837390680396268
4830.233616666667	4.8334721229736655
4826.230388000001	4.8233875145200065
4821.2703653846165	4.796877855950424
4820.908948148149	4.901915663142445
4821.527267857144	4.926503668491752
4825.728110714286	4.942463031663716
4831.490517857143	5.057130193710922
4836.681360714286	5.0601645633492165
4841.323355555555	5.139853471839737
4852.282334615385	5.16987422664942
4863.677087499999	5.132597333164312
4867.853904166665	5.109506721125627
4874.9549375	5.138069080556678
4874.936383333333	5.028963755950591
4873.915083333332	5.072258329349925
4884.90338076923	5.103023676325153
4887.284562962963	5.035207148724621
4874.681810714285	4.656024233357388
4855.847389285715	4.608832830886909
4846.874365517241	4.701756725339805
4825.59027	4.383295417852651
4801.508743333334	4.434382845237152
4778.515353333333	4.19758316297857
4753.142232258065	4.205530951204454
4725.263703125	4.081433996221742
4702.795212903226	4.200109332306291
4673.0383451612915	4.057851935407321
4642.031261290324	4.109459583179825
4617.4762580645165	4.249527439176027
4589.846300000001	4.203077588237709
4560.2249451612915	4.0516615192499685
4539.167818750001	4.1057284027068395
4513.593000000001	4.141730035964362
4479.26878125	3.8643798261185593
4452.554006060605	3.832085533731092
4423.087014705881	3.6927370008607476
4390.383097058824	3.8204501621667815
4352.703450000001	3.7684003529975745
4332.512617142857	3.8780605929379064
4313.602150000001	3.8835105771809
4297.6630702702705	3.9519263589549998
4295.19902051282	3.917694630730507
4279.8126649999995	3.9101712362730394
4268.919304878048	4.055690540330678
4231.48775	4.10348135191419
4206.922442500001	4.093445265850583
4134.933902631578	4.104503879177297
4052.7922416666675	4.19203501330801
3966.499250000001	4.162178841254232
3885.009334375	4.179996714217001
3835.365293548387	3.916791930465227
3802.84059	3.928015084310283
3786.3955833333334	3.7773589194440644
3772.304076666667	3.845093671716447
3768.6855633333334	3.9998377013710305
3761.2272966666665	4.008291629418787
3756.8492800000004	3.959692060051118
3742.863496551724	4.01163565468745
3735.7610206896547	4.026018687492382
3731.5614724137936	3.96984011737743
3728.2990833333333	3.9148639537103307
3728.4066093749993	3.9126831471309274
3736.372958823529	4.005771545317941
3744.4350277777776	3.994011482470985
3749.669174358974	3.9820593379077343
3749.007853846153	4.067838013821675
3735.662389189189	4.167651116351928
3731.9163257142854	4.264025884057025
3761.5367125000002	4.249253729753805
3788.4985482758607	4.276169771814939
3798.5412423076914	4.217441171684236
3793.1604874999994	4.241452027694119
3794.4921374999994	4.218716167730826
3799.2927919999993	4.172327637284522
3809.0856923076917	4.275692946380267
3818.4633592592586	4.282000989645263
3826.8144249999996	4.274705858398509
3833.269532142857	4.345029547448487
3851.250789285714	4.353125126919354
3866.294192857142	4.295368526643714
3886.438125	4.265476707195417
3912.384092592593	4.334834021195861
3925.219770370371	4.31247529373044
3942.517996296297	4.365143086135332
3958.962474074075	4.397389067455693
3974.6887518518524	4.395424953671561
3980.7319357142865	4.341990995610503
3996.9085571428573	4.354325318288091
3997.126851724138	4.239037175460344
4008.4253068965522	4.208416504698185
4007.900103333334	4.2314987198084575
4006.7535290322585	4.216707067468079
4006.9964375000004	4.247744507760707
3995.8264000000004	4.237579627797257
3982.149445945947	4.2304375756226165
3976.7297153846152	4.227670636041397
3972.9602951219513	4.3065876631358275
3975.847904761905	4.306774059805733
3990.940209756098	4.319317740008888
4011.9939512820506	4.2246689332896885
4032.382964864865	4.13687793309283
4041.5792666666666	4.134165596474219
4038.3545200000003	4.1276141080335105
4032.4085028571426	4.1278937293212845
4025.6080162162157	4.117496793633514
4019.0800549999994	4.160371393290365
4009.956842857143	4.155763227972217
4004.1865023255814	4.102204399756735
3998.947129545455	4.110002154195158
3998.9453386363634	4.133831224184287
3997.3105068181826	4.167230570455943
3991.65913255814	4.1376363466765245
3985.9888813953494	4.130543456112215
3982.2353272727273	4.142302875175618
3978.5523818181823	4.140073771301533
3974.0433318181827	4.134969512981681
3973.838138636365	4.255521064229125
3971.4096380952387	4.265333874440804
3961.322755	4.288179299559249
3952.8296973684214	4.302001084929294
3923.5966352941177	4.3054305691423895
3916.232921875	4.3087184285646245
3915.633119354838	4.301083684319234
3910.4490096774184	4.188082711164747
3906.1784129032253	4.197405803325118
3908.2537562499992	4.264552215519922
3909.8628636363633	4.257486308300808
3909.7913848484845	4.274899066323948
3910.1560242424243	4.281758514451349
3900.469315625	4.262350968797178
3897.7030468750004	4.299114703638354
3899.0885062500006	4.288135123070511
3903.481371875	4.260636185013648
3910.669834375001	4.3152618544382335
3919.3435937500003	4.34290911501002
3932.863525806452	4.356483095605901
3941.054758064517	4.357394682896059
3955.6395333333344	4.3553160136833515
3969.1497000000013	4.412068627287484
3981.98327	4.424304776823212
3993.9425600000004	4.4375500964866585
4007.3739933333336	4.441432376401779
