2013-4-10	1.984223639651471	0.4416284592022206	0.28643035731659716	0.3445906530686551
2013-4-9	1.9812424019572867	0.44162845920222055	0.2853945311199053	0.34292391173520875
2006-11-28	3.6720261539517214	0.5524074854175371	0.1538332220342633	0.1667054197102571
2008-9-9	2.6427566887378044	0.4416284592022208	0.14225181386034436	0.1664640261808774
2015-12-3	1.0257370884270205	0.01889984709171558	0.42866132782619504	0.4654916996250278
2008-1-17	1.3734490701339828	0.5312179094424893	0.04070453951317887	0.029637633173550615
2013-1-10	1.9769488693521111	0.44162845920222027	0.2582252267725973	0.30850927510020965
2008-6-11	1.9480073489401681	0.4416284592022207	0.09229256927384744	0.10329220499521896
2011-10-10	1.936093337865654	0.44162845920222066	0.16939471454750854	0.20135021394778607
2015-2-10	1.2836629412922793	0.44162845920222055	0.3271914980469668	0.43884606611049226
2010-4-20	1.7328797510846945	0.4416284592022206	0.10133494838418855	0.1113704401089961
2015-3-13	1.1746984135358098	0.4416284592022203	0.22379408235763165	0.3061101483998976
2006-7-10	4.10911473838058	0.5524074854175367	0.16081721113760672	0.17191074722885102
2015-12-23	0.9913247652061228	0	-0.41142206146897076	-0.5988790217390978
2015-4-13	0.9428820190481044	0.41913706474707296	-0.07924930725364454	-0.04242001527456596
2008-10-8	2.722752230504554	0.4416284592022205	0.14865277468566251	0.17642064158423953
2015-11-17	1.0294550484103946	0.028218482551878463	0.2869574929075678	0.2891764826789769
2008-4-10	1.7060749604760481	0.4416284592022207	0.0716149803681787	0.07707914795661042
2010-2-8	1.7550139687815276	0.44162845920222044	0.10019809528132106	0.11361120343975117
2009-4-27	2.1170698437347255	0.4416284592022203	0.11888838000646662	0.14375388019679525
2006-9-1	4.283973523241085	0.5524074854175368	0.16872173228274634	0.1825450356177547
2009-6-4	1.9222842556149509	0.4416284592022206	0.1045412013996394	0.12027035238271533
2012-9-6	2.1063654840785007	0.4416284592022206	0.25220550586711177	0.3094026504203098
2007-9-3	1.3927770663252677	0.5406602278137373	0.04059310340783995	0.03022720302365478
2013-12-5	1.8518515716400852	0.44162845920222066	0.3475475631465599	0.41785397114567924
2015-3-26	1.0714885032021055	0.44162845920222044	0.09489405517318517	0.14876855022045277
2006-8-17	4.378696423369991	0.5524074854175367	0.17065146608536708	0.18640771567035852
2012-8-7	2.042199488619924	0.4416284592022205	0.2341062910678542	0.28224134370399656
2011-7-15	1.7086706129157316	0.4416284592022207	0.12761889643448288	0.1402708641033934
2012-8-27	2.1086069598254116	0.4416284592022206	0.2502954164193052	0.3069917199134329
2014-9-30	1.5242969719158965	0.44162845920222027	0.40235517101816365	0.550054954623636
2009-11-20	1.641828061874971	0.4416284592022205	0.08453660738172641	0.0900181521324519
2008-12-1	2.8206591471436546	0.4416284592022206	0.15774727187976212	0.19114416596484407
2008-3-6	1.4646917698451967	0.500075186753427	0.05001958460979594	0.04284601098978147
2010-1-28	1.7365173114945114	0.44162845920222066	0.09769728581253401	0.11016147050584735
2014-9-3	1.6420474288781188	0.44162845920222027	0.4558052353969928	0.5764049227528039
2006-12-4	3.4803589788563505	0.5524074854175369	0.14733395750730538	0.1583318612588116
2009-4-9	2.1870566070344917	0.44162845920222044	0.12338620642738007	0.1428625925128495
2015-9-10	1.1986671657127128	0.037980983481720375	0.8244681826920395	1.1409705377293569
2014-4-29	1.952838336623775	0.4416284592022205	0.4935124990361941	0.6147404714422957
2014-1-17	1.9523555682390579	0.4416284592022205	0.4098137755514768	0.5087255693305683
2010-7-26	1.859615399532962	0.4416284592022205	0.12102750496999559	0.14120301027347826
2010-8-11	1.8375549142781145	0.4416284592022206	0.11958698939744217	0.13840749187528
2014-3-21	1.9096942526758949	0.44162845920222055	0.4396567362882162	0.5355231096880528
2011-12-16	2.024275059799153	0.44162845920222044	0.1908036216372182	0.229546364624027
2009-3-31	2.1810823468075373	0.44162845920222055	0.12245399044910621	0.1426641944701179
2007-6-1	1.7150251298188988	0.5454421629905071	0.06486100394629823	0.0660130435993922
2013-8-21	1.9440293082623286	0.44162845920222055	0.32596128226423904	0.40161909926843276
2010-1-15	1.6591341980990115	0.44162845920222066	0.08872107457504286	0.0946352378379558
2010-12-16	1.6845873465598569	0.4416284592022206	0.109056969517761	0.11826039853222636
2013-12-31	1.8924709759388452	0.44162845920222066	0.37687700992452444	0.45986169851011405
2015-11-17	1.0294550484103946	0.028218482551878463	0.2869574929075678	0.2891764826789769
2015-2-10	1.2836629412922793	0.44162845920222055	0.3271914980469668	0.43884606611049226
2013-10-30	1.8857118187841526	0.44162845920222044	0.3405301102199345	0.4151388430347722
2014-1-3	1.901054107304301	0.44162845920222066	0.3818448644093466	0.4670051014848726
2008-6-19	2.12950133423393	0.44162845920222044	0.10557263988244503	0.1228017131561634
2014-12-5	1.365164546755761	0.44162845920222044	0.33919721766744493	0.4312513144655632
2011-3-4	1.6807487911915984	0.44162845920222055	0.11362674031058928	0.12271545899659353
2007-3-30	2.263981406437601	0.5524074854175369	0.09781294001795993	0.10230332606532189
2010-7-28	1.8388358477087907	0.4416284592022205	0.11883684027666352	0.13749356395973433
2013-5-8	1.9512500756737963	0.44162845920222044	0.2876786124716273	0.34195571502334476
2012-6-15	1.966136686103514	0.44162845920222044	0.21045359529291097	0.2481885559976338
2008-4-23	1.811314955036462	0.44162845920222066	0.08033748201870727	0.08936623179470882
2012-6-11	1.9751243011162696	0.44162845920222055	0.21129514123906756	0.2495939627493029
2006-11-20	3.864221618538406	0.5524074854175365	0.15991196098289495	0.17177265429372568
2014-6-9	1.9321742027440598	0.44162845920222055	0.526915313399783	0.6571485265018322
2011-8-16	1.79546597112717	0.4416284592022205	0.1432191549763111	0.16263516520955457
2006-11-22	3.7359506594092378	0.5524074854175369	0.1557234222222872	0.16940588630599995
2006-6-29	4.149310118564202	0.5524074854175369	0.16145724705413578	0.174404373444778
2012-8-31	2.1182499707975446	0.4416284592022205	0.25293144731430317	0.3107274906401749
2009-1-9	2.7284701594532157	0.4416284592022205	0.15483214712636628	0.18505971090676798
2007-8-24	1.4343201503282756	0.5454421629905063	0.04412458282227494	0.035241203288765455
2010-11-24	1.6981894973243261	0.44162845920222077	0.1094492464840422	0.11968745745424014
2008-1-15	1.3270142643927554	0.5470669174496665	0.03618847511707357	0.02299115064816548
2006-11-2	4.033813386550933	0.5524074854175368	0.1644324899646512	0.1745341136037426
2006-8-3	4.379905838887956	0.5524074854175373	0.16993428442619019	0.18557259158341521
2011-1-7	1.716651824539916	0.4416284592022205	0.11466175037588333	0.12597431126032044
2009-7-27	1.6659683024499903	0.4416284592022207	0.08264927923517718	0.08729957950810463
2013-5-29	1.8825876421907293	0.4416284592022207	0.2771290922350911	0.32058624888837306
2012-2-3	1.979765759160479	0.4416284592022204	0.1911727921325892	0.2283883601883212
2011-1-21	1.7830617255477752	0.4416284592022207	0.12420682160901508	0.13938476651398068
2007-7-19	1.734906052009596	0.545442162990507	0.06735723379236869	0.07146368219419186
2012-5-29	1.9382432528309441	0.4416284592022205	0.2026536744445906	0.23708636971325348
2008-5-13	1.6684373247866016	0.4416284592022204	0.06936338441787382	0.07311114369423599
2015-9-16	1.2336301995966676	0.03798098348172041	1.0894128074152114	1.5780796327436417
2014-3-25	1.902975202730571	0.4416284592022205	0.44003937330626375	0.5345511878144626
2014-7-2	1.871372640659647	0.4416284592022206	0.5215018274182783	0.6418563282651488
2013-8-5	1.9705231916307835	0.4416284592022207	0.3266070860171999	0.4018888507507512
2006-4-17	5.0322881172225	0.5524074854175367	0.18112512877278863	0.20172524021374127
2010-12-31	1.7275278711258077	0.44162845920222066	0.1156065257510881	0.12745439658942792
2012-1-11	2.003709859006761	0.4416284592022207	0.19147259382978588	0.23035229290812542
2006-6-22	4.280769524697644	0.5524074854175364	0.1649153163887802	0.18032432050956948
2007-10-29	1.4248634974707388	0.5354941127592477	0.04427697478456927	0.03455789523160613
2009-9-11	1.8145031390028459	0.4416284592022206	0.09916711272198397	0.1100913873273317
2011-8-17	1.799145170412531	0.4416284592022208	0.14385080688563678	0.1635379721100183
2009-6-11	1.9143009101927193	0.4416284592022206	0.10416122982528853	0.11977649426427295
2009-8-18	1.8524345437688134	0.44162845920222044	0.1016682624294103	0.11490419761167137
2012-6-5	1.980248965310725	0.4416284592022207	0.21110505432492843	0.2492624509353032
2007-10-9	1.359442999278587	0.5406602278137372	0.0380287429524655	0.025625439892859703
2011-8-29	1.811267872113654	0.4416284592022206	0.14679111800709155	0.16710574236686115
2011-6-13	1.7791971206433588	0.44162845920222044	0.13506085739610763	0.15299573056610227
2014-9-24	1.5389284909828675	0.4416284592022206	0.4067972794298631	0.5599893098442099
2008-10-31	3.1108534090273543	0.44162845920222044	0.17164436110689163	0.2127341050541811
2008-8-1	2.074738058320725	0.4416284592022205	0.10345272255750348	0.11611782879430721
2014-1-10	1.9531170248482979	0.44162845920222055	0.4053795086550409	0.5040956979630877
2008-7-14	1.9995031391129627	0.44162845920222044	0.09729093795851607	0.10958206895471823
2006-12-26	3.1799707647142244	0.5524074854175367	0.13694629775271916	0.15099036417353995
2013-1-21	1.9426832543857395	0.44162845920222044	0.25370851446200593	0.3010653218669255
2006-11-30	3.5743735745411143	0.5524074854175368	0.15051432938227682	0.1622863296612702
2011-5-10	1.704732636187716	0.4416284592022206	0.12179663404942853	0.13425056443512218
2012-1-12	2.004455808746736	0.4416284592022206	0.19172874144572472	0.2307362540874902
2012-2-22	1.927403874625814	0.4416284592022204	0.1857125225196079	0.21855147600771874
2012-9-28	2.0709113685662124	0.4416284592022206	0.2508896499863251	0.30957336106133737
2008-2-19	1.4339305836421663	0.5105745154070014	0.04690406789797863	0.037302232375949984
2011-10-27	1.8900545730888823	0.44162845920222066	0.16470507607136708	0.19449624368970442
2009-3-12	2.3531601467136927	0.4416284592022205	0.13405108530489018	0.16219216158672034
2015-9-15	1.2958763116488792	0.03798098348172025	1.462024352794347	2.235196682754237
2007-9-24	1.3814894443817503	0.5406602278137375	0.03985738012186357	0.028749512833366797
2015-1-6	1.2671605941926998	0.44162845920222044	0.2739019716629718	0.3639575989615298
2008-3-27	1.686593496812656	0.44162845920222044	0.06966484955566665	0.07446366527241532
2012-3-16	1.9338234547828934	0.4416284592022207	0.19012025425374035	0.22048916602217528
2008-9-22	2.5943312121873836	0.44162845920222066	0.14009278001404968	0.16140659177447914
2012-11-30	2.1728640318412613	0.44162845920222055	0.28660615221811003	0.360368209663666
2014-1-3	1.901054107304301	0.44162845920222066	0.3818448644093466	0.4670051014848726
2011-9-1	1.8216832175437156	0.4416284592022206	0.14860982589339056	0.17010589316534364
2008-1-28	1.4917645651715088	0.5109729715595039	0.051774782865902536	0.04548921317228238
2012-8-13	2.053219854977043	0.44162845920222044	0.23733985933174329	0.2877177751557072
2015-6-8	0.8296337647848765	0.33556886760808197	-0.28407041715789694	-0.4525458840720519
2008-5-27	1.7721126463324526	0.4416284592022206	0.07825087017552912	0.08432518194873051
2007-2-7	2.656162024137716	0.5524074854175368	0.11606907236494912	0.1259475508210921
2007-2-12	2.580730960331515	0.5524074854175364	0.11264336661841501	0.1202538961414461
2012-8-2	2.083216699925797	0.44162845920222066	0.2402788897306325	0.29157981147861833
2006-6-27	4.202145735513106	0.5524074854175368	0.1629029651732341	0.1768667006063549
2008-1-21	1.4099473453035425	0.5187604123952478	0.04420426492466589	0.03469918150258322
2009-1-15	2.690881306132302	0.4416284592022209	0.1529235625334786	0.1815328165159038
2014-9-19	1.5526623920294147	0.44162845920222055	0.4114429926642089	0.5679090299348761
2014-1-15	1.9363367189991783	0.4416284592022204	0.4025284230908732	0.49788019899111813
2012-4-25	1.944039179382647	0.4416284592022205	0.19802017683866247	0.23013232330639943
2014-12-5	1.365164546755761	0.44162845920222044	0.33919721766744493	0.4312513144655632
2012-9-10	2.046234656366068	0.44162845920222055	0.24219512587668768	0.2943771757700566
2015-9-24	1.2121111329304912	0.03798098348172028	1.0779510812176243	1.5425704440064778
2013-4-16	1.9991849467966023	0.4416284592022206	0.2919856352999728	0.35336760925287236
2009-2-17	2.2431438320448183	0.44162845920222044	0.12487041282300737	0.14924479686082148
2012-12-27	2.021533451731007	0.4416284592022205	0.2638859216435694	0.3200884928721257
2015-8-27	1.2277056741887904	0.03798098348172023	0.8291666489997638	1.126508500291615
2012-11-7	2.0702928826448965	0.4416284592022207	0.26057326846812434	0.3194352818575188
2011-6-10	1.7782766314334153	0.4416284592022205	0.1346725972813485	0.15250540310580862
2007-5-16	1.7137031395331512	0.5454421629905073	0.06442589328636639	0.06611058057745978
2007-11-14	1.4686596105403433	0.5354941127592479	0.04841836769738217	0.04131057428680873
2014-6-4	1.9374271500945202	0.4416284592022203	0.5239196417497702	0.6544221461627344
2009-11-10	1.6918765997298202	0.4416284592022206	0.08946143453486077	0.09776709552423268
2014-2-10	1.8659493285287476	0.44162845920222055	0.3929254254042067	0.4724609249036933
2014-2-24	1.8702383995505363	0.44162845920222055	0.4043090520350632	0.48587619677665983
2015-3-19	1.1116501063368573	0.44162845920222055	0.14517390724162937	0.202907054079434
2011-8-12	1.8029970394998052	0.4416284592022208	0.14392845331944115	0.16377413288423037
2011-7-7	1.7217032491431925	0.44162845920222094	0.12886889875054197	0.14273264664001983
2006-7-28	4.235667703874094	0.5524074854175369	0.1654670405160068	0.17825225890733276
2013-3-25	1.9312857843148359	0.4416284592022203	0.26882976561604033	0.31614084862064606
2010-11-30	1.7123986858659024	0.44162845920222055	0.11164311332050669	0.1232199521669588
2013-9-4	1.900366845957011	0.44162845920222055	0.31917437757200573	0.3932910853652227
2009-1-13	2.7616291574189695	0.4416284592022203	0.1570999114681364	0.1887870527462101
2008-8-1	2.074738058320725	0.4416284592022205	0.10345272255750348	0.11611782879430721
2015-1-27	1.2478034103820326	0.4416284592022206	0.2718751972824007	0.3566017704895392
2010-6-28	1.8935125959286854	0.44162845920222066	0.12292227724705374	0.14561164416697014
2009-1-15	2.690881306132302	0.4416284592022209	0.1529235625334786	0.1815328165159038
2009-8-25	1.8595434577482843	0.4416284592022206	0.10265570092397991	0.1164315085267209
2007-2-2	2.7184789208362283	0.5524074854175366	0.11878889903653045	0.13041942813396457
2007-2-2	2.7184789208362283	0.5524074854175366	0.11878889903653045	0.13041942813396457
2015-4-10	0.9581295386193454	0.4191370647470733	-0.05763328491176123	-0.014129943503906728
2007-4-18	1.8907847711930077	0.5524074854175367	0.0759273040584707	0.07930499085557496
2010-5-26	1.8625033773398099	0.4416284592022206	0.11751980274999574	0.1370301778474079
2012-11-28	2.1787133046571014	0.44162845920222055	0.287151568461661	0.3612754507203122
2008-1-7	1.3612972615198253	0.5353655333843388	0.03940393782343099	0.026253531932731722
2013-9-11	1.8586024494715097	0.4416284592022202	0.3095055976842509	0.37435061590491103
2015-4-20	0.9527838595765558	0.4191370647470731	-0.06739988225195503	-0.028868868897059974
2011-7-18	1.7100215964901617	0.4416284592022206	0.12806920317871495	0.14090615307638044
2009-12-4	1.645738601572399	0.44162845920222066	0.0855180625533094	0.09025662605370122
2008-12-9	2.670999296623926	0.4416284592022206	0.14936109775652406	0.1763496169201899
2007-12-6	1.4871214509321735	0.5354941127592474	0.05041381373857989	0.04440183265860731
2009-11-18	1.6473409914479555	0.44162845920222066	0.08505238933134418	0.09064117262380589
2010-11-3	1.6552684424882678	0.4416284592022205	0.10267598570733694	0.10930244083589358
2008-3-27	1.686593496812656	0.44162845920222044	0.06966484955566665	0.07446366527241532
2014-5-23	1.9369647531956102	0.4416284592022207	0.5105820500538689	0.6354716390417381
2008-9-26	2.588409603404943	0.44162845920222066	0.13995957638814716	0.16104920260478495
2014-9-10	1.619990065235208	0.4416284592022208	0.448750842211455	0.5633995395433993
2013-11-14	1.9239877914844692	0.4416284592022207	0.3609749168312697	0.4473955609084619
2012-5-22	1.9482032782497256	0.44162845920222055	0.20318301747949952	0.23815883083952238
2015-3-30	1.0488597697421	0.44162845920222055	0.06560937691624424	0.10952646599298177
2011-11-11	1.8618525177340646	0.4416284592022206	0.16223758147043532	0.1895105423249861
2012-5-16	1.9659987925386497	0.44162845920222066	0.2051952233138381	0.24137944306419112
2006-8-7	4.50419248211256	0.5524074854175369	0.17363679618061734	0.19155779848572574
2007-9-14	1.3991381513153942	0.5406602278137378	0.041315353146059275	0.031188165550979363
2015-4-16	0.9463225105483559	0.4191370647470733	-0.07536563846961197	-0.03689726848234931
2008-4-14	1.7756949239313993	0.44162845920222066	0.07729273141413118	0.08512738696994915
2010-8-6	1.8189269525023617	0.4416284592022205	0.11715629416969975	0.13444661518226675
2010-10-8	1.7385554735507338	0.44162845920222055	0.11159867328329898	0.128432310450749
2007-4-9	2.088869755242711	0.5524074854175366	0.08805346033946981	0.09124165453014621
2014-2-11	1.8610108888198258	0.4416284592022202	0.391634852854005	0.4698922196937201
2010-9-16	1.7917615936353526	0.4416284592022207	0.1166064851122035	0.13739142766846868
2012-3-30	2.0206993922336522	0.4416284592022205	0.2062914392910027	0.24573211217851854
2014-10-22	1.5417171015821947	0.4416284592022205	0.4403886943702713	0.6054975146689441
2009-1-21	2.5228855839337014	0.4416284592022207	0.14264834982637709	0.17733108162671263
2007-12-24	1.4276155252411116	0.5354628178285918	0.04539444531227921	0.03615613281742247
2011-5-20	1.716194869976167	0.44162845920222077	0.12419418722093711	0.13775434306747214
2013-4-2	1.9846103863414297	0.44162845920222044	0.2839346720366027	0.34146413067887194
2013-2-19	1.912312497259165	0.44162845920222044	0.2546774846162363	0.3000074533096595
2015-7-20	1.0187896728336787	0.22299940711104593	0.04283393165043581	-0.06396972862873973
2013-12-25	1.904025997695723	0.4416284592022207	0.37744537626746255	0.46160254107171705
2007-9-17	1.3825127027583437	0.5406602278137372	0.039856234585588846	0.02880009161814545
2013-10-10	1.8482701272630837	0.4416284592022203	0.318891653743512	0.3845690507028905
2015-2-4	1.2774665250186	0.44162845920222055	0.31324656715614774	0.41621947689871885
2011-9-26	1.9061401570136691	0.44162845920222066	0.16348239328609115	0.19227463438147252
2013-3-5	1.9184306112338527	0.44162845920222066	0.259983178916422	0.30736479503280534
2011-2-11	1.7292852910249654	0.44162845920222055	0.11871969276237682	0.13117230792388423
2015-8-11	1.0109070782391456	0.19527226005249274	0.028686094049906297	-0.10915120940094303
2014-3-13	1.9230872620779333	0.4416284592022208	0.43885732284162793	0.5372189847503477
2010-3-31	1.6595792805697758	0.4416284592022202	0.09208380162732133	0.10267648734378376
2008-9-17	2.805705996943424	0.44162845920222066	0.15213293251516524	0.18070510126000316
2012-10-25	2.0603624202473476	0.4416284592022207	0.2554053754037291	0.3149917755510019
2012-1-10	1.999673257667272	0.4416284592022208	0.1907235358174557	0.22912609966759545
2006-12-5	3.317528891179038	0.5524074854175369	0.14133696758524983	0.15739012686030174
2010-6-18	1.9298542374924348	0.4416284592022207	0.12613977956234113	0.14691458144720304
2006-6-16	4.322179934062422	0.5524074854175367	0.16578456143654807	0.18189466787159736
2007-4-19	1.958992324824896	0.5524074854175368	0.08034308507384513	0.08548860663178193
2015-6-11	0.8174995491181981	0.34528683112200576	-0.30643957227580454	-0.4780602122188784
2014-8-26	1.688433914837995	0.44162845920222055	0.4772446210369261	0.6174111544868139
2011-2-28	1.6899574702778208	0.44162845920222055	0.11461389332093286	0.1247015741953732
2010-5-11	1.8647614040362241	0.44162845920222044	0.11685511817537209	0.1362238097021371
2015-11-27	1.0492092609866017	0.01918866951005125	0.7296510808020666	1.0971512438426307
2014-4-24	1.9215563448146082	0.4416284592022206	0.4744198072355237	0.5803445049004667
2009-2-25	2.276371347798987	0.44162845920222044	0.1277147310542126	0.15343380676021057
2007-7-31	1.5466465193250032	0.545442162990507	0.053162039528676264	0.05056723050523715
2012-12-5	2.1345134533740526	0.4416284592022205	0.280595766702618	0.351066187336613
2006-11-14	4.030938435863606	0.5524074854175367	0.16498008824994015	0.17696165950443166
2012-6-29	2.013570989818558	0.44162845920222055	0.22127571358207865	0.26361705213651465
2011-11-21	1.9101335199292124	0.4416284592022205	0.1706789206806949	0.19857980349523174
2015-10-21	1.1483459365570412	0.037980983481720396	1.0786246716697239	1.4840110074158486
2008-10-24	2.945868128971718	0.44162845920222077	0.16229840326562273	0.19918807012068984
2013-5-23	1.9148755259379366	0.4416284592022203	0.2835162416549517	0.3325633469021698
2009-8-11	1.7244855754553676	0.4416284592022203	0.08907396280012714	0.09348509080411715
2006-8-21	4.379469260648697	0.5524074854175369	0.17088947759016793	0.1866949365834838
2011-4-8	1.6543866198067652	0.4416284592022205	0.11233478941131292	0.11969336672960496
2009-5-14	1.9820545425713	0.4416284592022209	0.10869704569431615	0.1271594441453403
2012-3-30	2.0206993922336522	0.4416284592022205	0.2062914392910027	0.24573211217851854
2009-11-23	1.6284137767487414	0.4416284592022207	0.08319773069300762	0.0882427753215651
2006-11-6	3.9802272096240157	0.5524074854175364	0.1629439764010978	0.1734026492448819
2006-7-3	4.106327428204742	0.5524074854175368	0.16038473427570477	0.17249299894352066
2012-7-11	2.0307413289667755	0.4416284592022205	0.22659104050634493	0.27223676140466013
2011-6-3	1.7728783273809179	0.44162845920222066	0.13331850988441762	0.15069997333206175
2010-4-7	1.6485103085834263	0.44162845920222044	0.09113099394279245	0.10034383263707225
2013-6-18	1.9692547725553426	0.44162845920222077	0.306939919320925	0.36665504293089457
2014-4-18	1.8874265716373835	0.4416284592022204	0.45347436630681304	0.5480325296680426
2014-3-10	1.9407793288607968	0.44162845920222055	0.44378062806979623	0.5471067943065988
2015-6-23	0.8868600329903176	0.29984109619903554	-0.206956783835201	-0.3609766071061927
2011-11-25	1.920257120302276	0.44162845920222066	0.17268504872550006	0.20311411126025325
2010-7-20	1.890164514778462	0.44162845920222077	0.12399860612532554	0.146285707116258
2007-3-30	2.263981406437601	0.5524074854175369	0.09781294001795993	0.10230332606532189
2006-12-25	3.1713767995931033	0.5524074854175367	0.13656078093240542	0.1504442953529712
2014-3-20	1.9394146383505317	0.4416284592022205	0.45139976423399597	0.5569018703959789
2006-7-4	4.120931226063981	0.5524074854175366	0.16086859322432012	0.17328559928905318
2008-7-21	2.0207300751433968	0.4416284592022206	0.09911158520114527	0.11255853889796708
2011-1-4	1.7085617265368689	0.4416284592022207	0.11340701630770322	0.12421180760820083
2006-7-19	4.2590643653842974	0.5524074854175365	0.16568073393101623	0.17884658718346125
2014-10-13	1.5161100586754808	0.4416284592022204	0.41008717970613695	0.5584087042272672
2015-11-12	1.023087022530326	0.028218482551878553	0.19393488594690744	0.17071047854161958
2013-6-13	1.990498838862544	0.4416284592022207	0.31057181041341386	0.3742521708347366
2008-1-16	1.3508830886996894	0.5389200719633152	0.038525531242577626	0.026443226684366383
2015-4-15	0.9612236003413916	0.41913706474707324	-0.05441359031247184	-0.006659498670330111
2014-4-16	1.8875073674265859	0.44162845920222066	0.4517641776337007	0.5461123575190256
2013-10-23	1.8578475819106388	0.4416284592022205	0.3279992862246932	0.3973107949071255
2011-3-11	1.6839994297402598	0.44162845920222055	0.11455319923361307	0.12331012087211035
2010-12-2	1.704332102668141	0.44162845920222066	0.11073653909913617	0.1218907814531418
2010-2-3	1.7300942809350013	0.4416284592022206	0.09729328665251802	0.10952769629182746
2012-8-31	2.1182499707975446	0.4416284592022205	0.25293144731430317	0.3107274906401749
2012-2-7	2.0013694706566096	0.44162845920222055	0.19508648239552673	0.23391463885661956
2012-9-26	2.1325024609061445	0.44162845920222077	0.26171924399584445	0.32584008183246116
2012-1-20	1.9887644007251788	0.44162845920222066	0.19051583393780658	0.22819531759323675
2010-10-28	1.651276470191871	0.4416284592022207	0.10181907890887354	0.11129347698957215
2006-8-1	4.360724449893584	0.5524074854175369	0.169282308957031	0.18453721680357682
2012-8-29	2.1107887992987857	0.44162845920222055	0.25114249432226443	0.308165705267597
2015-10-14	1.1592253840893016	0.03798098348172036	1.0331747094960408	1.4035677898265968
2014-7-29	1.7867295926093414	0.4416284592022205	0.5052513363830324	0.6129809696758415
2006-4-21	4.959818647732182	0.5524074854175365	0.17958133995844272	0.20015934033641947
2008-7-17	2.107552533121648	0.44162845920222066	0.10517801707547147	0.12273992228217856
2015-10-29	1.0963909170407617	0.033099733016799304	0.734352629359013	1.0315723621221453
2006-12-25	3.1713767995931033	0.5524074854175367	0.13656078093240542	0.1504442953529712
2007-7-13	1.7317011538828766	0.5454421629905067	0.06698919414649795	0.07098053671291771
2007-8-3	1.5277299734208452	0.5454421629905071	0.05167551252613567	0.04811147051198694
2009-3-5	2.3021126522785336	0.44162845920222055	0.13001136324351092	0.15572873729135517
2009-2-26	2.3677595946012278	0.44162845920222077	0.1342765487173987	0.16318294620160234
2008-10-29	3.1124432868232774	0.4416284592022205	0.17158601679074725	0.21266486911906046
2007-1-12	2.9653369526128093	0.5524074854175365	0.12887273164290258	0.1391053367227626
2008-6-27	2.1041775898388178	0.44162845920222077	0.1041361928545006	0.12042373131957262
2012-5-3	1.9240715814300697	0.4416284592022205	0.19593733735421592	0.2267696000254713
2006-6-22	4.280769524697644	0.5524074854175364	0.1649153163887802	0.18032432050956948
2014-8-13	1.731481667870627	0.4416284592022205	0.4893851633187509	0.5953363598364234
2008-7-18	2.0628228554459094	0.4416284592022204	0.10204167190063695	0.11752754121926778
2012-11-22	2.1330536850310944	0.44162845920222055	0.2766819884108094	0.34584318316881135
2013-2-7	1.897972434796649	0.44162845920222044	0.24818911854519632	0.2904459444663028
2013-9-4	1.900366845957011	0.44162845920222055	0.31917437757200573	0.3932910853652227
2015-12-30	0.995482744475902	0	4.220188648870469	14.774486092705414
2006-4-21	4.959818647732182	0.5524074854175365	0.17958133995844272	0.20015934033641947
2010-4-26	1.7285961492812116	0.4416284592022207	0.10116269956858792	0.11103891118193498
2008-12-4	2.717337893599613	0.4416284592022206	0.15184953120733735	0.18132598229990515
2014-6-3	1.9271147222410463	0.4416284592022207	0.5176423857734473	0.6436426444466481
2014-12-22	1.304155667719942	0.4416284592022206	0.2976550333104604	0.41545828416606856
2012-10-29	2.089870098440903	0.4416284592022204	0.26204757905824283	0.3249447410391164
2009-4-17	2.035371333066012	0.4416284592022204	0.11182895118626668	0.13345965763483125
2008-7-10	2.0052531709081083	0.44162845920222066	0.09756318586675361	0.11011182937045882
2011-1-31	1.7519365320030909	0.4416284592022209	0.12091555816639832	0.13452889447525562
2007-6-5	1.7874483298082309	0.5454421629905069	0.0700971580599743	0.07340631401887565
2014-4-2	1.9213679611788117	0.44162845920222077	0.45466809340686565	0.5569201964427288
2010-12-10	1.7083346933677483	0.4416284592022207	0.11175827057638266	0.12324250459053832
2014-12-25	1.308805320255112	0.44162845920222055	0.3049927937944854	0.42271357879986793
2015-1-8	1.2782553385070288	0.4416284592022203	0.2871256002840803	0.38693274941720657
2007-11-21	1.4825033207892875	0.5354941127592477	0.04974935220975718	0.04343808237457636
2008-2-21	1.4509760812975578	0.5047565901564437	0.04851323428831722	0.04000336153205164
2012-6-25	2.015196470687189	0.4416284592022207	0.22079467917480766	0.26305835336250993
2012-3-1	1.9260029047818619	0.4416284592022206	0.18664360219142018	0.21721913423017858
2009-11-2	1.7276308889269019	0.4416284592022204	0.09283373463615607	0.10389877138071046
2006-6-2	4.17660570223804	0.5524074854175365	0.16091002454384973	0.17415253293780242
2008-11-19	2.7619875914089618	0.44162845920222055	0.15354935895481714	0.18448908702934386
2007-9-17	1.3825127027583437	0.5406602278137372	0.039856234585588846	0.02880009161814545
2012-6-15	1.966136686103514	0.44162845920222044	0.21045359529291097	0.2481885559976338
2007-4-27	1.8184587729509096	0.5524074854175365	0.07132599342561918	0.07323970530333157
2008-8-22	2.4280535090027233	0.44162845920222044	0.12816381202968485	0.1463048619416758
2006-8-8	4.432773919130196	0.5524074854175367	0.17169703680884707	0.1883560454960398
2008-1-22	1.4908182005243114	0.5109729715595039	0.05158081367847789	0.0452554894249777
2011-3-14	1.6799784686661863	0.44162845920222055	0.11420494258647507	0.12274083559057081
2010-3-19	1.681630841970467	0.4416284592022206	0.09403117577558318	0.10554206729698712
2015-1-8	1.2782553385070288	0.4416284592022203	0.2871256002840803	0.38693274941720657
2012-2-2	1.9904767811063222	0.44162845920222066	0.19267270810964354	0.23101747388853222
2014-7-14	1.839400401263978	0.4416284592022207	0.5179277791634289	0.6432426209343305
2009-9-3	1.8838681565073045	0.44162845920222044	0.10534543464210855	0.11964864972030997
2014-1-6	1.9349504963578839	0.44162845920222044	0.3961212194717596	0.4882955445728836
2011-5-31	1.7724989303874805	0.44162845920222044	0.13301129637668274	0.15030812139680028
2006-6-22	4.280769524697644	0.5524074854175364	0.1649153163887802	0.18032432050956948
2009-4-14	2.0302028265810597	0.44162845920222066	0.11126362411689938	0.1326425240044049
2010-8-16	1.8114357748273116	0.4416284592022207	0.11692930972947568	0.13379510159886454
2010-2-5	1.753492788284594	0.44162845920222044	0.09989001331145353	0.11320841756628242
2015-7-15	1.077567820264674	0.19527226005249282	0.17736705615480908	0.13137064920871033
2010-12-16	1.6845873465598569	0.4416284592022206	0.109056969517761	0.11826039853222636
2011-12-9	1.9652121933108193	0.44162845920222055	0.181169583233183	0.21541883417219831
2014-8-28	1.694389246719962	0.44162845920222044	0.48351041832555297	0.6267781989003602
2007-9-10	1.394367628421508	0.5406602278137373	0.04083170212467113	0.030522671003251567
2012-7-18	2.0408159840713895	0.44162845920222027	0.22974778165564125	0.2761657781012645
2007-1-17	2.8395832954398497	0.5524074854175365	0.12363071591542574	0.1311768271131435
2015-12-11	1.0454968184302271	0.0010177077030824417	1.465027291460491	2.346727829936616
2008-10-23	2.894321791317188	0.44162845920222055	0.15938030806603254	0.19489048463957737
2007-8-31	1.414755488063067	0.5406602278137375	0.04250893325795713	0.03295819888720408
2010-4-20	1.7328797510846945	0.4416284592022206	0.10133494838418855	0.1113704401089961
2008-3-21	1.6114920098402754	0.44996970785676405	0.06326759302020446	0.06439180807869427
2006-6-16	4.322179934062422	0.5524074854175367	0.16578456143654807	0.18189466787159736
2015-7-9	1.125187408963973	0.1952722600524928	0.2825537636970721	0.3250454843498729
2011-3-4	1.6807487911915984	0.44162845920222055	0.11362674031058928	0.12271545899659353
2008-11-28	2.8647547295201323	0.4416284592022207	0.1600868332444847	0.19503465537480724
2009-10-28	1.7532163026389345	0.4416284592022204	0.09522378355715078	0.10735643991133559
2013-12-23	1.9255602978982376	0.44162845920222044	0.38394452485180497	0.47176717885942354
2011-7-27	1.7443421754178203	0.4416284592022207	0.13390445789532168	0.15011667374035897
2012-3-9	1.9163142853036144	0.4416284592022204	0.18624097189898947	0.21501375400683598
2015-7-16	1.067032007034779	0.1952722600524927	0.15333755656597314	0.09799071866680498
2015-9-25	1.2396937148375842	0.03798098348172038	1.2830937488072327	1.8975025390048272
2010-11-25	1.686556665303516	0.44162845920222044	0.10801562013214494	0.11723247960789518
2011-8-16	1.79546597112717	0.4416284592022205	0.1432191549763111	0.16263516520955457
2010-2-9	1.750987675095305	0.44162845920222077	0.09981785676701893	0.11306384477172804
2013-11-13	1.9371688825629718	0.4416284592022205	0.36481043614842745	0.4542542099414475
2013-10-30	1.8857118187841526	0.44162845920222044	0.3405301102199345	0.4151388430347722
2011-5-30	1.7911319384659274	0.4416284592022207	0.13551295749515568	0.15392530010928884
2011-5-13	1.7109626329979564	0.4416284592022207	0.12290920803474714	0.1360360532751539
2006-4-18	5.019447740437839	0.5524074854175367	0.18086970522596868	0.20115975558695753
2015-1-6	1.2671605941926998	0.44162845920222044	0.2739019716629718	0.3639575989615298
2011-3-14	1.6799784686661863	0.44162845920222055	0.11420494258647507	0.12274083559057081
2014-11-5	1.5087663413430383	0.44162845920222027	0.4308743291290813	0.5785080553135211
2013-10-29	1.9036251788458807	0.4416284592022206	0.34589258116500954	0.424693240408925
2015-4-22	0.8903649440386209	0.41912287806216697	-0.15537738491932118	-0.11057188337616586
2008-11-17	2.737647056613259	0.44162845920222077	0.15198900504245327	0.18193661152762264
2008-7-21	2.0207300751433968	0.4416284592022206	0.09911158520114527	0.11255853889796708
2009-11-26	1.6977194977074863	0.4416284592022204	0.09075019629060699	0.0978313738767822
2013-1-21	1.9426832543857395	0.44162845920222044	0.25370851446200593	0.3010653218669255
2014-12-19	1.2858060891540042	0.44162845920222066	0.27721535772989303	0.3836213997938629
2014-10-15	1.5129090052597174	0.4416284592022206	0.4098175011167873	0.5576945628898224
2009-12-22	1.728388461308165	0.4416284592022206	0.09512258830688536	0.10551963934668063
2006-9-7	4.249744888986196	0.5524074854175368	0.1680370026885385	0.18168499356682388
2009-8-17	1.8666829498812276	0.4416284592022209	0.10294831943027982	0.1170605767189048
2007-10-16	1.3457847381381138	0.5406602278137375	0.03684295669023907	0.02362577927240528
2007-10-15	1.353753264929409	0.5406602278137379	0.03757618389195838	0.024836027480599432
2015-1-9	1.2818881203562387	0.4416284592022207	0.29181819684292165	0.39500964239318304
2008-5-13	1.6684373247866016	0.4416284592022204	0.06936338441787382	0.07311114369423599
2015-7-21	1.0030753278482019	0.22299940711104596	0.006985604156330538	-0.09269196579582217
2011-4-13	1.6493294735196662	0.4416284592022205	0.11195666084508571	0.1188882453429776
2013-11-12	1.9127684279044685	0.4416284592022203	0.3561647459962616	0.4394690444991558
2014-6-16	1.8901125641568237	0.44162845920222055	0.5131761294329045	0.6319837457310293
2013-5-9	1.9563324474599397	0.4416284592022208	0.2892856212714503	0.344553809495725
2015-8-28	1.175498069463366	0.039318192299772375	0.615779601145527	0.7806636211104574
2008-11-28	2.8647547295201323	0.4416284592022207	0.1600868332444847	0.19503465537480724
2014-11-14	1.5074184919866433	0.4416284592022206	0.44102524112315145	0.5929434574443067
2008-2-5	1.461026301255607	0.5108031542322456	0.049153842613924414	0.041262353742030244
2014-7-4	1.8650168289382572	0.44162845920222066	0.5203747727639185	0.6387380203557429
2015-4-29	0.8830138008988696	0.4191228780621662	-0.16981920626318725	-0.12904099933091684
2010-1-12	1.656143701068396	0.4416284592022205	0.08826432922148264	0.0932358474537498
2014-7-21	1.8533537086691774	0.4416284592022205	0.5344072906665005	0.6667438614574486
2015-11-18	1.0411823193032546	0.02821848255187858	0.43229056498217044	0.49696999673754627
2015-7-10	1.0747133745331645	0.1952722600524927	0.1652146113332178	0.1347994221969251
2007-2-8	2.627827491136311	0.5524074854175367	0.1147616617769498	0.12380331093330921
2013-8-9	1.9638133832808524	0.44162845920222077	0.32643293444256627	0.4013061837475802
2007-2-15	2.474140270587906	0.5524074854175367	0.10747678926236448	0.11157579902938375
2013-7-15	1.988825657515711	0.44162845920222066	0.32282552022425515	0.39739689496413066
2009-4-23	2.063822689313194	0.4416284592022207	0.11442952490420732	0.1372497462421296
2008-10-24	2.945868128971718	0.44162845920222077	0.16229840326562273	0.19918807012068984
2013-8-15	1.9448558870525563	0.44162845920222066	0.32360900087456534	0.39781864232547237
2008-9-26	2.588409603404943	0.44162845920222066	0.13995957638814716	0.16104920260478495
2010-7-16	1.9440544344046344	0.44162845920222055	0.12953811538013493	0.15549002144903512
2007-7-30	1.5578950368932152	0.5454421629905072	0.05405084733937682	0.052023101883102996
2015-4-16	0.9463225105483559	0.4191370647470733	-0.07536563846961197	-0.03689726848234931
2009-6-3	1.9256870143777571	0.44162845920222055	0.10479256314582286	0.12071091704041526
2015-3-25	1.0693126717741557	0.44162845920222055	0.09163149908031087	0.13978821133110597
2007-2-14	2.5187316990309245	0.5524074854175367	0.10967263283060014	0.115286336072975
2011-5-18	1.7101204232265064	0.44162845920222044	0.12317558164010523	0.13630440001200728
2012-6-20	1.9698311342729524	0.44162845920222044	0.2119972078415746	0.25026157168440166
2009-11-10	1.6918765997298202	0.4416284592022206	0.08946143453486077	0.09776709552423268
2010-7-23	1.8686999191911418	0.4416284592022206	0.121838781501864	0.14263936065388982
2010-8-24	1.8120230613767536	0.44162845920222055	0.11750306774440689	0.13452252468025794
2012-6-5	1.980248965310725	0.4416284592022207	0.21110505432492843	0.2492624509353032
2014-12-17	1.2831254870651656	0.44162845920222055	0.27298386568913857	0.37709874559084455
2014-11-12	1.49523168446801	0.4416284592022203	0.4281642373646619	0.5729843288030876
2012-9-17	2.0809836289351256	0.4416284592022205	0.2501678680038655	0.3077384118385569
2007-5-9	1.7174448421956972	0.5454421629905073	0.06454698834107897	0.06631755042352849
2011-8-12	1.8029970394998052	0.4416284592022208	0.14392845331944115	0.16377413288423037
2010-5-7	1.8406867018766533	0.4416284592022205	0.11405024631373406	0.1315535767994147
2015-6-9	0.8311675168154897	0.33434052729484415	-0.2828703799214989	-0.45149720948715255
2012-11-16	2.132580975317425	0.44162845920222055	0.2749482205934517	0.34353965459782465
2015-12-8	1.0389406511160626	0.006270862998902477	0.9425081618336453	1.3394318832315206
2009-7-28	1.679217751541716	0.44162845920222066	0.08402170779173335	0.08635787509143178
2012-5-21	1.9642049282639866	0.4416284592022207	0.20574442477783972	0.24198503308477437
2008-11-3	3.127729297341562	0.44162845920222066	0.1727438272559163	0.21428608457010112
2014-5-15	1.9525372037392321	0.4416284592022205	0.5096214063137272	0.6358805981804077
2009-3-13	2.3621058330616944	0.44162845920222055	0.13474156605323606	0.16329580098544083
2013-8-12	1.934500960253831	0.44162845920222044	0.31936680833514575	0.39041358903593903
2015-6-19	0.8960083197450021	0.29995873298107606	-0.18751953144148958	-0.33380403513587975
2012-4-10	1.9917389930364346	0.4416284592022205	0.2034470245125206	0.24011317719670444
2011-12-2	1.9342769417008898	0.4416284592022204	0.1756601391330197	0.2073737472067907
2014-5-5	1.9379988778395243	0.44162845920222044	0.49257801449491656	0.6118954973057147
2011-9-14	1.8579423047280015	0.44162845920222066	0.15522199983974527	0.18045522859539842
2006-5-26	4.348197554726722	0.5524074854175368	0.16544168771286127	0.18109408616299105
2011-5-13	1.7109626329979564	0.4416284592022207	0.12290920803474714	0.1360360532751539
2009-6-16	1.9171128126533739	0.4416284592022206	0.10463832974132514	0.12041741018423613
2015-8-25	1.248637705759267	0.03798098348172029	0.9026527985687249	1.250651669673604
2009-6-22	1.878460838897053	0.4416284592022206	0.1014709038977244	0.11542054821361103
2012-4-5	1.9954423925940579	0.44162845920222077	0.20322815807398364	0.24009616662870514
2012-9-28	2.0709113685662124	0.4416284592022206	0.2508896499863251	0.30957336106133737
2007-8-13	1.5185217975094318	0.5454421629905071	0.05109045007158364	0.046834260894191626
2015-1-26	1.245656136369597	0.4416284592022206	0.26859918888743595	0.35165879202660055
2011-8-22	1.8428287534530488	0.4416284592022205	0.15065377123836665	0.1733217405839258
2012-7-26	2.066989973957248	0.44162845920222055	0.23596223179080544	0.2855055259114121
2014-9-22	1.5699422283938624	0.4416284592022205	0.4269946098268709	0.592119758733344
2014-4-29	1.952838336623775	0.4416284592022205	0.4935124990361941	0.6147404714422957
2007-6-4	1.8172236586437347	0.5454421629905069	0.07213752893948255	0.07627135958810038
2006-10-20	4.047978303598243	0.5524074854175368	0.16418985712651346	0.17415918963897536
2011-6-10	1.7782766314334153	0.4416284592022205	0.1346725972813485	0.15250540310580862
2015-7-13	1.040437205363959	0.19527226005249276	0.08938706133018703	0.013454577227445697
2009-3-3	2.407899854574902	0.44162845920222066	0.13736034791138918	0.16767000831955814
2013-2-4	1.910788938823658	0.4416284592022204	0.25030431483498394	0.2941545978617992
2009-5-21	1.9924905602996026	0.44162845920222077	0.10991027986173307	0.12953108957374893
2008-4-16	1.783786340338421	0.4416284592022207	0.07798549356084461	0.08609664911640191
2006-9-25	4.168182618044115	0.5524074854175371	0.16656064481138344	0.1787954652545216
2011-7-26	1.7556054728059638	0.44162845920222055	0.1354647916870131	0.15244223738591156
2011-8-2	1.7634793216828515	0.4416284592022205	0.13724530497895748	0.15490194816384473
2008-4-3	1.7454348224329963	0.44162845920222066	0.07459235455765278	0.08137157045133026
2007-5-9	1.7174448421956972	0.5454421629905073	0.06454698834107897	0.06631755042352849
2008-12-22	2.667114950974466	0.44162845920222055	0.14993457022638812	0.17716510569252208
2014-10-8	1.5117610166812616	0.4416284592022206	0.4013861563813945	0.54490089514264
2014-9-3	1.6420474288781188	0.44162845920222027	0.4558052353969928	0.5764049227528039
2013-12-5	1.8518515716400852	0.44162845920222066	0.3475475631465599	0.41785397114567924
2009-5-5	2.010797783555639	0.44162845920222044	0.11067357934009547	0.1298260724124265
2006-10-30	4.108842636763405	0.5524074854175369	0.1666158749618094	0.1765511906270023
2007-4-16	1.9384077918181506	0.552407485417537	0.0789549112196668	0.08288551337015093
2014-7-2	1.871372640659647	0.4416284592022206	0.5215018274182783	0.6418563282651488
2012-10-25	2.0603624202473476	0.4416284592022207	0.2554053754037291	0.3149917755510019
2008-8-7	2.1968991349341653	0.4416284592022205	0.1122634447220483	0.1226824077521309
2006-10-16	4.085364191675304	0.552407485417537	0.16514191504040965	0.17560232268704157
2012-1-19	2.0024233270605354	0.44162845920222027	0.19243864690014112	0.23153912320372072
2014-3-5	1.899293605101424	0.4416284592022207	0.42279308246060676	0.5111737453261784
2012-7-18	2.0408159840713895	0.44162845920222027	0.22974778165564125	0.2761657781012645
2011-5-6	1.7149867698290695	0.44162845920222055	0.1229396302735275	0.13632737696778396
2015-3-30	1.0488597697421	0.44162845920222055	0.06560937691624424	0.10952646599298177
2014-7-10	1.8663538262136576	0.4416284592022205	0.5282526737654669	0.6602859228952909
2013-10-14	1.8248615431295145	0.4416284592022206	0.3131033482682546	0.37351691561333533
2008-1-14	1.335930002122884	0.5440238208668532	0.03704764630268853	0.022826972858267514
2009-2-12	2.286521320664654	0.44162845920222055	0.12774228278683397	0.15279302941379758
2010-7-2	1.9885805162419778	0.44162845920222066	0.13323809885888593	0.16058476910749953
2008-10-29	3.1124432868232774	0.4416284592022205	0.17158601679074725	0.21266486911906046
2009-7-13	1.7733897842294128	0.44162845920222055	0.09264809010010322	0.10151828420971709
2011-4-25	1.67882371002433	0.4416284592022206	0.11700599956506563	0.12665401235829554
2015-9-18	1.243769191521858	0.037980983481720396	1.1828297025416679	1.7362444149652716
2014-3-7	1.8995266592657336	0.44162845920222044	0.4244059832133702	0.5136669950284642
2009-7-30	1.7198789337422884	0.44162845920222044	0.0881445947682522	0.0922862328418399
2006-8-10	4.387037477438534	0.5524074854175366	0.170512044797835	0.18635359076841396
2013-11-26	1.8738419658802568	0.4416284592022206	0.35041914249926953	0.42512080607042724
2007-8-31	1.414755488063067	0.5406602278137375	0.04250893325795713	0.03295819888720408
2009-7-15	1.7329885948433834	0.4416284592022205	0.08883910948029627	0.0961090344215556
2013-5-8	1.9512500756737963	0.44162845920222044	0.2876786124716273	0.34195571502334476
2015-7-9	1.125187408963973	0.1952722600524928	0.2825537636970721	0.3250454843498729
2014-5-29	1.9267986961297479	0.4416284592022206	0.5120287325544162	0.6362116313259418
2007-9-27	1.393579981418911	0.5406602278137376	0.040995383880701564	0.030573727026328434
2013-3-28	1.9776718371185722	0.4416284592022207	0.28071231054430723	0.3365841597580743
2009-11-18	1.6473409914479555	0.44162845920222066	0.08505238933134418	0.09064117262380589
2009-2-9	2.301685103292536	0.44162845920222055	0.12866314014323255	0.15625190335120442
2014-6-13	1.8999154374349165	0.44162845920222055	0.5149089834772811	0.6354958987577677
2015-11-6	1.0451451269850023	0.03309973301679965	0.35539308024168426	0.420369096226618
2014-6-3	1.9271147222410463	0.4416284592022207	0.5176423857734473	0.6436426444466481
2015-2-25	1.2476087302471297	0.44162845920222055	0.3008583998767882	0.39041264809017795
2008-1-15	1.3270142643927554	0.5470669174496665	0.03618847511707357	0.02299115064816548
2014-9-15	1.5454858508930736	0.44162845920222055	0.4022553330987979	0.5537694561623001
2010-5-4	1.7922053167152268	0.44162845920222055	0.10863265649275888	0.12229104783121092
2007-7-24	1.6290381964265364	0.5454421629905072	0.059534814287668825	0.06045670687128912
2008-4-9	1.730354784494422	0.44162845920222055	0.0735504502411255	0.07984909043129473
2014-12-19	1.2858060891540042	0.44162845920222066	0.27721535772989303	0.3836213997938629
2013-11-4	1.89880396227531	0.44162845920222044	0.3473622998815189	0.42592559319712775
2006-10-31	4.071262220674722	0.5524074854175367	0.1655008267042728	0.17514442138972908
2010-5-11	1.8647614040362241	0.44162845920222044	0.11685511817537209	0.1362238097021371
2007-11-5	1.4365594237499422	0.5354941127592482	0.045431064106681296	0.03642970171931337
2014-4-14	1.8752414998767346	0.44162845920222066	0.4445113599750672	0.5339198416484316
2013-1-28	1.938829783367654	0.44162845920222044	0.25471896958456375	0.3021322818929606
2007-9-25	1.389650000434375	0.5406602278137371	0.04061206618854807	0.02996587049371069
2014-11-10	1.4918472275813062	0.4416284592022205	0.4228619763008705	0.5649585143905964
2010-7-21	1.887057201947134	0.4416284592022205	0.12372505661467836	0.14581272500963083
2013-4-17	1.9941737071813317	0.4416284592022207	0.2911212475885281	0.3517212810231021
2007-2-26	2.4341832734106736	0.5524074854175364	0.10582439472966931	0.10852635649005338
2008-10-21	2.8493778028788483	0.4416284592022206	0.15672976198989863	0.1909736081609843
2011-11-16	1.8662212763670645	0.44162845920222044	0.1634802239592723	0.191385809824983
2013-8-29	1.9159197628907445	0.44162845920222066	0.321208938721639	0.39803853558224067
2011-11-30	1.9472264800384587	0.44162845920222044	0.17732759225164818	0.20993373126473647
2013-12-9	1.8515452951771045	0.4416284592022203	0.34958438860157526	0.42038180443562445
2014-7-10	1.8663538262136576	0.4416284592022205	0.5282526737654669	0.6602859228952909
2015-3-26	1.0714885032021055	0.44162845920222044	0.09489405517318517	0.14876855022045277
2006-4-18	5.019447740437839	0.5524074854175367	0.18086970522596868	0.20115975558695753
2011-9-14	1.8579423047280015	0.44162845920222066	0.15522199983974527	0.18045522859539842
2006-6-19	4.2856643395796405	0.5524074854175371	0.16490164979976485	0.18036660810927896
2012-9-7	2.0529447373975134	0.44162845920222055	0.24275498198819712	0.2953628267378434
2014-9-12	1.5521163459240064	0.44162845920222066	0.40388188389330515	0.5566979490324111
2015-1-19	1.3122854052339878	0.4416284592022205	0.33423864273387327	0.46753785735827047
2009-6-29	1.8442502392342908	0.4416284592022208	0.09867570676872806	0.1110586221950065
2015-3-27	1.061233449939443	0.44162845920222066	0.08146082673138522	0.13596558430348216
2009-10-28	1.7532163026389345	0.4416284592022204	0.09522378355715078	0.10735643991133559
2013-10-11	1.8313214900008026	0.44162845920222055	0.3138707005171115	0.3755508187351042
2009-7-14	1.7362203975872195	0.4416284592022207	0.08911374594718291	0.09766385084310647
2014-5-6	1.9325380007407875	0.4416284592022206	0.49101821606887874	0.6092755276448116
2010-4-8	1.6587909170453714	0.4416284592022204	0.09236130805509246	0.10192189567007204
2015-4-2	1.0217677808312862	0.44162845920222066	0.02942839180200507	0.06327948970772979
2015-1-23	1.2593165371622783	0.44162845920222055	0.2808485095847706	0.3710541999697514
2006-8-1	4.360724449893584	0.5524074854175369	0.169282308957031	0.18453721680357682
2012-2-17	1.9542716081629214	0.44162845920222066	0.1892481909824968	0.22485125204780965
2007-2-7	2.656162024137716	0.5524074854175368	0.11606907236494912	0.1259475508210921
2012-2-20	1.9512236872186346	0.44162845920222044	0.18920617811506069	0.2245842135454259
2014-5-20	1.9633774726616502	0.4416284592022204	0.5201330902607599	0.6508800884784609
2009-8-11	1.7244855754553676	0.4416284592022203	0.08907396280012714	0.09348509080411715
2012-6-12	1.9830472517018656	0.44162845920222066	0.21284219993931708	0.25185112130778564
2008-12-2	2.8091160623265807	0.44162845920222066	0.15714220511386934	0.1901326967854804
2012-1-13	2.0256150629861827	0.44162845920222066	0.1950366959979586	0.23631596948865385
2009-12-7	1.6371418589296338	0.4416284592022207	0.08470143391190876	0.08903979614010904
2011-7-25	1.7582220491908789	0.44162845920222055	0.13575715431348745	0.15373945161198677
2015-9-2	1.2397534516710498	0.0379809834817202	0.9440468598334304	1.3518601032774455
2012-12-13	2.1154782783162647	0.4416284592022206	0.2791085623309282	0.347671532246012
2013-7-18	2.0079091440141963	0.4416284592022205	0.3292404786723624	0.40817576327089355
2010-8-6	1.8189269525023617	0.4416284592022205	0.11715629416969975	0.13444661518226675
2006-9-20	4.158530466277485	0.552407485417537	0.1660040178574984	0.17800704381631038
2009-12-9	1.6650197025442601	0.44162845920222077	0.08780919108822083	0.09349125595747809
2009-5-20	1.9673942746519681	0.44162845920222066	0.1077372747994183	0.12592370940725206
2008-10-22	2.897152747690998	0.4416284592022207	0.15947263310888093	0.19503687861845886
2012-7-11	2.0307413289667755	0.4416284592022205	0.22659104050634493	0.27223676140466013
2007-1-18	2.8198848820615305	0.5524074854175371	0.12279723001045229	0.130061626037012
2010-3-11	1.6960010135286367	0.44162845920222077	0.09526419531878116	0.10682656008346614
2012-7-11	2.0307413289667755	0.4416284592022205	0.22659104050634493	0.27223676140466013
2007-1-5	3.083626234576576	0.5524074854175368	0.13350392444065307	0.1451905896766854
2013-9-17	1.8780088446265424	0.44162845920222055	0.31803679491473935	0.3865571800568868
2013-5-2	2.001439609955004	0.44162845920222055	0.29800087004533427	0.3603250385027761
2007-5-15	1.7462578599632215	0.5454421629905066	0.06672832578701637	0.06935554697282087
2010-11-11	1.603483090273666	0.44162845920222066	0.096327989184537	0.10072136873529347
2007-4-2	2.216646496921518	0.5524074854175369	0.09526054821974239	0.09944021800294323
2008-2-13	1.4754974702881367	0.5109254324906959	0.05060722453854116	0.04358047108894181
2014-11-17	1.5026327984464363	0.4416284592022205	0.4407966544820201	0.5919706643062648
2013-1-30	1.9208384640384408	0.4416284592022202	0.2512429253569681	0.2963803509252274
2006-11-23	3.720531789948533	0.5524074854175367	0.15524884726995491	0.16864690870259436
2007-10-29	1.4248634974707388	0.5354941127592477	0.04427697478456927	0.03455789523160613
2015-9-14	1.2431752956803113	0.03798098348172039	1.1159841511483704	1.6270917290765885
2010-6-24	1.8714509522487521	0.44162845920222044	0.12028178857082028	0.14178386929747355
2010-10-12	1.7069754611778518	0.4416284592022206	0.10794540194433178	0.12221105532048626
2014-7-31	1.7739439254324005	0.4416284592022206	0.4999997945530912	0.6025045864616445
2011-5-25	1.76807803897387	0.4416284592022205	0.13189113536639008	0.14881160471950428
2010-7-9	1.9252686802900891	0.4416284592022207	0.12705638431517086	0.15153720699809248
2014-4-3	1.9258810475930355	0.44162845920222044	0.45749109404902333	0.5615191586485395
2015-3-30	1.0488597697421	0.44162845920222055	0.06560937691624424	0.10952646599298177
2011-11-28	1.9185836563800593	0.44162845920222055	0.17281054496008874	0.2031956660573535
2011-7-22	1.7255909594426158	0.44162845920222066	0.1307099500369493	0.14528762812659113
2010-9-30	1.7697223765793293	0.44162845920222066	0.11487502933934945	0.13410094476513468
2012-10-11	2.057320641366879	0.4416284592022205	0.2514298042776564	0.309693592111433
2006-5-29	4.264321830025072	0.5524074854175365	0.16322999616797418	0.17787137161417754
2008-6-6	1.8136586019625214	0.44162845920222077	0.08185304990343534	0.08743532584096636
2012-9-18	2.0894718660376874	0.4416284592022206	0.25195412357430036	0.3107820345529215
2011-7-8	1.7208467721338814	0.4416284592022205	0.1288271958552707	0.14262563345220758
2010-1-28	1.7365173114945114	0.44162845920222066	0.09769728581253401	0.11016147050584735
2007-9-21	1.3865224924536332	0.5406602278137375	0.040273992477653175	0.02945448135310369
2011-12-9	1.9652121933108193	0.44162845920222055	0.181169583233183	0.21541883417219831
2013-5-2	2.001439609955004	0.44162845920222055	0.29800087004533427	0.3603250385027761
2012-7-3	2.0052645848066346	0.44162845920222055	0.22059602195525252	0.26243462755306424
2010-5-13	1.8350762620087502	0.44162845920222066	0.11379765712660084	0.13178207735854364
2011-9-28	1.9071454722976542	0.4416284592022205	0.16385351467604514	0.19321094448441856
2008-7-21	2.0207300751433968	0.4416284592022206	0.09911158520114527	0.11255853889796708
2012-11-23	2.124987162267981	0.4416284592022205	0.27539730136544005	0.3438582220794615
2008-3-17	1.6299373854690076	0.4436739798706435	0.06473044267806283	0.06651551990236215
2010-7-9	1.9252686802900891	0.4416284592022207	0.12705638431517086	0.15153720699809248
2014-7-23	1.8415142903733788	0.4416284592022205	0.5300712630820554	0.6594962292333777
2011-9-30	1.9290265608293293	0.44162845920222055	0.1672106016590349	0.1981921693361468
2012-5-16	1.9659987925386497	0.44162845920222066	0.2051952233138381	0.24137944306419112
2006-10-12	4.077553383794006	0.5524074854175366	0.16468845215006356	0.1750170267676252
2009-6-25	1.865917670921343	0.44162845920222066	0.1004729584484374	0.1136958799166079
2013-5-27	1.8961774376065945	0.4416284592022207	0.2800161836976913	0.32588055877559063
2014-1-15	1.9363367189991783	0.4416284592022204	0.4025284230908732	0.49788019899111813
2014-3-27	1.9166266968857002	0.44162845920222044	0.44754712019968235	0.5472250226566668
2009-2-4	2.390799768401723	0.44162845920222044	0.1346200259669057	0.16563747206343882
2013-10-9	1.838258162172391	0.44162845920222066	0.31522249307101724	0.37833069589033275
2006-7-12	4.090348472455904	0.5524074854175367	0.160356427903938	0.1712047183989911
2006-6-23	4.256569761562633	0.5524074854175368	0.16427318143022118	0.17924238396950853
2011-9-1	1.8216832175437156	0.4416284592022206	0.14860982589339056	0.17010589316534364
2008-10-21	2.8493778028788483	0.4416284592022206	0.15672976198989863	0.1909736081609843
2014-1-22	1.9147191458211479	0.4416284592022205	0.399096039354504	0.4889937268817952
2007-12-21	1.4447164523208986	0.5354866237908059	0.04689870037531785	0.03860194004058726
2009-8-7	1.7311071271954912	0.44162845920222055	0.08956730843564831	0.09424152901404081
2011-5-26	1.7722694365784293	0.44162845920222066	0.1325578746475926	0.149756359702647
2010-5-27	1.8432088004676086	0.4416284592022204	0.1155023069177108	0.13409586886897218
2012-3-16	1.9338234547828934	0.4416284592022207	0.19012025425374035	0.22048916602217528
2006-8-25	4.327243592330728	0.5524074854175368	0.16960444407744646	0.18446360445207177
2011-11-3	1.851628072403335	0.4416284592022205	0.15977879030754294	0.18567021808861095
2012-5-30	1.9402348687771884	0.4416284592022206	0.20316812008861773	0.237811640608814
2008-5-14	1.6410641048901817	0.4416284592022211	0.06707314920134166	0.06921284391276372
2014-8-25	1.6715693513467427	0.44162845920222055	0.4650970944402437	0.5986481626137912
2007-5-30	1.6480517924734468	0.545442162990507	0.05989137885230722	0.05887197488830931
2014-10-16	1.526009909461859	0.44162845920222077	0.4210718058316065	0.5755424416170629
2007-1-17	2.8395832954398497	0.5524074854175365	0.12363071591542574	0.1311768271131435
2014-8-4	1.7483626016815204	0.4416284592022206	0.4892572653661518	0.599891760988523
2013-5-17	1.9194277018530443	0.44162845920222077	0.2826694185410583	0.33205023550541024
2010-6-2	1.8794006674240085	0.44162845920222044	0.11975832222827676	0.1412298769582938
2014-8-11	1.7321102527593255	0.44162845920222055	0.4874274118013644	0.5946926130622754
2015-6-25	0.8960825993466395	0.2823518021172101	-0.19278449044340307	-0.3420412096392327
2013-1-22	1.9535139131716168	0.4416284592022205	0.2563514203369617	0.3049148654187319
2009-2-23	2.210720714935104	0.4416284592022207	0.12279881751443278	0.14604232342791734
2009-2-4	2.390799768401723	0.44162845920222044	0.1346200259669057	0.16563747206343882
2015-9-24	1.2121111329304912	0.03798098348172028	1.0779510812176243	1.5425704440064778
2009-5-6	1.9941250077468735	0.4416284592022205	0.10933220759725204	0.12752198170152473
2010-12-1	1.7124636837469724	0.4416284592022204	0.11171488276659969	0.12331646249034045
2014-7-28	1.7954391106981815	0.44162845920222044	0.5092181540711067	0.6206305568304975
2006-12-5	3.317528891179038	0.5524074854175369	0.14133696758524983	0.15739012686030174
2011-7-20	1.718262232301746	0.4416284592022206	0.12945719524845778	0.1432154326145536
2007-1-26	2.5948786272407096	0.5524074854175367	0.11270513670839977	0.1216293601946088
2012-1-4	2.0727249363972575	0.4416284592022204	0.20062494164194722	0.2438118098584101
2014-8-15	1.6819098525910234	0.44162845920222066	0.46051818163800684	0.5937112319485962
2009-4-2	2.151738854572258	0.44162845920222066	0.12030739198257057	0.13893208856992634
2007-9-25	1.389650000434375	0.5406602278137371	0.04061206618854807	0.02996587049371069
2008-6-3	1.7766244695164337	0.4416284592022206	0.0788186105271591	0.08273599644699381
2008-6-26	2.030090734895449	0.44162845920222066	0.09884078338690272	0.11157806451528396
2006-5-17	4.36796635680425	0.552407485417537	0.16553384748654687	0.18134672632543603
2007-6-5	1.7874483298082309	0.5454421629905069	0.0700971580599743	0.07340631401887565
2008-6-4	1.7970496184530924	0.44162845920222055	0.08047799884160978	0.08531698697838341
2009-4-28	2.110289150769676	0.44162845920222044	0.11840226207853388	0.14293510880576
2011-4-8	1.6543866198067652	0.4416284592022205	0.11233478941131292	0.11969336672960496
2014-4-28	1.9705095837748932	0.4416284592022207	0.5005974883506472	0.6258254289289591
2009-6-30	1.8507117018313741	0.4416284592022207	0.09931049877468179	0.11196905895748555
2010-10-25	1.631588783607625	0.4416284592022204	0.09910207369634128	0.10748199294177163
2015-9-15	1.2958763116488792	0.03798098348172025	1.462024352794347	2.235196682754237
2007-9-26	1.4033386192878625	0.5406602278137373	0.04186100274218907	0.03197364602959163
2009-5-21	1.9924905602996026	0.44162845920222077	0.10991027986173307	0.12953108957374893
2008-4-2	1.7783710819600407	0.4416284592022204	0.07716175137043502	0.08501443734185732
2006-8-24	4.333818109064727	0.5524074854175366	0.16974062132526835	0.18471467030262656
2012-11-9	2.100249380615573	0.4416284592022205	0.26687169751255135	0.3286532832894007
2014-5-15	1.9525372037392321	0.4416284592022205	0.5096214063137272	0.6358805981804077
2009-3-27	2.190966934187276	0.4416284592022205	0.12299459062132545	0.1436635710986811
2012-5-8	1.9157126407852443	0.44162845920222066	0.19531299633389354	0.22567349835131867
2006-6-20	4.270878455662837	0.5524074854175369	0.16453043388432675	0.17973278121648284
2012-2-14	1.9620170207708998	0.44162845920222055	0.19002540095093456	0.22632375983939945
2012-6-7	1.9873301928522773	0.4416284592022204	0.21267673861140968	0.25182076128696385
2008-2-14	1.4622395422960421	0.5108154471156131	0.04942203228733866	0.04159429309105933
2007-7-5	1.8273987781453354	0.5454421629905066	0.07359062654476167	0.08010618225348631
2013-4-9	1.9812424019572867	0.44162845920222055	0.2853945311199053	0.34292391173520875
2008-4-17	1.8214143412054957	0.44162845920222055	0.08093922866885306	0.09024169944978722
2010-12-31	1.7275278711258077	0.44162845920222066	0.1156065257510881	0.12745439658942792
2013-5-22	1.9028706934738295	0.4416284592022206	0.2800858658113097	0.3268134902716069
2007-3-2	2.533927636637973	0.5524074854175365	0.1110021899852578	0.11695687294813673
2008-7-11	2.0130220698259262	0.44162845920222055	0.09816887211425462	0.11112496525436288
2007-10-23	1.4007301615639485	0.5354941127592475	0.04201025330124386	0.030787708139128567
2006-9-1	4.283973523241085	0.5524074854175368	0.16872173228274634	0.1825450356177547
2015-4-13	0.9428820190481044	0.41913706474707296	-0.07924930725364454	-0.04242001527456596
2006-9-28	4.137351795161499	0.5524074854175369	0.16578492674104406	0.17743759359638456
2013-9-17	1.8780088446265424	0.44162845920222055	0.31803679491473935	0.3865571800568868
2010-8-17	1.8043825659784436	0.44162845920222044	0.11618110630710587	0.13269271282845208
2009-8-6	1.6966520369900528	0.4416284592022206	0.08611015001056166	0.08928041037777357
2012-6-14	1.9711838120049483	0.44162845920222055	0.21115101846049766	0.2492640281671874
2006-10-10	4.052794600637707	0.5524074854175369	0.16381433613512209	0.17378639211697222
2009-12-3	1.6527881840446095	0.4416284592022206	0.08624202889817822	0.09130717938065058
2015-1-8	1.2782553385070288	0.4416284592022203	0.2871256002840803	0.38693274941720657
2009-2-12	2.286521320664654	0.44162845920222055	0.12774228278683397	0.15279302941379758
2014-12-22	1.304155667719942	0.4416284592022206	0.2976550333104604	0.41545828416606856
2008-11-11	2.960974273843336	0.44162845920222044	0.16434184961200993	0.2019916656349514
2015-7-29	1.0390580335282893	0.1952722600524928	0.09571161550648188	0.011301850970475424
2006-6-5	4.142910941411343	0.5524074854175369	0.16007669914066214	0.17267429214429542
2011-8-3	1.763053117214685	0.4416284592022206	0.1372738486201479	0.15492316674593698
2011-4-8	1.6543866198067652	0.4416284592022205	0.11233478941131292	0.11969336672960496
2009-3-31	2.1810823468075373	0.44162845920222055	0.12245399044910621	0.1426641944701179
2009-11-10	1.6918765997298202	0.4416284592022206	0.08946143453486077	0.09776709552423268
2011-7-8	1.7208467721338814	0.4416284592022205	0.1288271958552707	0.14262563345220758
2014-1-9	1.9385122814630895	0.4416284592022203	0.3993722998641267	0.4936994119381366
2006-6-5	4.142910941411343	0.5524074854175369	0.16007669914066214	0.17267429214429542
2012-4-18	1.9528484260830854	0.44162845920222066	0.19836236043741762	0.23088752327112716
2010-1-21	1.6780234142399313	0.4416284592022206	0.09105471267360121	0.09879461518075083
2006-5-15	4.285532844251717	0.5524074854175367	0.1631288094088048	0.17845605395340525
2013-12-17	1.8878720163013512	0.4416284592022206	0.36695648776468737	0.446719561898379
2013-8-15	1.9448558870525563	0.44162845920222066	0.32360900087456534	0.39781864232547237
2009-1-23	2.508122146268901	0.44162845920222066	0.14180195431482634	0.17611194572392308
2007-9-4	1.4017727275211584	0.5406602278137372	0.04141194895281286	0.03138171274990387
2008-4-21	1.874960828939158	0.4416284592022205	0.08513831224842239	0.09606677269946862
2014-5-22	1.950985435288818	0.44162845920222044	0.5163156748236006	0.6445463483042564
2015-6-11	0.8174995491181981	0.34528683112200576	-0.30643957227580454	-0.4780602122188784
2008-5-28	1.7432306038677523	0.44162845920222077	0.07594878061049748	0.0804682111185493
2007-7-23	1.6313014923424571	0.5454421629905071	0.059689209140427524	0.060679542319637125
2012-6-6	1.9818152498478772	0.4416284592022209	0.21155207931551967	0.24995853966353
2012-12-4	2.180301317443475	0.44162845920222077	0.28919946016004716	0.364046194804611
2007-1-5	3.083626234576576	0.5524074854175368	0.13350392444065307	0.1451905896766854
2009-10-16	1.7973658098019203	0.4416284592022207	0.09909222107624283	0.11121597190769505
2010-12-2	1.704332102668141	0.44162845920222066	0.11073653909913617	0.1218907814531418
2007-12-7	1.4737587076073961	0.5354941127592476	0.049256498986502084	0.04249960493446814
2014-9-16	1.5771129911517205	0.44162845920222066	0.42556507706027924	0.5904668212227324
2006-5-9	4.592605485584287	0.5524074854175366	0.171201233768151	0.18940698733283967
2006-9-13	4.239321859531037	0.5524074854175368	0.1680492680887271	0.18155434089551425
2006-7-31	4.333585445711476	0.5524074854175366	0.16845442220814788	0.18318245814291645
2011-5-31	1.7724989303874805	0.44162845920222044	0.13301129637668274	0.15030812139680028
2014-9-2	1.6508274895601653	0.44162845920222066	0.4605477885506297	0.5853729470192881
2013-10-10	1.8482701272630837	0.4416284592022203	0.318891653743512	0.3845690507028905
2011-12-7	1.954140148218813	0.44162845920222055	0.17926337694105543	0.21262044120514956
2007-2-7	2.656162024137716	0.5524074854175368	0.11606907236494912	0.1259475508210921
2012-8-6	2.0461248347095196	0.4416284592022207	0.23459460827289447	0.28300446109751776
2013-1-16	1.9556389604730011	0.4416284592022205	0.2552175566767265	0.3036029337928501
2007-1-23	2.5778608122926823	0.5524074854175368	0.11177701190750455	0.12029107790026661
2006-11-10	4.015974381666691	0.5524074854175367	0.1642929223878027	0.17507459997019748
2015-2-2	1.2896278007443327	0.44162845920222044	0.3248914777242553	0.4378679951459048
2009-5-6	1.9941250077468735	0.4416284592022205	0.10933220759725204	0.12752198170152473
2008-5-29	1.788265814451022	0.4416284592022206	0.07959958804120038	0.0840121544882102
2015-11-25	1.006741347970411	0.04040257264813298	0.07479237903008351	-0.05128771422920986
2015-4-28	0.8925323005819619	0.4191228780621667	-0.1558108802613477	-0.10829238610285097
2011-8-29	1.811267872113654	0.4416284592022206	0.14679111800709155	0.16710574236686115
2011-4-19	1.6677658945748366	0.4416284592022205	0.11500435586276336	0.12327172111511442
2010-2-1	1.7531658917571304	0.44162845920222055	0.09966113938095233	0.11291281856538005
2014-8-11	1.7321102527593255	0.44162845920222055	0.4874274118013644	0.5946926130622754
2011-11-3	1.851628072403335	0.4416284592022205	0.15977879030754294	0.18567021808861095
2009-3-12	2.3531601467136927	0.4416284592022205	0.13405108530489018	0.16219216158672034
2011-3-22	1.6901521034689078	0.4416284592022206	0.11616840926315253	0.1254212359029483
2007-7-13	1.7317011538828766	0.5454421629905067	0.06698919414649795	0.07098053671291771
2013-2-8	1.8876078033810202	0.44162845920222066	0.24608650172656987	0.28669124256316536
2011-12-21	2.0487482654872315	0.4416284592022206	0.19507471244847685	0.235709911613748
2015-4-23	0.8863857393208554	0.41912287806216647	-0.16144948503209344	-0.11928471240315774
2015-4-24	0.8884914369023007	0.41912287806216675	-0.15912261865862598	-0.11525946152238375
2012-12-26	2.0146508850499676	0.44162845920222044	0.26218462025861755	0.3172542868574544
2015-4-16	0.9463225105483559	0.4191370647470733	-0.07536563846961197	-0.03689726848234931
2009-5-27	1.9852879675205597	0.44162845920222066	0.10958932256112686	0.12889656708059483
2007-2-5	2.7250211670064175	0.5524074854175367	0.11920704674838545	0.13103819790750748
2012-9-7	2.0529447373975134	0.44162845920222055	0.24275498198819712	0.2953628267378434
2011-12-9	1.9652121933108193	0.44162845920222055	0.181169583233183	0.21541883417219831
2006-12-13	3.3294094874815476	0.5524074854175368	0.14215357318277388	0.15846878700339517
2009-2-9	2.301685103292536	0.44162845920222055	0.12866314014323255	0.15625190335120442
2014-12-9	1.3933418370400394	0.4416284592022206	0.3695382363274269	0.46938652894404154
2014-9-22	1.5699422283938624	0.4416284592022205	0.4269946098268709	0.592119758733344
2007-1-11	2.9085238367978175	0.5524074854175366	0.12639904917936295	0.1354725936569965
2007-2-7	2.656162024137716	0.5524074854175368	0.11606907236494912	0.1259475508210921
2013-10-31	1.9016558721850618	0.44162845920222044	0.34626164457398345	0.42491977785950397
2011-10-19	1.9148195806930044	0.4416284592022209	0.1673931664812054	0.19946170862569002
2014-8-20	1.6675334080578619	0.44162845920222055	0.45687332347604226	0.5869303384884623
2011-9-2	1.83337580207598	0.44162845920222055	0.15041077872151987	0.17314861669863357
2011-2-25	1.7004535045205238	0.44162845920222066	0.1158340901884376	0.12685553147273443
2008-11-4	3.1599958055349293	0.4416284592022205	0.17449931289113452	0.2168032286401147
2008-11-17	2.737647056613259	0.44162845920222077	0.15198900504245327	0.18193661152762264
2009-3-26	2.2019547853725197	0.4416284592022204	0.12377259934496831	0.14498808170256616
2006-11-14	4.030938435863606	0.5524074854175367	0.16498008824994015	0.17696165950443166
2014-12-2	1.4005726953077215	0.4416284592022206	0.3684485700858522	0.4756350563203733
2008-8-21	2.3988114836677115	0.44162845920222044	0.12625724115581405	0.1435102478039192
2014-6-18	1.9070440584180315	0.44162845920222066	0.524270388926074	0.6510196019229999
2010-11-30	1.7123986858659024	0.44162845920222055	0.11164311332050669	0.1232199521669588
2010-7-28	1.8388358477087907	0.4416284592022205	0.11883684027666352	0.13749356395973433
2008-1-17	1.3734490701339828	0.5312179094424893	0.04070453951317887	0.029637633173550615
2011-9-8	1.848424002895672	0.4416284592022208	0.1532111328484489	0.17765133164743707
2010-5-13	1.8350762620087502	0.44162845920222066	0.11379765712660084	0.13178207735854364
2011-10-28	1.8707677221325074	0.44162845920222066	0.16196191115943148	0.18974430567794753
2011-10-18	1.9113063751198625	0.4416284592022205	0.16676503720729285	0.19843592789154685
2014-9-15	1.5454858508930736	0.44162845920222055	0.4022553330987979	0.5537694561623001
2015-5-5	0.9005456606152951	0.4191228780621667	-0.14841228456167344	-0.09343099691573709
2012-11-26	2.136005975527791	0.44162845920222066	0.2783603128429828	0.3481545438999891
2011-6-29	1.7560826087906891	0.44162845920222066	0.13316652659136108	0.15036149494182127
2009-7-29	1.7429586142132565	0.44162845920222066	0.09036633136934169	0.09547822705183107
2013-2-6	1.895870602283543	0.4416284592022207	0.24744926317009242	0.28928393715681167
2015-1-14	1.2883596835973241	0.4416284592022205	0.3034122791256866	0.41411386502615
2013-4-18	1.9904122324084152	0.4416284592022206	0.2905529989772917	0.3505886314218243
2009-6-26	1.8612523568420027	0.4416284592022206	0.10009431440737693	0.11314259307538155
2006-12-26	3.1799707647142244	0.5524074854175367	0.13694629775271916	0.15099036417353995
2007-1-24	2.559731985744526	0.5524074854175369	0.11093523924960347	0.11903863788657398
2012-11-28	2.1787133046571014	0.44162845920222055	0.287151568461661	0.3612754507203122
2010-3-23	1.6853586075842726	0.4416284592022206	0.09463765482118047	0.10636815492456608
2008-6-16	2.0318850131801622	0.44162845920222055	0.09859321343539285	0.11261929619164746
2009-2-13	2.24330612916879	0.44162845920222055	0.12467133122706286	0.14715507330117972
2007-5-17	1.6863944645776916	0.5454421629905067	0.062466269675906405	0.06333067346194254
2014-1-10	1.9531170248482979	0.44162845920222055	0.4053795086550409	0.5040956979630877
2011-8-31	1.8167011250213698	0.44162845920222066	0.14778324600349757	0.1687284270541789
2012-5-10	1.933821902899935	0.4416284592022205	0.1987300586279015	0.2314287708614653
2012-9-6	2.1063654840785007	0.4416284592022206	0.25220550586711177	0.3094026504203098
2013-8-20	1.9486044265349594	0.44162845920222044	0.32684840451643127	0.40254599277474123
2015-11-18	1.0411823193032546	0.02821848255187858	0.43229056498217044	0.49696999673754627
2014-7-24	1.832970282146172	0.4416284592022204	0.5263541608219757	0.6534696791112435
2013-11-19	1.8692327831413778	0.44162845920222077	0.34516482605392906	0.41865309850538357
2009-4-2	2.151738854572258	0.44162845920222066	0.12030739198257057	0.13893208856992634
2008-7-24	1.990134199193727	0.44162845920222066	0.0969732659848308	0.10938770565388212
2011-9-7	1.8404318596684563	0.44162845920222055	0.15194860788352993	0.17554065996379498
2007-10-19	1.382311068612735	0.5354941127592473	0.040272330223441344	0.028517645194620744
2007-10-19	1.382311068612735	0.5354941127592473	0.040272330223441344	0.028517645194620744
2011-8-5	1.7861111617635164	0.4416284592022204	0.1408178339165982	0.16009050369287658
2010-4-1	1.6456573799006253	0.4416284592022206	0.09053020079168617	0.10023045391054808
2011-3-7	1.6626100294827189	0.44162845920222077	0.11132480860700777	0.11875876330293189
2012-4-12	1.9673353344039497	0.44162845920222066	0.19978778054882906	0.23375916599122992
2015-10-21	1.1483459365570412	0.037980983481720396	1.0786246716697239	1.4840110074158486
2007-6-22	1.6579758474621167	0.5454421629905071	0.06109402691522536	0.06007133913604612
2007-12-21	1.4447164523208986	0.5354866237908059	0.04689870037531785	0.03860194004058726
2013-10-14	1.8248615431295145	0.4416284592022206	0.3131033482682546	0.37351691561333533
2006-12-18	3.2054029759697897	0.5524074854175368	0.13759485017435624	0.1518692637693897
2015-11-5	1.0654499718304729	0.03309973301679942	0.534981359698316	0.6976137969734371
2014-8-7	1.7571567167725275	0.4416284592022204	0.49813769521890805	0.6125101746552406
2014-2-18	1.8414021346261311	0.44162845920222044	0.3884557357827405	0.462024772420629
2012-9-5	2.117676684309636	0.4416284592022206	0.2539970288805553	0.31208281160596707
2012-12-4	2.180301317443475	0.44162845920222077	0.28919946016004716	0.364046194804611
2007-11-5	1.4365594237499422	0.5354941127592482	0.045431064106681296	0.03642970171931337
2015-1-19	1.3122854052339878	0.4416284592022205	0.33423864273387327	0.46753785735827047
2012-3-2	1.9019298812048926	0.44162845920222044	0.18289530650081787	0.212367661533847
2013-8-22	1.940071638206533	0.44162845920222066	0.32524880496921904	0.4018959262800581
2013-6-21	2.018737540985375	0.4416284592022206	0.32100876400333833	0.3915036715862401
2014-12-24	1.329633766331275	0.4416284592022209	0.32452445457094425	0.45759209822282987
2012-8-21	2.0598221063036686	0.4416284592022204	0.24024774367658042	0.29203943244815367
2009-12-9	1.6650197025442601	0.44162845920222077	0.08780919108822083	0.09349125595747809
2009-5-7	1.996292353372739	0.44162845920222055	0.10956088463922908	0.12789709942051108
2007-12-28	1.4026293756841084	0.5354274167296565	0.043155409560138525	0.03250903584509435
2012-11-22	2.1330536850310944	0.44162845920222055	0.2766819884108094	0.34584318316881135
2012-3-23	1.9671291477911546	0.44162845920222055	0.19658233295189764	0.22974664257693256
2009-5-27	1.9852879675205597	0.44162845920222066	0.10958932256112686	0.12889656708059483
2007-4-20	1.8962285984024634	0.5524074854175371	0.07633258667423792	0.07989715176017986
2009-9-16	1.7993472975838838	0.4416284592022206	0.09792795909377139	0.10786102392476749
2009-6-10	1.9047139104407793	0.4416284592022207	0.10327030890190625	0.11849666494469369
2015-1-21	1.2647495198351761	0.44162845920222044	0.2848856432133402	0.3788709795008589
2011-7-8	1.7208467721338814	0.4416284592022205	0.1288271958552707	0.14262563345220758
2007-9-19	1.3924127390579373	0.5406602278137371	0.04077940210677622	0.03028288591997419
2010-2-4	1.7298288310381167	0.4416284592022205	0.09731205385431219	0.10954688118717626
2014-9-22	1.5699422283938624	0.4416284592022205	0.4269946098268709	0.592119758733344
2012-8-30	2.116716780369348	0.44162845920222055	0.2524269052259849	0.3100215480366786
2013-1-25	1.9712211394093409	0.4416284592022203	0.26103993686838955	0.31166355767410203
2010-5-26	1.8625033773398099	0.4416284592022206	0.11751980274999574	0.1370301778474079
2015-10-30	1.0972006882005598	0.03309973301679953	0.7582215575315341	1.069101116113246
2012-1-19	2.0024233270605354	0.44162845920222027	0.19243864690014112	0.23153912320372072
2010-9-14	1.7466761855879942	0.4416284592022204	0.11111647944431757	0.12937674196392646
2009-11-25	1.6484302115202325	0.4416284592022205	0.08544876466182671	0.09083741643296595
2013-6-25	2.1029960512643715	0.44162845920222055	0.3443169545419251	0.4322527459507288
2010-10-26	1.635000790565854	0.44162845920222066	0.09960055734064976	0.1080524400114875
2010-3-31	1.6595792805697758	0.4416284592022202	0.09208380162732133	0.10267648734378376
2007-12-21	1.4447164523208986	0.5354866237908059	0.04689870037531785	0.03860194004058726
2009-4-23	2.063822689313194	0.4416284592022207	0.11442952490420732	0.1372497462421296
2010-7-2	1.9885805162419778	0.44162845920222066	0.13323809885888593	0.16058476910749953
2011-9-15	1.857585506551536	0.4416284592022206	0.15527673137248832	0.18051409897385917
2006-12-25	3.1713767995931033	0.5524074854175367	0.13656078093240542	0.1504442953529712
2012-2-9	1.96353048702432	0.4416284592022204	0.1895320267544598	0.22571389750438353
2008-10-20	2.835117109569309	0.44162845920222066	0.15585925992500704	0.1896857869611701
2006-12-1	3.5506348223726123	0.5524074854175364	0.14971914322251378	0.16140773374610218
2011-5-23	1.7540269098261032	0.44162845920222066	0.12976532280787456	0.14577423563350145
2011-2-16	1.6887865286704384	0.4416284592022205	0.11363890022921774	0.12344188807372714
2013-8-8	1.9687766552341137	0.44162845920222077	0.32740392692533593	0.40284079532306305
2011-2-22	1.7098485783451292	0.44162845920222044	0.11689453062170996	0.12870982207182835
2008-8-20	2.3399172510977215	0.4416284592022204	0.12241098902582781	0.13782072459898354
2010-11-19	1.6960514490725516	0.4416284592022209	0.10886723617838512	0.11884917539286977
2007-7-30	1.5578950368932152	0.5454421629905072	0.05405084733937682	0.052023101883102996
2008-9-18	2.8513107773751925	0.4416284592022206	0.15474823549964012	0.18443992600841552
2009-5-27	1.9852879675205597	0.44162845920222066	0.10958932256112686	0.12889656708059483
2009-6-10	1.9047139104407793	0.4416284592022207	0.10327030890190625	0.11849666494469369
2013-6-21	2.018737540985375	0.4416284592022206	0.32100876400333833	0.3915036715862401
2015-6-5	0.830156083496459	0.3351505567488367	-0.2797958719449668	-0.44689132433607315
2007-2-15	2.474140270587906	0.5524074854175367	0.10747678926236448	0.11157579902938375
2014-12-19	1.2858060891540042	0.44162845920222066	0.27721535772989303	0.3836213997938629
2010-8-18	1.806014050121714	0.4416284592022202	0.1164317135157833	0.13304651937057121
2010-3-31	1.6595792805697758	0.4416284592022202	0.09208380162732133	0.10267648734378376
2009-11-5	1.6960535915988928	0.4416284592022205	0.08969031963382235	0.0993654214628743
2015-8-28	1.175498069463366	0.039318192299772375	0.615779601145527	0.7806636211104574
2008-6-26	2.030090734895449	0.44162845920222066	0.09884078338690272	0.11157806451528396
2015-6-11	0.8174995491181981	0.34528683112200576	-0.30643957227580454	-0.4780602122188784
2012-3-16	1.9338234547828934	0.4416284592022207	0.19012025425374035	0.22048916602217528
2008-5-28	1.7432306038677523	0.44162845920222077	0.07594878061049748	0.0804682111185493
2012-10-23	2.0496322016496826	0.4416284592022207	0.2528574196942148	0.31124611210368713
2008-5-22	1.714010680815916	0.4416284592022206	0.07339109815624956	0.07929344245893288
2015-12-7	1.0264236327457643	0.01824317907834515	0.541414008461587	0.6036807934121899
2012-3-2	1.9019298812048926	0.44162845920222044	0.18289530650081787	0.212367661533847
2015-4-13	0.9428820190481044	0.41913706474707296	-0.07924930725364454	-0.04242001527456596
2012-9-10	2.046234656366068	0.44162845920222055	0.24219512587668768	0.2943771757700566
2012-8-6	2.0461248347095196	0.4416284592022207	0.23459460827289447	0.28300446109751776
2010-8-9	1.8117193995925684	0.44162845920222044	0.11652248933515397	0.13328606496149908
2015-7-30	1.06345869974954	0.19527226005249282	0.1592168009126791	0.09574526525246085
2014-4-9	1.887424263688138	0.44162845920222077	0.44571695644641696	0.5381956997983481
2015-2-9	1.2963006047964036	0.4416284592022207	0.3407906016049076	0.4637041703002527
2011-4-25	1.67882371002433	0.4416284592022206	0.11700599956506563	0.12665401235829554
2007-10-15	1.353753264929409	0.5406602278137379	0.03757618389195838	0.024836027480599432
2008-10-24	2.945868128971718	0.44162845920222077	0.16229840326562273	0.19918807012068984
2008-3-17	1.6299373854690076	0.4436739798706435	0.06473044267806283	0.06651551990236215
2009-10-29	1.7810620430896869	0.4416284592022208	0.09806891428745623	0.11138902307464749
2007-12-24	1.4276155252411116	0.5354628178285918	0.04539444531227921	0.03615613281742247
2009-8-10	1.7300999558638048	0.44162845920222066	0.08958829653252676	0.09423212681660131
2010-4-26	1.7285961492812116	0.4416284592022207	0.10116269956858792	0.11103891118193498
2009-12-3	1.6527881840446095	0.4416284592022206	0.08624202889817822	0.09130717938065058
2011-6-2	1.7859556265187826	0.4416284592022202	0.13505428417414111	0.1532159488549214
2015-4-3	1.0150657023556995	0.4416284592022205	0.02042040360824715	0.0401242507605839
2011-3-21	1.6934136869401684	0.44162845920222044	0.11654849662298084	0.12598531041543648
2013-1-22	1.9535139131716168	0.4416284592022205	0.2563514203369617	0.3049148654187319
2008-12-8	2.6235427496237813	0.44162845920222066	0.14638447532982757	0.17200140287601795
2014-12-23	1.3230968333705246	0.44162845920222044	0.3171195273599434	0.44599666177147124
2013-12-3	1.8633802313449759	0.4416284592022207	0.350525225510552	0.4235750487780041
2014-8-1	1.7725352985796854	0.4416284592022205	0.500336286896522	0.6158966381320634
2013-11-4	1.89880396227531	0.44162845920222044	0.3473622998815189	0.42592559319712775
2012-3-22	1.9501031821998898	0.44162845920222044	0.19367273144231612	0.22550198126949894
2012-4-6	1.9913891977199205	0.4416284592022204	0.2027360628961994	0.23919836979429365
2012-3-16	1.9338234547828934	0.4416284592022207	0.19012025425374035	0.22048916602217528
2007-7-25	1.601627373980761	0.5454421629905066	0.05742539786322687	0.05744900330753766
2012-12-21	2.055908155717007	0.44162845920222077	0.2693396223544908	0.3301647982064031
2011-9-27	1.8951646019779553	0.44162845920222044	0.1620186099657357	0.19011389370888598
2010-5-12	1.865095614621655	0.4416284592022205	0.11695064286556267	0.1363656376996889
2009-8-3	1.6692966655909796	0.44162845920222044	0.08324393549606124	0.08516010687583764
2011-3-23	1.6796174484403121	0.44162845920222044	0.11477743051356715	0.12304794940570285
2013-9-10	1.8536180034864018	0.44162845920222055	0.30755864150571743	0.37151854553212793
2006-7-3	4.106327428204742	0.5524074854175368	0.16038473427570477	0.17249299894352066
2015-3-23	1.0767305290203193	0.4416284592022206	0.10079096694432921	0.1483550461771741
2006-9-6	4.212951224703305	0.5524074854175366	0.1668941840290925	0.17983275813427912
2012-9-3	2.10377556772368	0.4416284592022205	0.25104497765110434	0.30780491969370427
2007-11-15	1.479785480182203	0.5354941127592474	0.049409258403873	0.04293257739288281
2007-9-25	1.389650000434375	0.5406602278137371	0.04061206618854807	0.02996587049371069
2009-6-4	1.9222842556149509	0.4416284592022206	0.1045412013996394	0.12027035238271533
2013-9-13	1.853098178890861	0.44162845920222044	0.30865593737592034	0.37289574607763853
2011-1-14	1.7433947773490932	0.44162845920222066	0.1186114272170713	0.1315233778052749
2013-2-1	1.9086147869995582	0.4416284592022205	0.24902555189591236	0.29234579639027136
2015-11-20	1.015661083208173	0.028537375433481883	0.1565434644673267	0.09925616275146232
2013-8-19	1.9433494232340933	0.44162845920222055	0.3248973268558015	0.39929123241292164
2011-10-13	1.8835445107836124	0.4416284592022204	0.16213774442883233	0.1907483829490637
2011-4-1	1.67711751808493	0.44162845920222077	0.1150567869908301	0.12374895397515795
2009-5-14	1.9820545425713	0.4416284592022209	0.10869704569431615	0.1271594441453403
2015-3-30	1.0488597697421	0.44162845920222055	0.06560937691624424	0.10952646599298177
2011-6-1	1.7684032609604612	0.44162845920222066	0.1325238449346866	0.14958809992744726
2009-4-13	2.0461332804264822	0.44162845920222055	0.11250996264198365	0.13449602781156145
2009-11-20	1.641828061874971	0.4416284592022205	0.08453660738172641	0.0900181521324519
2007-1-12	2.9653369526128093	0.5524074854175365	0.12887273164290258	0.1391053367227626
2009-12-11	1.6600825737699356	0.4416284592022205	0.08735841395102595	0.0928666438807757
2010-10-28	1.651276470191871	0.4416284592022207	0.10181907890887354	0.11129347698957215
2014-7-9	1.8804014890534215	0.4416284592022206	0.5348367905258455	0.6580613381594875
2008-6-11	1.9480073489401681	0.4416284592022207	0.09229256927384744	0.10329220499521896
2015-5-20	0.8410285793565704	0.4191228780621664	-0.24676169044305274	-0.2503375325187789
2010-5-11	1.8647614040362241	0.44162845920222044	0.11685511817537209	0.1362238097021371
2007-5-22	1.6461026739859448	0.5454421629905069	0.059588843707108374	0.058963593029172756
2006-8-14	4.445992126173818	0.5524074854175368	0.17239448022723236	0.18935329635606135
2006-7-26	4.183808782095452	0.552407485417537	0.16384245649116425	0.175545097492128
2007-12-14	1.4720108625167128	0.5355229196379152	0.04922200088968487	0.04235642646376592
2009-3-9	2.371232382007447	0.4416284592022206	0.13515332726401974	0.16401893293504277
2014-2-27	1.9216126238292324	0.44162845920222066	0.42736281070688076	0.520519551172876
2010-5-14	1.8392473442198893	0.4416284592022205	0.11430533383677455	0.13251072470146497
2012-12-26	2.0146508850499676	0.44162845920222044	0.26218462025861755	0.3172542868574544
2010-11-18	1.7103516410482449	0.4416284592022207	0.11062740263055115	0.12139618442833888
2006-4-27	4.891617184586896	0.5524074854175368	0.17822561403672066	0.19960445352811673
2009-10-26	1.7259897787965912	0.44162845920222066	0.09236456921197345	0.10328903152264446
2006-12-4	3.4803589788563505	0.5524074854175369	0.14733395750730538	0.1583318612588116
2010-3-26	1.6807483834439703	0.4416284592022206	0.0942586869073887	0.1058012904782637
2015-10-15	1.1366108520370295	0.037980983481720264	0.8648507725777363	1.075362009642788
2015-6-9	0.8311675168154897	0.33434052729484415	-0.2828703799214989	-0.45149720948715255
2012-3-13	1.9053903425540824	0.44162845920222066	0.1850403812604251	0.21307429714585902
2014-12-31	1.2900247817745782	0.4416284592022206	0.2918360772777058	0.39772729133989104
2012-9-5	2.117676684309636	0.4416284592022206	0.2539970288805553	0.31208281160596707
2009-11-13	1.698977482774619	0.4416284592022205	0.09033148379114508	0.0966225390202693
2011-6-15	1.7727475420916337	0.44162845920222066	0.13432710176195828	0.1519042724908095
2013-10-15	1.825951921064881	0.4416284592022206	0.3139035578904925	0.3747203213066024
2006-11-13	4.065453862244551	0.5524074854175365	0.16601492634857085	0.1783605463872564
2015-1-19	1.3122854052339878	0.4416284592022205	0.33423864273387327	0.46753785735827047
2008-10-6	2.6574543628435308	0.44162845920222077	0.144684005620338	0.16932978330138582
2010-7-13	1.9323360970687569	0.44162845920222066	0.12808269999319344	0.15298003846592167
2007-1-25	2.625888540803117	0.5524074854175369	0.11414960532089058	0.12375739243997241
2015-3-30	1.0488597697421	0.44162845920222055	0.06560937691624424	0.10952646599298177
2012-12-18	2.0556821875021924	0.44162845920222077	0.26847271590664556	0.3289879067566428
2010-5-19	1.8934957974255897	0.4416284592022207	0.12038317571595547	0.1412404196504966
2010-1-11	1.673315187921562	0.44162845920222077	0.09010483120674895	0.09635949993907267
2015-9-21	1.2151843636638446	0.0379809834817204	1.0514671915865907	1.5033307773313345
2006-11-9	3.953388589448858	0.5524074854175367	0.16224138250095055	0.17272774728524332
2015-3-31	1.0521896748493083	0.44162845920222044	0.07038408917419647	0.11403770480869402
2013-8-20	1.9486044265349594	0.44162845920222044	0.32684840451643127	0.40254599277474123
2007-8-1	1.5878804558429727	0.5454421629905067	0.056477344269185936	0.055942719583707
2007-2-14	2.5187316990309245	0.5524074854175367	0.10967263283060014	0.115286336072975
2010-6-4	1.8821631828075682	0.4416284592022206	0.12017808580823419	0.141902420615303
2010-10-25	1.631588783607625	0.4416284592022204	0.09910207369634128	0.10748199294177163
2010-9-17	1.7912556590955	0.4416284592022206	0.11661066189603297	0.13738801592875083
2010-8-4	1.8311744135815884	0.4416284592022205	0.11841847060714628	0.13661756385783863
2013-9-11	1.8586024494715097	0.4416284592022202	0.3095055976842509	0.37435061590491103
