2010-2-4	1.2960759834218483	0.3257828759009558	0.04492586103540974	0.026771047486154664
2011-12-28	1.5685187574032962	0.31634543059361736	0.11893683837984059	0.12972553729220682
2012-12-28	1.509133666191996	0.31634543059361775	0.14688941614551654	0.1488402658795085
2006-11-1	3.4115131517819375	0.5266793893544518	0.1432840966427229	0.10720314699297173
2013-4-24	1.5083276474569902	0.3163454305936177	0.16559706394154072	0.16533421642287904
2009-3-24	1.6346452454603244	0.35528178256621634	0.07528980801069363	0.06527865549284129
2012-9-24	1.6332702134516153	0.3163454305936175	0.16223745147390578	0.17615714992275033
2011-6-24	1.3254152257189877	0.3163454305936173	0.06434432524814127	0.049248522302565156
2015-11-12	0.9878617004742296	0.04368595297935768	-0.09048364732932812	-0.066437776196975
2015-5-8	0.8893422604017243	0.2740616373280846	-0.1665217035299369	-0.2579201963255878
2010-12-23	1.273247392045242	0.3163454305936175	0.0493065540930846	0.03348883694575
2015-3-24	0.9811534622892449	0.3163454305936174	-0.02449721858874876	-0.06872014047206043
2011-9-1	1.3823546285543502	0.3163454305936175	0.0776677284824503	0.06757070684786393
2015-7-9	0.9859461171964229	0.16582870847289874	-0.02942013412845146	-0.07206547584696477
2009-10-23	1.22001075318976	0.32578287590095445	0.03266740067398044	0.015844736368258783
2010-7-23	1.4259932747691269	0.3257828759009533	0.0674289616523891	0.05628114931776507
2006-8-2	3.883219783435119	0.5266793893544525	0.15501809006858136	0.12179321594936066
2008-9-25	1.8469822196978671	0.35528178256621606	0.08814713731375234	0.07508207360679076
2010-11-5	1.1936661680729603	0.3163454305936176	0.034967542891442216	0.012941451212925115
2008-5-16	1.3811103693494382	0.3609396778817282	0.04325730415240603	-0.005920813489340038
2015-9-22	1.0909304525895327	0.05354183910098976	0.3828490725635951	0.5590818370821076
2006-5-30	3.646393088438852	0.5266793893544519	0.14444344192265435	0.11035001811288359
2007-8-15	1.2116795367187607	0.5263503779339326	0.023182458825689478	-0.028638459791856863
2014-10-10	1.4967927082845291	0.3163454305936173	0.3921047726378344	0.4135932757505625
2013-7-1	1.6476490918632132	0.31634543059361764	0.2214866367904138	0.236790078582368
2012-8-15	1.5850206275083718	0.3163454305936175	0.14633548051071998	0.15238754842206448
2013-8-29	1.5957498228631146	0.31634543059361775	0.22166149208903652	0.2304513255739047
2015-10-16	1.045000024870943	0.04538328989315994	0.2424813025127972	0.3608666634069011
2014-7-25	1.6342887455388333	0.3163454305936176	0.40982978862540764	0.42783009654656534
2012-11-28	1.675079262514326	0.31634543059361797	0.18201360491044283	0.20262458388184013
2013-9-16	1.5320036984190883	0.3163454305936175	0.20525498178503332	0.20037605885740417
2010-7-20	1.4424167727659725	0.3257828759009546	0.06957026418460766	0.059814168454719985
2009-6-16	1.3573738278684255	0.35440783379617413	0.04783111140970853	0.037272007684496344
2015-4-3	0.9353534769177034	0.29315611672976544	-0.0863843420395708	-0.13013159456553425
2013-6-26	1.6686078131234323	0.31634543059361747	0.22631450828580335	0.24551365539386083
2008-12-2	2.037046071692105	0.35528178256621573	0.10576913670842614	0.10392851231451594
2012-8-9	1.553727837779181	0.31634543059361786	0.13885585686949575	0.14017671705901957
2011-11-29	1.4572475727129395	0.3163454305936173	0.09656230522965514	0.09376500624705297
2013-11-27	1.5609529255798837	0.31634543059361736	0.23775367559442295	0.23664934016374417
2014-10-16	1.506201478179548	0.3163454305936173	0.40571805863011523	0.43110669897175447
2013-6-13	1.5703889314430395	0.3163454305936177	0.19401662528481411	0.1931497963783293
2009-4-16	1.497799526729541	0.3550177551853031	0.062087687931794866	0.05144511856477374
2009-1-20	1.889533088608502	0.3552817825662144	0.09598949204369456	0.09329707415211708
2007-9-3	1.096153373873902	0.5091805484930902	0.011087537440289452	-0.04289430526677773
2008-1-28	1.2359220331806555	0.44851928647895895	0.027094054296999737	-0.028538233718761297
2006-8-9	3.9276707213572024	0.5266793893544521	0.15675856577220393	0.12430815093057679
2006-11-17	3.203279653419398	0.5266793893544521	0.13614745964127262	0.1011603035301778
2010-11-17	1.2952368960079945	0.3163454305936175	0.05184707126645294	0.03828061637999869
2007-6-28	1.4458425310128735	0.5266657045843975	0.044278981342727564	-0.0029765323217835205
2010-12-7	1.2709396075392765	0.31634543059361736	0.048493632786580365	0.03244494639089823
2012-3-2	1.4365178207843725	0.31634543059361764	0.09926222442277344	0.09264859469965048
2006-11-30	2.961531924867255	0.5266793893544521	0.12694035946133297	0.09035522371552518
2013-5-14	1.5086098327663509	0.3163454305936177	0.16941116956684654	0.1694585315087851
2006-9-20	3.674209444531369	0.5266793893544522	0.15054836472853284	0.11426030441841006
2007-2-27	2.1340560057158733	0.5266793893544518	0.08952163963154725	0.04933721560435722
2011-10-27	1.4354101522492624	0.31634543059361764	0.09042540501459717	0.0867985261368509
2015-12-30	0.9994740165079171	0	0.2117122991412692	0.3772842474327205
2012-12-10	1.6102735726144317	0.3163454305936181	0.16893479270248846	0.17981355201146942
2013-8-16	1.5958228371230896	0.31634543059361747	0.21801459762676934	0.22979910800803216
2009-6-10	1.3539477303807832	0.35451142650814527	0.04730457734726756	0.03566926088041744
2007-3-7	2.065413760335823	0.5266793893544517	0.08572144338553556	0.04325779160899934
2010-2-10	1.297047473264013	0.3257828759009556	0.04518720467269177	0.02710030078032677
2013-10-25	1.5783031819248898	0.31634543059361786	0.23308521775439495	0.2366486656038096
2014-7-17	1.688877987667989	0.31634543059361764	0.4346375983262316	0.46670882939681757
2014-4-2	1.6749686486255702	0.3163454305936173	0.3444891264042482	0.3674173753971355
2010-4-9	1.2706649636149785	0.32578287590095434	0.04272095866368719	0.018913403820646213
2010-9-17	1.3577411079384663	0.3163454305936174	0.05957391007245216	0.05313673901823379
2009-4-30	1.5267824807080521	0.3550108793253596	0.06551366732018526	0.05556821679860757
2013-1-30	1.4306607857616045	0.3163454305936173	0.13085335163107548	0.1222346987990155
2013-9-16	1.5320036984190883	0.3163454305936175	0.20525498178503332	0.20037605885740417
2009-5-25	1.4523187718051955	0.35474755068377245	0.05816852900641556	0.048460211575153345
2007-2-5	2.2430611908237985	0.5266793893544519	0.09500041601467957	0.05829528726712652
2013-5-6	1.4970965545100472	0.3163454305936173	0.16452576396159935	0.16222452949211186
2006-12-25	2.6102735869291434	0.5266793893544519	0.11227977010800361	0.07626652420107405
2008-1-22	1.232892584455186	0.4519563689488822	0.02671979862550189	-0.029047026461020753
2006-6-26	3.6775765723383826	0.5266793893544519	0.14667022145206587	0.1125616563776215
2007-7-31	1.2845777326034193	0.5263209794995833	0.030191997269377602	-0.02003115471848227
2010-9-30	1.337804833498962	0.31634543059361747	0.057007217665194565	0.04838092249945691
2010-1-15	1.2372421590125717	0.3257828759009548	0.03638835592064216	0.013028478496883933
2008-3-6	1.241834490051187	0.4253846999906916	0.028087012257262955	-0.02767604456044237
2007-6-29	1.4678015256272114	0.5266657045843973	0.046145603789805145	-6.883319089101558e-05
2007-8-27	1.127135720440212	0.5261827018214147	0.014444454616417746	-0.039002877255909896
2008-4-16	1.4793913733690538	0.3758932310828614	0.05212921736150178	0.009630484376108805
2010-6-18	1.458087263187443	0.3257828759009542	0.07051941048817234	0.062034535169509075
2015-3-20	1.002570066082574	0.31634543059361736	0.0033042877448623553	-0.042944754189629064
2007-5-16	1.477300024345244	0.526665704584397	0.04626834492062826	0.001915153245293455
2012-9-18	1.6246696686072764	0.31634543059361764	0.15949366595262693	0.17202924495612426
2014-5-23	1.6918885226269964	0.3163454305936176	0.3883160781396442	0.4183846886588658
2012-8-27	1.628629691798146	0.3163454305936175	0.157244345312068	0.16978000911268043
2013-9-5	1.5860055925790493	0.31634543059361775	0.22045607849115	0.22722616765273496
2015-12-16	1.0128631103767765	0	0.4316870311137646	0.779529720894639
2007-7-23	1.3634041724115784	0.5265216048701686	0.03740589937981076	-0.011754621197020088
2011-5-25	1.3363068219333716	0.3163454305936173	0.0650522394711186	0.0511635234497696
2009-11-5	1.217814460504015	0.32578287590095484	0.03255710811870949	0.013487283030542585
2015-7-8	1.0248039170939403	0.1660076837365629	0.05274010872736534	0.05743964511383548
2013-7-15	1.6063150020921548	0.3163454305936174	0.21270445611214472	0.2200783721167754
2007-8-21	1.1714772221519185	0.526201829004398	0.01910782421777868	-0.03282164664349607
2006-7-24	3.734085653097677	0.526679389354452	0.14980263004251415	0.11398543003682104
2012-10-9	1.587929779342392	0.3163454305936174	0.15433759954041149	0.16183238323270288
2007-2-5	2.2430611908237985	0.5266793893544519	0.09500041601467957	0.05829528726712652
2014-9-4	1.5428541471900388	0.31634543059361786	0.38965708936422505	0.3948838097531011
2007-5-9	1.4754794480298248	0.5266657045843974	0.0460142013358289	0.0018799043639576851
2009-4-1	1.5647732446523923	0.35508477871701655	0.06860299894750876	0.05942304461409398
2006-6-21	3.7341164598613927	0.526679389354452	0.14828176202441723	0.11498104789274843
2014-11-5	1.4727674230915615	0.3163454305936175	0.40108771917115993	0.42584257005892545
2014-8-5	1.5752690939742882	0.3163454305936175	0.38346341941748885	0.3912666705149608
2011-8-24	1.3897859726498427	0.3163454305936174	0.078590071578029	0.06935232842413042
2013-4-16	1.521976220652044	0.3163454305936176	0.1680348394309943	0.17015860561250462
2008-4-17	1.5091329578698063	0.3758932310828618	0.05487009995166514	0.013733184579515445
2010-1-5	1.2133496786742375	0.32578287590095384	0.03284729955724086	0.009069483112813526
2009-5-21	1.4570741852053675	0.3547866982835823	0.05859268403425877	0.04853394599748473
2006-12-4	2.8580487533103582	0.5266793893544517	0.12269372969744197	0.0859134468968279
2014-9-10	1.5401579302779862	0.3163454305936174	0.3935709730017072	0.39801179524399055
2015-8-25	1.1549320299771835	0.05354183910098987	0.5178017291816783	0.8485652068104184
2009-8-31	1.382619426394221	0.32964018413199925	0.05250124310833826	0.045966254176806665
2012-10-30	1.6243681850984144	0.3163454305936173	0.16568160258043751	0.17804129589869366
2008-5-6	1.359134444844519	0.37110826520438683	0.04091495056190486	-0.008341237000471513
2011-3-22	1.2724398909057104	0.3163454305936174	0.05174872464405911	0.03290805018654952
2013-12-31	1.604364499404628	0.3163454305936177	0.26745786724367404	0.2714741701478163
2008-10-20	2.023165404190108	0.35528178256621573	0.10290151088025579	0.099858336022554
2009-3-6	1.7012707865887022	0.35528178256621634	0.08104015728911507	0.07574029672563776
2006-8-10	3.8892143765445266	0.5266793893544521	0.15559640099122873	0.12243339287493527
2007-5-24	1.4213489820211644	0.5266657045843975	0.04170462439544509	-0.004765795668555395
2015-10-27	1.0249721261951676	0.057438866035900656	0.15361768777256568	0.30512138492931973
2014-9-22	1.552332839523982	0.3163454305936172	0.41436143815784887	0.4351534411699618
2012-8-29	1.63452661152606	0.31634543059361747	0.15877752808331635	0.172198627191682
2009-8-25	1.303791834105522	0.32964018413199986	0.04267486714449453	0.03044007898491463
2006-6-8	3.747547353445877	0.5266793893544518	0.14812158995373603	0.11519132554701939
2012-2-3	1.4904972745856866	0.3163454305936176	0.10763612311668291	0.10964769319440526
2012-2-3	1.4904972745856866	0.3163454305936176	0.10763612311668291	0.10964769319440526
2012-3-5	1.4428921334002933	0.3163454305936173	0.10076149353127195	0.09470484249316158
2006-10-27	3.493720736972405	0.5266793893544524	0.14602498535528174	0.11037611529912938
2013-2-22	1.4704194790475866	0.3163454305936171	0.14489441748892573	0.13894908422085073
2013-5-29	1.4776673668834241	0.3163454305936174	0.1629666354775734	0.14631635634533202
2007-4-23	1.5842357854739197	0.5266793893544525	0.05437023703717592	0.010639466341605619
2014-9-15	1.5364897161605673	0.3163454305936175	0.39591231447243747	0.40087704692784754
2010-3-11	1.2813789855116784	0.3257828759009542	0.04363246484544492	0.024069360167179532
2012-2-2	1.4977109515734506	0.31634543059361747	0.10892629136346499	0.11182774415756502
2006-10-31	3.4515055039207065	0.5266793893544522	0.14469271930978533	0.1083956710453382
2009-5-27	1.4532141782881471	0.3547400994508621	0.058317151425896	0.04809794262895206
2014-8-26	1.5911143128377847	0.31634543059361775	0.41334096888179084	0.43151579246976324
2011-6-14	1.33487457091815	0.3163454305936176	0.06561030923635292	0.051547322484410074
2009-4-16	1.497799526729541	0.3550177551853031	0.062087687931794866	0.05144511856477374
2013-3-28	1.5078007055791902	0.31634543059361764	0.1606660869208627	0.15993095570081817
2015-8-28	1.090838840680363	0.05354183910098964	0.29435615329066556	0.42040338074456396
2009-1-7	1.9661860036335477	0.35528178256621556	0.10173747740972505	0.10026879075613349
2006-4-21	4.213491096986938	0.526679389354452	0.1599075757653572	0.13010245831259337
2013-11-6	1.583983091541997	0.3163454305936175	0.2391243049791194	0.24435837354047552
2010-4-8	1.2791523248960075	0.3257828759009547	0.04391249742205128	0.02062065266127222
2008-9-3	1.8377335418620377	0.35528178256621634	0.0866456956096362	0.07296995592217304
2014-12-18	1.117268428046799	0.3163454305936175	0.11364984964239344	0.12046708051501054
2011-3-4	1.2492291287966346	0.3163454305936175	0.047202988649301725	0.029426443949232883
2011-8-25	1.363018899912583	0.31634543059361764	0.07382765486810028	0.061350105120626
2009-12-4	1.193936813043118	0.3257828759009534	0.029626445592852546	0.00528054712214554
2015-10-23	1.0302451991601782	0.0496047355605506	0.17624365956162613	0.3275118453733592
2012-12-28	1.509133666191996	0.31634543059361775	0.14688941614551654	0.1488402658795085
2008-8-14	1.756458731846457	0.3552817825662159	0.0793378081543541	0.06022532938423719
2010-5-24	1.4042350493253568	0.32578287590095356	0.062467520699770906	0.0492578946973079
2007-4-5	1.8116163640155993	0.5266793893544521	0.07035527760295657	0.028405209133972598
2015-10-26	1.025586669352504	0.05879810008604935	0.15498616432266932	0.30719228878526206
2015-1-6	1.0585564018411235	0.3163454305936176	0.05990714101188899	0.03393745747446841
2010-3-30	1.2574421334567871	0.3257828759009544	0.04061950846808693	0.019476970012303196
2008-1-9	1.1117017990153637	0.485599032818158	0.013365959140862804	-0.04895374387613438
2010-5-27	1.4080102952923585	0.32578287590095417	0.06307216362140822	0.050215015929869766
2010-6-30	1.50366613377899	0.3257828759009531	0.07696435289543202	0.07223834600280599
2007-12-27	1.12891410721345	0.501439363891239	0.015251424624917354	-0.04340055426609035
2013-2-25	1.4670925590146662	0.3163454305936174	0.14442989138038032	0.13809010669039723
2013-1-14	1.4618934014288223	0.3163454305936174	0.13706961729324818	0.13640733769338054
2011-7-20	1.3092132067363969	0.31634543059361747	0.062465210399394566	0.045121012724863574
2014-1-20	1.6762743781323237	0.3163454305936175	0.3051431287103661	0.32922503961211214
2012-1-30	1.5072369246159083	0.3163454305936174	0.11048251840063972	0.11451336792546063
2010-9-3	1.3387838528001832	0.3163454305936178	0.056338349580989266	0.04872645620402083
2007-3-9	2.0474628795391805	0.5266793893544522	0.08470212808310484	0.042286248618055744
2009-10-13	1.2878167547331176	0.3257828759009544	0.04154811395425684	0.0264522720088447
2008-1-10	1.1038754715742556	0.48922039099959963	0.012472991441285552	-0.05020379921751983
2011-7-4	1.3007948399647318	0.3163454305936176	0.06031262290442463	0.042395887860938286
2012-9-7	1.5900422658773683	0.3163454305936175	0.1504191332676459	0.15767421318696595
2007-6-15	1.3815264708124348	0.5266657045843975	0.038545415032690045	-0.010004220717656387
2014-8-1	1.5966454610915157	0.31634543059361764	0.39322593947409734	0.40452920401314696
2007-5-10	1.4694956868674314	0.5266657045843975	0.04553746382057544	0.0011554866682816911
2014-4-3	1.6822846885374545	0.31634543059361747	0.3484900291685906	0.37379213380389875
2008-12-24	1.9931433622697163	0.3552817825662157	0.10329326460767829	0.10332100086511309
2015-6-25	0.8820618058927298	0.21757911453114487	-0.21725360483817913	-0.35420867990789173
2008-4-16	1.4793913733690538	0.3758932310828614	0.05212921736150178	0.009630484376108805
2009-11-25	1.1936344516649655	0.3257828759009537	0.029462083333608113	0.005887931245761813
2011-8-24	1.3897859726498427	0.3163454305936174	0.078590071578029	0.06935232842413042
2013-9-6	1.5624413564870367	0.31634543059361725	0.21286711966490457	0.22390390717465558
2009-4-7	1.5528412491326968	0.3550847787170168	0.0675615133212979	0.05780924900386353
2006-9-8	3.7855287389332832	0.5266793893544519	0.15367065142762382	0.11792928779576495
2006-4-25	4.210374383885576	0.5266793893544517	0.160013652749589	0.1309954700725955
2007-6-4	1.5245673589628828	0.5266657045843971	0.05040638534070241	0.008066291271086046
2015-3-23	0.9842875239387725	0.31634543059361725	-0.02036133556035591	-0.06818409372647893
2008-11-7	2.179341307263115	0.3552817825662154	0.1151928285797974	0.11963344467198289
2008-3-17	1.3686838499040388	0.37589323108286166	0.04111654522652364	-0.006737831287351392
2013-11-4	1.5732194782617848	0.31634543059361764	0.23452748755139052	0.23711441511642461
2010-6-3	1.445555370192224	0.3257828759009538	0.06832654157463836	0.05876937958181072
2011-4-20	1.2598210419131617	0.3163454305936174	0.05041517637318771	0.02857007763611441
2012-9-27	1.6170627903461459	0.3163454305936177	0.15912173908983562	0.17079447937000047
2012-10-8	1.6090234833263757	0.31634543059361725	0.1589298621447992	0.16957572245814734
2007-12-17	1.2029778114930871	0.4991992839498179	0.023256075799304776	-0.031292872369165003
2014-10-8	1.4919867614159499	0.3163454305936173	0.3864002298690088	0.4060120111150616
2008-11-12	2.085454867146849	0.35528178256621507	0.10856008082038882	0.10873597304062566
2009-2-17	1.64689253075974	0.3552817825662153	0.07536869649344236	0.06860885852633669
2012-12-18	1.5677130639156887	0.3163454305936174	0.1599559623415474	0.16502120939859943
2013-3-8	1.470861010570938	0.3163454305936177	0.14713278255255058	0.1393635270913145
2013-3-26	1.481088976500379	0.31634543059361747	0.15283718366490007	0.14712020926362546
2009-11-27	1.253302498838068	0.32578287590095417	0.037767456509556485	0.017606760030256075
2009-12-3	1.2061203804054486	0.32578287590095395	0.03133535276727284	0.007688509743480898
2006-5-23	3.7752337570894183	0.5266793893544519	0.14827763840962427	0.11536763861286548
2012-11-16	1.6527468273682153	0.3163454305936171	0.1748626367123549	0.19172120088888644
2008-10-23	2.063625893261655	0.3552817825662146	0.1060685526670373	0.10507290530220237
2014-6-5	1.6904092119599696	0.3163454305936173	0.39792641190253164	0.4287683057481606
2008-7-24	1.5898647166323987	0.35528178256621495	0.06434027095924644	0.03195387928052473
2012-4-18	1.469915068381434	0.3163454305936178	0.1097645952222015	0.10504491807242777
2009-11-30	1.2251932038784223	0.32578287590095406	0.03395611064875692	0.011380245699296854
2014-7-2	1.6811163562353655	0.3163454305936173	0.4160820480336498	0.44514329043336276
2011-12-7	1.4843487678717784	0.3163454305936173	0.10209465686997854	0.10275197688461146
2013-1-23	1.4589403052919405	0.3163454305936174	0.13751393318370253	0.13318864668882613
2014-2-17	1.6105020676203137	0.31634543059361775	0.29148543947720973	0.29872289285077813
2015-7-6	0.9707394610976549	0.16575340510290204	-0.059729683676330914	-0.11885127617199809
2011-1-18	1.3268123953597994	0.3163454305936177	0.05881554123437138	0.048382638382318266
2011-6-27	1.3229814448275465	0.3163454305936176	0.06403155552256079	0.048648368029347466
2007-12-20	1.1762684203940652	0.49919928394981744	0.02042297553432082	-0.0357016582152303
2010-3-26	1.283868779193267	0.3257828759009547	0.04430188335337548	0.024335396945840193
2011-9-20	1.425902350761087	0.3163454305936175	0.08650058011584116	0.0815904868602999
2009-8-27	1.2919343279299316	0.3296401841320002	0.0412115790570049	0.02805970416279524
2014-4-4	1.6726562074525406	0.3163454305936174	0.3446752588373383	0.3670561883122647
2006-11-6	3.328612064099907	0.5266793893544516	0.14044322929426967	0.10506668134466413
2015-3-11	1.0883959309877977	0.3163454305936175	0.11128818263614404	0.08452417462905326
2008-8-26	1.8008143998006356	0.3552817825662153	0.08337888934710613	0.06729755705711282
2011-11-24	1.4639388549673673	0.3163454305936177	0.09745050164636204	0.09545692517615167
2012-11-14	1.6320595269880904	0.3163454305936174	0.16980329548728834	0.1834282984028841
2009-3-4	1.7020921443518082	0.35528178256621473	0.08104897954970669	0.07577564047051277
2007-8-10	1.2218514256401007	0.5262993311670431	0.024163937592702744	-0.02683919556821268
2015-9-10	1.087626669670633	0.05354183910098949	0.3214379334678412	0.4583209557769041
2009-12-29	1.2258453360102597	0.3257828759009533	0.03450490136806694	0.012057279366754381
2015-1-8	1.0751023990189315	0.3163454305936176	0.07729772245015298	0.0585759595833828
2011-12-23	1.5475060348698777	0.3163454305936176	0.11476127436966443	0.1231041521800822
2011-8-4	1.3484460147623036	0.31634543059361725	0.07021473749345652	0.055898643487888755
2012-6-27	1.5420489917484237	0.31634543059361786	0.13145521705797036	0.1304434959228562
2013-1-7	1.480719985393023	0.31634543059361764	0.14102519037613637	0.14171829826772764
2011-11-18	1.4582760419105945	0.31634543059361764	0.09601017029564907	0.09325860692151133
2010-12-30	1.3041675294304635	0.31634543059361736	0.05454878737252078	0.041886306924727945
2012-2-28	1.4340971475700117	0.31634543059361786	0.09855617740687617	0.09430558757829788
2014-7-25	1.6342887455388333	0.3163454305936176	0.40982978862540764	0.42783009654656534
2013-8-13	1.5625201559875206	0.3163454305936176	0.20643802361416808	0.2168065729860631
2006-5-22	3.664727565448621	0.5266793893544526	0.1446885758617955	0.11051159660349064
2014-5-23	1.6918885226269964	0.3163454305936176	0.3883160781396442	0.4183846886588658
2012-5-16	1.4913444372746165	0.3163454305936178	0.11666864805883947	0.11037442391147922
2009-3-11	1.7374442011772644	0.35528178256621623	0.08455755275929766	0.08055275679154628
2013-11-29	1.5576344737607253	0.3163454305936173	0.23718348223320485	0.23136474325796796
2009-11-13	1.2196512386345606	0.32578287590095417	0.03292939713887244	0.010962252972094744
2012-11-6	1.6026267685731934	0.31634543059361747	0.161783706977644	0.17059297846155874
2011-5-16	1.3076672025458618	0.31634543059361747	0.05971835299716988	0.04269837313594382
2014-7-17	1.688877987667989	0.31634543059361764	0.4346375983262316	0.46670882939681757
2014-9-24	1.523480286986408	0.3163454305936177	0.39560448452078045	0.4079888136908256
2014-12-31	1.0746643452171576	0.31634543059361747	0.07509079252801465	0.0649365455235209
2006-10-25	3.4849432896337205	0.5266793893544524	0.14561794519125382	0.10965548694486227
2013-4-19	1.494696492893702	0.31634543059361764	0.16077438453057669	0.1578774116795465
2007-9-14	1.0983369862542967	0.5061536448577407	0.011370625943755597	-0.0425796965502091
2011-11-14	1.4085801674575384	0.3163454305936173	0.08657392305765832	0.07887562053927843
2009-10-28	1.2412373885999164	0.32578287590095434	0.03563106403005989	0.01998569595429811
2011-7-18	1.3002845569152677	0.31634543059361797	0.06075424909626892	0.04272233805668346
2008-8-19	1.7940853644439114	0.3552817825662166	0.08260249238166062	0.06606806701566592
2010-2-2	1.3142572094586713	0.3257828759009545	0.04735037323086133	0.030719735341087517
2009-11-3	1.225495006057182	0.325782875900954	0.033582677720314535	0.01485491674393713
2013-11-4	1.5732194782617848	0.31634543059361764	0.23452748755139052	0.23711441511642461
2011-8-12	1.3713599999798483	0.3163454305936175	0.07470106898592355	0.06322399698820114
2011-10-31	1.4230441964513953	0.31634543059361764	0.08841012592968389	0.0833532921246225
2006-11-10	3.340323958899241	0.5266793893544519	0.14106137112641282	0.10550655923351249
2015-10-29	1.0380127290692267	0.050056015009631014	0.25011641516021776	0.4550960608625618
2010-11-4	1.2031712265418335	0.3163454305936172	0.036542695333760866	0.015199463456474938
2013-8-30	1.5988166843124472	0.3163454305936173	0.22295565930297312	0.2317546783027511
2014-5-6	1.6883929484724138	0.31634543059361786	0.37378888165433666	0.4009325217238071
2007-1-11	2.316948396523595	0.5266793893544524	0.09820265640018655	0.05994344775566596
2008-5-30	1.4577624701987877	0.3552817825662155	0.05093685651511626	0.0053980689515567
2015-7-14	0.9542248277883012	0.15848194504091836	-0.0967899741774364	-0.17586808894281392
2013-5-17	1.4727365746667713	0.31634543059361775	0.15928445386543966	0.15281684817567354
2011-2-18	1.2661613907396854	0.3163454305936173	0.04972421707573882	0.03303691706206413
2009-12-25	1.2423432427436967	0.3257828759009532	0.036743102822077045	0.015733388404846504
2009-7-16	1.2029337799116713	0.3296401841319991	0.029025322109055285	0.011180866637493292
2011-12-12	1.5023440580657346	0.31634543059361747	0.10574287361648738	0.1086311488349585
2009-3-2	1.759044183780878	0.3552817825662161	0.08620289489386823	0.08427726197727692
2015-7-2	0.9550553824383383	0.16567364974822146	-0.08903361703501977	-0.16345995553739012
2010-3-5	1.285550071956402	0.3257828759009547	0.044089286589978904	0.024912715392060525
2006-12-20	2.621239751447314	0.5266793893544524	0.11261666060148445	0.07630379394222708
2007-4-24	1.5827651299952463	0.5266793893544519	0.054275130090517765	0.010173396685886571
2014-6-12	1.688804769554704	0.31634543059361764	0.40287944058494873	0.4338892312367999
2013-7-25	1.6357861385667647	0.3163454305936171	0.22447054930753874	0.23833068626481868
2011-4-18	1.243239591737487	0.3163454305936176	0.04739907849227265	0.02435803335885134
2015-3-9	1.0847811082302694	0.31634543059361747	0.10593188002265563	0.07896495180331597
2009-3-3	1.7703176210719738	0.35528178256621534	0.0872558062879949	0.08597405550640702
2011-3-2	1.2581087500202288	0.3163454305936173	0.04868486700417374	0.03118495410303246
2009-2-3	1.817498787700871	0.3552817825662151	0.09039176388354497	0.08744001781079414
2015-9-11	1.0895969306250537	0.05354183910098953	0.3328748861306021	0.47861920655267975
2010-5-5	1.3602928128911205	0.32578287590095445	0.05592166158925038	0.0386145136724898
2007-1-19	2.1641466805924576	0.5266793893544518	0.09011120352257063	0.05170361143669622
2010-6-2	1.4388185994245202	0.3257828759009543	0.06739762154230622	0.05725845187901357
2006-6-23	3.7245381668594724	0.5266793893544522	0.14806344994745668	0.11453288009755735
2009-5-26	1.4662841899760362	0.3547507340187939	0.059729507532795045	0.05039651048382532
2012-5-7	1.4366234777770739	0.3163454305936175	0.10445530208690545	0.09324779180351861
2014-8-13	1.579886578831418	0.3163454305936175	0.3935806946556428	0.4030868111004997
2008-4-1	1.4565434296236872	0.37589323108286193	0.049734766532450125	0.00631278831404658
2011-5-16	1.3076672025458618	0.31634543059361747	0.05971835299716988	0.04269837313594382
2012-9-27	1.6170627903461459	0.3163454305936177	0.15912173908983562	0.17079447937000047
2011-4-28	1.2928996573676357	0.3163454305936173	0.05649970063988685	0.03788097130753809
2007-7-27	1.3198700452997154	0.5263392492578618	0.03346947324421867	-0.015928158106168433
2007-2-2	2.227424837106564	0.5266793893544518	0.09404940956798535	0.05687857431890797
2015-10-30	1.0388747407296104	0.04024934414149154	0.26112863599606007	0.46227521046305164
2011-4-6	1.2502337665319736	0.31634543059361736	0.04830377797558505	0.027329223633645094
2014-10-9	1.4904550357167246	0.3163454305936176	0.3862503960747625	0.40542915816182057
2015-12-28	1.0064881109906982	0	9.596366256114868	27.15342020507913
2012-11-21	1.6444812918328253	0.31634543059361775	0.1738010517689268	0.1895448731996181
2010-9-14	1.3244833997712928	0.31634543059361747	0.05452636629747709	0.045997332491551246
2010-8-4	1.3913168511767968	0.3257828759009528	0.06300046594862985	0.0509001019643287
2007-1-15	2.268888676316213	0.5266793893544521	0.09576178674399305	0.05710532910533672
2011-8-4	1.3484460147623036	0.31634543059361725	0.07021473749345652	0.055898643487888755
2007-7-11	1.4613082693194532	0.5266657045843971	0.04578142134826946	-0.0008746970884319083
2009-7-24	1.1785742174486011	0.3296401841319987	0.02585933989521849	0.003953316441367427
2012-7-25	1.5743626218849036	0.3163454305936171	0.14146513967646768	0.14558902813862273
2008-8-11	1.751601321966099	0.35528178256621523	0.07884155779951452	0.05937756758165236
2010-7-27	1.4275203062561712	0.32578287590095445	0.06778015799830173	0.05621350900039168
2012-12-7	1.6207710762128194	0.3163454305936176	0.17092845561689263	0.1834405806008801
2006-9-7	3.7921093589287165	0.5266793893544518	0.15383726795739427	0.11823333580522766
2012-6-1	1.4738582017607356	0.3163454305936175	0.1144995212044555	0.1048577751705575
2010-12-17	1.2646142802169997	0.3163454305936175	0.047725196667596004	0.03100944133159933
2010-11-15	1.245231838407161	0.3163454305936176	0.043738298930132036	0.024996932412101103
2011-7-12	1.3196754183477637	0.31634543059361775	0.0640431209170611	0.04753465829140002
2008-12-26	2.009238688856539	0.35528178256621573	0.10464454303249249	0.10550495643590962
2009-1-14	1.95127578404347	0.3552817825662157	0.10082686396040796	0.09860164225963475
2015-3-2	1.0698607137424594	0.3163454305936178	0.08503856486189454	0.05414949800218749
2009-11-4	1.2207655056956594	0.3257828759009551	0.032948584378861945	0.013977974558576411
2009-9-4	1.3119559525666484	0.3296401841319995	0.043894218608766966	0.03229839768163201
2008-12-5	1.92763668909867	0.3552817825662156	0.09729482309471282	0.09247902038740818
2006-10-12	3.557208977900591	0.5266793893544525	0.14756839939604127	0.11091300579213059
2011-5-10	1.2946900610106464	0.31634543059361725	0.05722630114428151	0.03876061002264075
2013-4-18	1.5199023331331127	0.3163454305936173	0.16781304891180504	0.1696059503072278
2010-10-13	1.2507576899453023	0.3164519856600836	0.04384989326055777	0.03043038606909021
2007-5-24	1.4213489820211644	0.5266657045843975	0.04170462439544509	-0.004765795668555395
2007-9-11	1.1374687065986175	0.5259897770557255	0.015631958712029714	-0.03653086217520374
2012-4-24	1.470615869611422	0.3163454305936173	0.11042442790712315	0.10496592925145598
2009-11-12	1.213576237057446	0.3257828759009533	0.032073600897987165	0.011837699334446228
2013-3-19	1.4988335963572237	0.31634543059361747	0.1566500168198044	0.15413661233324194
2011-8-30	1.3803683617963227	0.3163454305936177	0.07720839808567326	0.0668574042796295
2008-7-4	1.6567071799629356	0.3552817825662165	0.06972018392786072	0.043129318396125216
2008-3-28	1.378238685169672	0.37589323108286177	0.04221355134992644	-0.005232334749039946
2008-12-29	2.0140241112804538	0.355281782566216	0.10514894874689529	0.1062587853582948
2009-12-29	1.2258453360102597	0.3257828759009533	0.03450490136806694	0.012057279366754381
2011-7-8	1.3043508734542715	0.3163454305936175	0.061111049193987244	0.04345814076879617
2012-7-17	1.5536677433465136	0.31634543059361747	0.13614330763909832	0.13710822734877937
2014-11-10	1.4293680851600037	0.3163454305936173	0.3701925987013577	0.40127419120261165
2015-1-12	1.0846548750625897	0.3163454305936173	0.08817617648140974	0.07358829920352417
2015-10-20	1.0303037270359863	0.05191903268301583	0.16843518556455028	0.2991871347997075
2013-7-29	1.663781921036384	0.3163454305936177	0.23422173297654103	0.2539428936684862
2015-1-29	1.09530458211995	0.3163454305936171	0.1045981507379925	0.08822666233654397
2010-10-11	1.2708171641927393	0.3249600289890151	0.046989740096442745	0.03567698407773823
2014-2-18	1.624831153975898	0.31634543059361714	0.29813861919991713	0.30813309086013163
2014-1-23	1.6456680283211789	0.3163454305936176	0.29421661545513067	0.31034580117410226
2015-9-16	1.0969339884332443	0.0535418391009896	0.38362397069907805	0.5681861351343143
2014-10-13	1.501788347329085	0.3163454305936178	0.39907839773088116	0.4225604378479497
2008-5-28	1.4467321912360718	0.355281782566216	0.04984830415867281	0.003038096830505932
2012-9-25	1.6356401611196945	0.3163454305936179	0.16290138050652292	0.17719212668375905
2010-8-18	1.3536104976326608	0.3251881103438247	0.058034549794698354	0.047175433565214364
2008-1-8	1.1234726703940785	0.48015247545255274	0.01470004008050041	-0.047101602276380716
2007-7-9	1.4540578886044007	0.5266657045843974	0.045137928705699215	-0.001846741336461677
2013-7-24	1.6307869617793644	0.3163454305936173	0.2226521495423237	0.23543405429407738
2007-1-22	2.1069374964875163	0.5266793893544519	0.08693545452987972	0.04717749774097779
2012-12-4	1.6737495995795086	0.3163454305936176	0.18276681678101991	0.20338818039811835
2008-10-9	1.9641492461848837	0.3552817825662151	0.09794277913539728	0.09173945182081789
2013-5-31	1.4917376982081323	0.31634543059361725	0.1676191805123679	0.15278242287239618
2008-1-29	1.2314786799378539	0.44833670984617635	0.02663661116538729	-0.029327941055031004
2009-2-27	1.7712769522439618	0.35528178256621545	0.08719617937455149	0.08595399783601199
2014-9-10	1.5401579302779862	0.3163454305936174	0.3935709730017072	0.39801179524399055
2015-5-4	0.8602394515005892	0.2740616373280846	-0.20539572151013297	-0.3080698170773739
2009-9-28	1.345086298856763	0.32964018413199975	0.04853814211611285	0.038363241764829636
2015-12-7	1.0122637769617995	0.012811169331346612	0.22412913141138624	0.39210261327430995
2008-9-16	1.961894263817593	0.3552817825662144	0.09688317095944998	0.09051014883535502
2012-10-16	1.598268720391225	0.3163454305936175	0.15767358060956038	0.16634003058997937
2008-2-29	1.2435830664601475	0.4330494895468353	0.02821189332523888	-0.027340846140042063
2007-11-8	1.1694381617113871	0.499199283949818	0.019402461588232	-0.036525970506715355
2012-2-22	1.4632865428967585	0.31634543059361775	0.10387472327978453	0.10092478974125463
2014-1-22	1.640410155121467	0.3163454305936175	0.29160526683059707	0.30624603999092925
2011-12-15	1.5552801799774292	0.3163454305936175	0.11548699220086611	0.12457058332519888
2007-7-18	1.4569238545718444	0.5266657045843974	0.04551597096147009	-0.001427149070922673
2015-1-14	1.0869833174373562	0.3163454305936173	0.09114766216907033	0.07760239308645889
2008-2-13	1.2234833367443516	0.448022611833052	0.02592893329782542	-0.03086650765018495
2011-12-13	1.5231925677561025	0.31634543059361736	0.10959076723212213	0.11496305113438421
2013-9-2	1.5961625959732588	0.3163454305936175	0.22295190435716217	0.23119095673047618
2010-9-20	1.3610154712617817	0.31634543059361764	0.06015324944955158	0.054028663657999854
2012-7-3	1.5339580561621375	0.3163454305936178	0.13040850782532076	0.12826199130722182
2013-8-8	1.6191579844490067	0.3163454305936176	0.22321701541382666	0.23361634889631566
2011-10-10	1.4703444433539976	0.3163454305936178	0.09560687167015591	0.09575062514101451
2008-8-1	1.6263414387021091	0.3552817825662157	0.06779869755496981	0.038607291367871
2015-12-2	1.00484806492803	0.013363022854498129	0.06756494138129066	0.15513989912809345
2014-2-10	1.6295648383004586	0.3163454305936178	0.2962020624086785	0.3085959627022896
2015-8-6	1.0025470853319445	0.14458185866827136	0.006424023041241345	-0.0453348973535993
2013-12-26	1.6319001936770996	0.31634543059361747	0.2761788536421843	0.2873163003804453
2011-4-12	1.2518237995852406	0.31634543059361797	0.04875859715927877	0.026395813513344857
2014-4-16	1.65134169078292	0.31634543059361775	0.34224057132679353	0.3582422410660069
2012-3-13	1.4358404827410316	0.3163454305936173	0.09995157209474259	0.09329487952280013
2015-3-10	1.0877090419236148	0.3163454305936175	0.1100190725408865	0.0857705193170677
2013-11-1	1.571473495261646	0.3163454305936176	0.2329033477647353	0.23503033785946248
2015-3-30	0.9581968721896106	0.3163454305936177	-0.05529642328783524	-0.10488955863878457
2008-10-13	1.9696712214571828	0.3552817825662153	0.09852608544348684	0.09263138676548244
2011-11-25	1.4702920824502295	0.3163454305936176	0.09867974382208633	0.0974896469364972
2012-4-24	1.470615869611422	0.3163454305936173	0.11042442790712315	0.10496592925145598
2012-12-18	1.5677130639156887	0.3163454305936174	0.1599559623415474	0.16502120939859943
2012-1-31	1.505875350882534	0.31634543059361747	0.11030749909538562	0.11418850886745768
2008-2-20	1.2104000824438823	0.4399298682096421	0.024590650464952457	-0.03328656850646472
2013-7-8	1.6703940748597295	0.3163454305936175	0.23017136086339152	0.2502385966736649
2007-7-31	1.2845777326034193	0.5263209794995833	0.030191997269377602	-0.02003115471848227
2010-7-19	1.4616167767010524	0.3257828759009536	0.07213255620968972	0.06402503622678068
2010-1-28	1.299277543934456	0.32578287590095467	0.04521258425605157	0.027343638862323827
2014-3-5	1.6839120721452847	0.31634543059361747	0.33170339601288257	0.3552243299302582
2014-8-18	1.5694893234738614	0.3163454305936175	0.39148175751271164	0.40105439323620207
2011-9-16	1.4120452105982282	0.31634543059361764	0.08379892399481137	0.07727621753186198
2013-9-10	1.5336578669174563	0.31634543059361747	0.20421338341019601	0.1995466865040647
2011-7-28	1.3432281096212444	0.31634543059361747	0.06896292284462469	0.053989114819361195
2011-1-25	1.3374895265884383	0.31634543059361747	0.06077461851328203	0.05138358472666371
2013-4-26	1.526233842104922	0.3163454305936178	0.17111483390169857	0.17423692228147392
2007-1-15	2.268888676316213	0.5266793893544521	0.09576178674399305	0.05710532910533672
2015-10-29	1.0380127290692267	0.050056015009631014	0.25011641516021776	0.4550960608625618
2015-7-14	0.9542248277883012	0.15848194504091836	-0.0967899741774364	-0.17586808894281392
2012-7-18	1.5535645024832272	0.3163454305936176	0.13623660741764576	0.1372059828185217
2010-11-17	1.2952368960079945	0.3163454305936175	0.05184707126645294	0.03828061637999869
2014-3-7	1.6817361166647926	0.3163454305936177	0.33190650393647614	0.35495733405713037
2013-12-13	1.571743803155547	0.31634543059361747	0.24762741081817197	0.24427483762527968
2009-4-23	1.534645537277187	0.3550177551853035	0.06613838603626698	0.057182610793521826
2011-8-16	1.3650706341631371	0.31634543059361747	0.07376572379690116	0.06151725094094651
2014-7-21	1.678925408888159	0.31634543059361736	0.4326924389949496	0.4666366176401575
2014-10-30	1.4952520885079306	0.3163454305936176	0.4126964468283223	0.4357397901493416
2012-10-11	1.5965926936703572	0.31634543059361736	0.15657458792408407	0.1648875732680828
2014-7-29	1.5960179393259037	0.31634543059361736	0.3901675715611528	0.4009352037321765
2015-6-11	0.8197861941005097	0.2728198459584266	-0.3029127177566071	-0.46459663384964855
2011-5-12	1.3074641342784672	0.31634543059361747	0.05953755360293922	0.042512633541764266
2014-4-2	1.6749686486255702	0.3163454305936173	0.3444891264042482	0.3674173753971355
2007-6-26	1.4243579425239101	0.5266657045843977	0.04241549423650581	-0.005068368468403972
2012-5-28	1.481168563709831	0.31634543059361764	0.1156676430337149	0.10667096568085177
2006-6-12	3.796472568541194	0.5266793893544522	0.14986364383023187	0.11785313043100332
2007-12-11	1.1621698574788133	0.49919928394981766	0.018833460314916284	-0.038010306615303024
2010-8-24	1.361501827425288	0.3251881103438255	0.059368193590274565	0.049034147216122426
2007-10-17	1.0689957262980014	0.5053597682328227	0.008164254571622509	-0.05187418287093515
2012-5-3	1.4463459571132815	0.3163454305936176	0.10616455002667724	0.09586101135567904
2010-10-13	1.2507576899453023	0.3164519856600836	0.04384989326055777	0.03043038606909021
2010-12-14	1.2545916891211712	0.3163454305936178	0.04599417443443832	0.028204218974553275
2008-1-18	1.1393742042113983	0.47279459910248534	0.016546461194089312	-0.044768919381784844
2007-2-7	2.1859642154459418	0.5266793893544521	0.09189221565064565	0.0533202079584254
2011-10-14	1.437043152030403	0.31634543059361775	0.0899215455023028	0.08639267624010816
2006-5-30	3.646393088438852	0.5266793893544519	0.14444344192265435	0.11035001811288359
2011-1-17	1.327763616090569	0.31634543059361736	0.058935335282553014	0.04858992426604036
2008-8-14	1.756458731846457	0.3552817825662159	0.0793378081543541	0.06022532938423719
2009-10-28	1.2412373885999164	0.32578287590095434	0.03563106403005989	0.01998569595429811
2014-12-5	1.1988542241308242	0.31634543059361725	0.1855141870758421	0.19014355083556178
2013-11-4	1.5732194782617848	0.31634543059361764	0.23452748755139052	0.23711441511642461
2013-11-4	1.5732194782617848	0.31634543059361764	0.23452748755139052	0.23711441511642461
2015-4-14	0.8910272642893502	0.2931561167297656	-0.15007019384231446	-0.20783935632560657
2014-7-11	1.6932252783024346	0.31634543059361736	0.43135682448680246	0.4646251376118624
2006-12-1	2.9296039107762546	0.5266793893544519	0.12563675559799647	0.08934758366574602
2007-3-15	2.009834369198389	0.5266793893544517	0.08258189391217252	0.04082846041143462
2008-4-23	1.4901274713067592	0.37589323108286143	0.05325280904122498	0.01117896973951571
2008-4-17	1.5091329578698063	0.3758932310828618	0.05487009995166514	0.013733184579515445
2006-6-6	3.6092329232145497	0.526679389354452	0.1435282707920731	0.10888093634562535
2014-9-15	1.5364897161605673	0.3163454305936175	0.39591231447243747	0.40087704692784754
2007-5-25	1.4051101218294089	0.5266657045843973	0.040327679186505705	-0.006682780301432323
2009-4-29	1.534714573768516	0.3550177551853041	0.06631383302887905	0.056607903407629445
2011-12-28	1.5685187574032962	0.31634543059361736	0.11893683837984059	0.12972553729220682
2010-5-21	1.4356756599575595	0.3257828759009535	0.06657401235009308	0.056145987809795406
2008-4-14	1.4682410202134033	0.37589323108286155	0.051059653916044834	0.008049093163045029
2009-8-19	1.3292295534131398	0.32964018413199786	0.04573242659488552	0.03540939835227941
2008-5-23	1.4471188263178358	0.3552817825662162	0.049793205124539774	0.0030714750186808804
2014-4-24	1.6733562575355634	0.31634543059361736	0.35804742226008246	0.37917430758540016
2006-12-12	2.8165391202722008	0.5266793893544517	0.1211947930768087	0.08465443243626569
2008-9-16	1.961894263817593	0.3552817825662144	0.09688317095944998	0.09051014883535502
2009-1-15	1.9510879410818398	0.35528178256621507	0.1008532782861753	0.09867222301291134
2008-11-7	2.179341307263115	0.3552817825662154	0.1151928285797974	0.11963344467198289
2015-6-2	0.8357927266687623	0.2586214697203093	-0.26785023752496584	-0.4229932184670657
2007-6-13	1.3772376779777378	0.5266657045843978	0.03814268463450787	-0.0105299069283451
2013-8-8	1.6191579844490067	0.3163454305936176	0.22321701541382666	0.23361634889631566
2007-12-26	1.145044790599691	0.4991992839498178	0.01704516728891292	-0.04108156347012526
2009-6-26	1.2893145585139651	0.33522836873611045	0.03979122477008756	0.02871847591418053
2015-3-26	0.9848281269000968	0.31634543059361747	-0.019872449777573298	-0.06205996248714629
2015-7-31	1.0051223365532627	0.1445818586682714	0.01242678157260646	-0.034369303119055616
2010-8-10	1.407214430501389	0.3257828759009531	0.06544244956109502	0.054055950178403034
2011-1-20	1.3359040773249364	0.31634543059361736	0.06034667773703073	0.050799583605848575
2011-10-27	1.4354101522492624	0.31634543059361764	0.09042540501459717	0.0867985261368509
2009-5-5	1.4779038930603645	0.3549181686141457	0.06045520057040066	0.0495301727259958
2015-6-24	0.8642319366282891	0.23339485669850737	-0.2466992095802164	-0.39666324316588597
2010-7-26	1.4151340510301713	0.3257828759009539	0.06603261736801125	0.05512120531835607
2012-11-28	1.675079262514326	0.31634543059361797	0.18201360491044283	0.20262458388184013
2014-1-9	1.6505523348713096	0.3163454305936173	0.28967240636277025	0.30634334447132616
2009-4-27	1.568550247364359	0.35501775518530415	0.06974593244421512	0.06226940038238116
2006-4-26	4.176285194998912	0.5266793893544522	0.15908876476648404	0.12963290368156444
2008-12-23	1.9731148976889163	0.35528178256621507	0.10166466801462382	0.10064858986107028
2014-1-2	1.6076341138837018	0.31634543059361725	0.2695845114310649	0.2745308834676736
2011-9-16	1.4120452105982282	0.31634543059361764	0.08379892399481137	0.07727621753186198
2012-11-23	1.6453874141240512	0.3163454305936174	0.17434247117288537	0.19029870392549242
2008-9-3	1.8377335418620377	0.35528178256621634	0.0866456956096362	0.07296995592217304
2013-4-3	1.5133863424977014	0.3163454305936174	0.16327308762298376	0.1636467226822822
2006-12-13	2.79691771838675	0.5266793893544516	0.12036777198826387	0.08461013219127023
2015-5-14	0.87271941411133	0.2740616373280849	-0.19506486487572539	-0.29892113115185703
2009-7-16	1.2029337799116713	0.3296401841319991	0.029025322109055285	0.011180866637493292
2006-6-15	3.8181164579931526	0.5266793893544519	0.15068702999498407	0.11907500847345598
2009-12-1	1.2132815431193942	0.3257828759009545	0.03231138455605409	0.009075204595565323
2009-2-25	1.6861170482080212	0.35528178256621545	0.07932473203577417	0.07424802355395665
2013-11-14	1.6041602495823404	0.3163454305936174	0.24929519495018915	0.2596063488277631
2008-8-15	1.7548242174375435	0.3552817825662149	0.07923217700565077	0.06000720579953023
2008-4-29	1.4086255935394483	0.37589323108286155	0.045674617126295836	-0.0005209775944962081
2007-9-7	1.1133442739167587	0.5156494741302486	0.012996229141530646	-0.040273493742301936
2011-9-29	1.45951497771596	0.31634543059361764	0.09299615947217266	0.09193154491676436
2010-11-11	1.1960662897110905	0.3163454305936176	0.03548647901631963	0.01359077179124557
2008-3-3	1.2265092352013636	0.4324759234860927	0.026427464276633117	-0.03041530767484646
2012-3-20	1.4726708515469893	0.31634543059361736	0.10788575886085572	0.10446861147687958
2014-4-25	1.6837510958878996	0.3163454305936179	0.36374498127596055	0.38846364834367675
2012-8-13	1.5769307048334456	0.31634543059361736	0.1443468177305649	0.14916738850149125
2012-12-12	1.6124619750344942	0.31634543059361736	0.16978435894785426	0.1807243235839988
2012-7-25	1.5743626218849036	0.3163454305936171	0.14146513967646768	0.14558902813862273
2010-4-19	1.3261705092919003	0.325782875900954	0.05078491889173087	0.030129596712302975
2006-9-29	3.613672565953517	0.5266793893544518	0.14891404995424873	0.11243563221673614
2014-8-5	1.5752690939742882	0.3163454305936175	0.38346341941748885	0.3912666705149608
2015-4-17	0.8684072049170114	0.29315611672976544	-0.18222656547713245	-0.24842326049582575
2010-6-18	1.458087263187443	0.3257828759009542	0.07051941048817234	0.062034535169509075
2012-5-16	1.4913444372746165	0.3163454305936178	0.11666864805883947	0.11037442391147922
2007-3-14	2.0387121171673974	0.5266793893544519	0.08431154039125532	0.04299201537999808
2006-8-16	3.8663167813595503	0.5266793893544515	0.1551616738183108	0.12152767519452756
2010-5-7	1.41549092433362	0.3257828759009538	0.06343869203008401	0.05122994158292471
2008-4-21	1.544361739377059	0.3758932310828617	0.0581194210833893	0.01848052099828057
2008-5-29	1.4632108127222858	0.3552817825662159	0.0514347282078822	0.006518965791704634
2006-4-24	4.203641700868637	0.5266793893544517	0.15977335553697847	0.13087761253201702
2014-11-20	1.4156084680300502	0.3163454305936174	0.3689005784817485	0.4274240377546832
2013-1-8	1.4848663294471276	0.31634543059361725	0.14223792880472885	0.14347623498482842
2008-11-5	2.1685352707922867	0.35528178256621423	0.11432478138210089	0.11827391419301803
2012-1-4	1.5722612810785521	0.31634543059361747	0.12021147100294183	0.13151879371654607
2015-10-19	1.0429076530548371	0.03835596853011385	0.2410780957981089	0.3784657113168006
2012-2-1	1.5190757954344454	0.31634543059361736	0.11287051724488273	0.11838876476389415
2011-4-12	1.2518237995852406	0.31634543059361797	0.04875859715927877	0.026395813513344857
2008-8-7	1.6616403458742792	0.3552817825662168	0.07105886230224057	0.04479075218599826
2009-4-1	1.5647732446523923	0.35508477871701655	0.06860299894750876	0.05942304461409398
2013-5-15	1.5036095365989568	0.3163454305936174	0.16812369102678515	0.16723030949192497
2015-3-20	1.002570066082574	0.31634543059361736	0.0033042877448623553	-0.042944754189629064
2008-8-29	1.7759903879266765	0.3552817825662163	0.08142820772828863	0.06367886604211859
2015-11-12	0.9878617004742296	0.04368595297935768	-0.09048364732932812	-0.066437776196975
2013-12-12	1.5702493508236646	0.31634543059361764	0.24667833975860165	0.24305912232029692
2007-4-4	1.818555381812793	0.5266793893544524	0.07080061752753064	0.029731638409758787
2015-3-23	0.9842875239387725	0.31634543059361725	-0.02036133556035591	-0.06818409372647893
2015-3-24	0.9811534622892449	0.3163454305936174	-0.02449721858874876	-0.06872014047206043
2013-5-2	1.5252984603093769	0.3163454305936176	0.17198833477574804	0.1749820006323679
2008-2-13	1.2234833367443516	0.448022611833052	0.02592893329782542	-0.03086650765018495
2012-5-7	1.4366234777770739	0.3163454305936175	0.10445530208690545	0.09324779180351861
2010-1-5	1.2133496786742375	0.32578287590095384	0.03284729955724086	0.009069483112813526
2014-6-12	1.688804769554704	0.31634543059361764	0.40287944058494873	0.4338892312367999
2011-11-18	1.4582760419105945	0.31634543059361764	0.09601017029564907	0.09325860692151133
2012-8-27	1.628629691798146	0.3163454305936175	0.157244345312068	0.16978000911268043
2012-8-15	1.5850206275083718	0.3163454305936175	0.14633548051071998	0.15238754842206448
2008-4-24	1.4093201883702364	0.37589323108286216	0.045658447998852436	-0.0004360327961112631
2015-8-12	0.9755452380581803	0.13465591200393479	-0.06294562989254038	-0.15779763681608205
2009-12-14	1.2015570864931095	0.32578287590095445	0.03084730026348903	0.006714764086310776
2007-4-19	1.691452154650504	0.526679389354452	0.06226437946586416	0.020599038128815472
2014-5-21	1.6979718008968336	0.3163454305936178	0.3898633410938397	0.42184997226496534
2014-7-9	1.6930030200790216	0.3163454305936177	0.4293225524687019	0.4622251847697263
2014-4-11	1.6321707998747745	0.31634543059361736	0.330021815966127	0.3416343882739701
2008-6-26	1.5903058152394123	0.3552817825662142	0.06370205581224475	0.03145908139236919
2012-3-20	1.4726708515469893	0.31634543059361736	0.10788575886085572	0.10446861147687958
2015-3-23	0.9842875239387725	0.31634543059361725	-0.02036133556035591	-0.06818409372647893
2006-9-19	3.674235828781145	0.5266793893544519	0.15050163139583983	0.11423778581540556
2006-7-25	3.707677956301723	0.5266793893544525	0.14898467686761285	0.11263428808107623
2013-4-3	1.5133863424977014	0.3163454305936174	0.16327308762298376	0.1636467226822822
2010-8-3	1.3946906822890643	0.3257828759009548	0.06344370599588367	0.051582001332027394
2012-3-14	1.4646723702597935	0.31634543059361736	0.10580589661896678	0.10167904845415565
2007-10-8	1.0913914577467871	0.4991992839498177	0.01068265806394919	-0.04828342663402385
2006-11-21	3.111390110450968	0.5266793893544524	0.1326971261472425	0.09747323943023134
2013-4-12	1.5211262892385697	0.31634543059361747	0.16706265410751775	0.1689756667797695
2010-9-3	1.3387838528001832	0.3163454305936178	0.056338349580989266	0.04872645620402083
2009-8-12	1.236472164883048	0.32964018413200075	0.033810395962674766	0.016092067090564433
2011-4-26	1.2764841863166114	0.3163454305936177	0.05355090410327201	0.0330462274814578
2013-11-12	1.58935690496349	0.3163454305936171	0.24315381995576768	0.24985073543723724
2010-1-14	1.240143519948724	0.3257828759009542	0.036778773473585824	0.013692084974808338
2011-11-22	1.457192896286604	0.31634543059361747	0.09608004398479131	0.09321451679948245
2013-12-9	1.5521414027863687	0.31634543059361764	0.23856810307879206	0.2318582054715963
2010-1-28	1.299277543934456	0.32578287590095467	0.04521258425605157	0.027343638862323827
2012-6-13	1.4957841696357757	0.31634543059361764	0.12027713414280994	0.11216367586960496
2013-11-11	1.5994820955223101	0.31634543059361736	0.24651430940944996	0.25557873901481254
2006-5-22	3.664727565448621	0.5266793893544526	0.1446885758617955	0.11051159660349064
2011-9-8	1.4054546419909353	0.31634543059361747	0.08218004068593476	0.07485697565702853
2012-8-1	1.5746698553439555	0.3163454305936177	0.1423799714320264	0.1466688440749231
2008-2-22	1.2396708553957347	0.4329016977259554	0.027729704711290326	-0.028006162079999397
2009-6-18	1.3204736411641176	0.3543611050644358	0.04346156926069611	0.0322406094377119
2013-6-19	1.569857787424963	0.3163454305936178	0.19523385486123224	0.1943573544540831
2014-1-23	1.6456680283211789	0.3163454305936176	0.29421661545513067	0.31034580117410226
2011-12-16	1.5353991018033826	0.3163454305936175	0.11202138660766758	0.11886581800000062
2014-10-30	1.4952520885079306	0.3163454305936176	0.4126964468283223	0.4357397901493416
2014-3-19	1.7041608088716793	0.3163454305936173	0.34896937827380214	0.3796262539682358
2008-6-13	1.5913759914725212	0.3552817825662161	0.06348691256194616	0.031390411005437935
2009-9-7	1.3048675086480193	0.32964018413199836	0.043057014132157345	0.03090990733808696
2015-1-21	1.0822947728500458	0.31634543059361775	0.08806627683522872	0.06417896642100174
2008-11-26	2.056127331033036	0.3552817825662151	0.10696560257154797	0.10578482871170292
2008-1-11	1.100296168332942	0.4908765878779358	0.012064800616093718	-0.05078622295587565
2012-11-1	1.5993768878805246	0.3163454305936176	0.16028262333618581	0.16887786867154397
2009-11-17	1.1941072378585234	0.32578287590095345	0.029421630716004232	0.005924542443076941
2007-12-3	1.2165570003974648	0.4991992839498178	0.024567285296895003	-0.029036225429960538
2009-2-9	1.7082766193051637	0.35528178256621584	0.08084748417499932	0.07427220068253315
2014-12-2	1.265950036884226	0.31634543059361736	0.2455534343170207	0.26443984630317985
2008-1-31	1.2525241868571282	0.44921717700087793	0.02885559849699537	-0.02563688614201287
2012-8-8	1.56218688297863	0.31634543059361714	0.14056060906864443	0.14312692446061703
2012-9-5	1.641047309710125	0.31634543059361764	0.16115956101484086	0.17567429799476475
2007-9-3	1.096153373873902	0.5091805484930902	0.011087537440289452	-0.04289430526677773
2006-10-30	3.4850267131690558	0.5266793893544522	0.14585361632221172	0.10987701312208475
2009-6-17	1.3371618784431154	0.35436887985968873	0.04544955626400804	0.03466760927758128
2014-4-29	1.6880214941179175	0.3163454305936177	0.3686028443925313	0.3950716385367219
2013-5-2	1.5252984603093769	0.3163454305936176	0.17198833477574804	0.1749820006323679
2012-5-29	1.467079872931106	0.31634543059361775	0.11279141832552009	0.10252553242528473
2015-8-10	0.9643552268985306	0.1445818586682714	-0.08967772197536739	-0.19177400534234357
2014-1-28	1.6509344560798949	0.3163454305936172	0.2987649360545652	0.31658438020140034
2014-9-9	1.5231283626564471	0.3163454305936174	0.38077711607300757	0.391420945298806
2009-12-28	1.2306320785747376	0.32578287590095395	0.03516043947156655	0.013129442626285348
2013-2-27	1.472567959864519	0.31634543059361775	0.14623310765489617	0.13996359159126115
2014-7-21	1.678925408888159	0.31634543059361736	0.4326924389949496	0.4666366176401575
2014-3-13	1.6948864764782126	0.31634543059361764	0.34120263120169536	0.36859746032132845
2006-9-1	3.8078087071372013	0.5266793893544528	0.15405729150352032	0.1189442216456369
2009-1-19	1.8921936560662327	0.3552817825662155	0.09617192188615609	0.09425125262402823
2014-8-28	1.596296078879903	0.3163454305936176	0.41879245104060514	0.4395626814309781
2010-9-2	1.3384388521249506	0.3163454305936176	0.0562574536297189	0.04862070636976834
2006-11-7	3.309019480895892	0.5266793893544519	0.13975235472430714	0.10444375093621949
2013-11-12	1.58935690496349	0.3163454305936171	0.24315381995576768	0.24985073543723724
2007-5-29	1.3624621772560044	0.5266657045843972	0.036654564848445315	-0.011869277818415847
2015-1-23	1.077405320711177	0.31634543059361725	0.08332791298664666	0.057259802426830264
2011-5-3	1.280969046144369	0.3163454305936178	0.05457046424816214	0.03455009336759951
2012-6-25	1.5387235845698977	0.3163454305936175	0.13054214602965786	0.1290043698884773
2011-5-23	1.3275956475414175	0.31634543059361747	0.06346110028609364	0.04862661873175678
2006-11-6	3.328612064099907	0.5266793893544516	0.14044322929426967	0.10506668134466413
2007-7-6	1.480603042461797	0.5266657045843972	0.047323215339860614	0.0016282977632038342
2015-4-29	0.8619542165383721	0.2740616373280846	-0.19926150623333927	-0.29989599611570994
2010-5-28	1.4107956267631638	0.32578287590095323	0.06347981048904083	0.05087699878898322
2007-9-11	1.1374687065986175	0.5259897770557255	0.015631958712029714	-0.03653086217520374
2009-7-3	1.227706620629762	0.34596580850533254	0.03209891126168851	0.01909311522456969
2010-5-11	1.4261992356656286	0.3257828759009544	0.0649884179535889	0.05371426253114264
2015-3-10	1.0877090419236148	0.3163454305936175	0.1100190725408865	0.0857705193170677
2014-12-22	1.1057170676888701	0.3163454305936172	0.10362811349153067	0.10609159359894282
2009-9-2	1.3640999157392069	0.32964018413199964	0.050306593878951755	0.042506698947580634
2012-11-22	1.652393204462018	0.3163454305936175	0.1757854564556527	0.19277557875301543
2015-10-26	1.025586669352504	0.05879810008604935	0.15498616432266932	0.30719228878526206
2007-1-17	2.2661836109491067	0.5266793893544525	0.09567711711043492	0.05603265461854967
2006-5-25	3.7835291180195476	0.5266793893544525	0.1486307478417246	0.11631857421704339
2010-10-18	1.237274208034947	0.31634543059361764	0.04179415226259775	0.025143586902760973
2015-12-3	1.0004055240836531	0.013363022854498207	0.005708009209446807	0.04813185847738799
2014-10-20	1.5017023912940428	0.3163454305936173	0.40659178543613805	0.4307666822569498
2011-7-26	1.344167966628103	0.3163454305936177	0.06904352673188252	0.054178989089065155
2009-6-25	1.2929821991632808	0.33456082105158214	0.04022760932123348	0.029237207749823746
2006-8-29	3.7827152337441	0.526679389354452	0.15309518954698453	0.11774338620990243
2009-9-25	1.3219083987215752	0.3296401841319992	0.04556713438855753	0.03360073494432103
2015-4-14	0.8910272642893502	0.2931561167297656	-0.15007019384231446	-0.20783935632560657
2006-9-27	3.6769111078527037	0.5266793893544518	0.15097392785614794	0.11515292974028024
2014-3-31	1.6913574293182096	0.3163454305936176	0.3507455369877748	0.37856804323114446
2011-4-12	1.2518237995852406	0.31634543059361797	0.04875859715927877	0.026395813513344857
2014-11-25	1.358303000547699	0.3163454305936174	0.3233161457281988	0.36112092679422103
2010-4-12	1.2778423694501835	0.32578287590095495	0.043811423192261945	0.020408292094528768
2007-9-27	1.1110176630189046	0.49919928394981783	0.012826467653877183	-0.04340952559577915
2007-1-15	2.268888676316213	0.5266793893544521	0.09576178674399305	0.05710532910533672
2007-9-3	1.096153373873902	0.5091805484930902	0.011087537440289452	-0.04289430526677773
2012-10-23	1.5938447342551727	0.31634543059361747	0.1576867029423148	0.16521011406184272
2008-11-12	2.085454867146849	0.35528178256621507	0.10856008082038882	0.10873597304062566
2015-2-16	1.0915472781942546	0.3163454305936177	0.10647486857765709	0.08709992680190037
2015-3-3	1.089555415821452	0.3163454305936173	0.10960765901105618	0.08845822131679837
2014-4-11	1.6321707998747745	0.31634543059361736	0.330021815966127	0.3416343882739701
2014-5-8	1.6986656392957835	0.31634543059361786	0.38032802943953037	0.4112128984116237
2007-11-13	1.1915266303032273	0.4991992839498178	0.021784053538319137	-0.032931939311331426
2011-2-18	1.2661613907396854	0.3163454305936173	0.04972421707573882	0.03303691706206413
2012-2-28	1.4340971475700117	0.31634543059361786	0.09855617740687617	0.09430558757829788
2008-9-11	1.9226480427542945	0.3552817825662151	0.09366190727214185	0.08510351808569472
2008-3-18	1.4129135134875799	0.3758932310828618	0.04539265951226912	-7.0767442180375e-05
2009-6-12	1.379362435573963	0.35446486750301837	0.050322613649177894	0.04017764739157692
2008-7-31	1.6366066250519307	0.355281782566216	0.06867908796686661	0.04035918387977566
2011-3-21	1.2768729353631536	0.3163454305936174	0.052484094113787405	0.03395521428615478
2008-7-11	1.5966721170154001	0.3552817825662156	0.06463259872670934	0.032911128141180024
2014-4-18	1.6554145402405593	0.3163454305936175	0.3454653918472095	0.36247773855260834
2010-9-7	1.3190887711076913	0.3163454305936174	0.05351456922812803	0.04463014689727718
2008-2-13	1.2234833367443516	0.448022611833052	0.02592893329782542	-0.03086650765018495
2008-9-24	1.8877193977354052	0.35528178256621484	0.09138458369531355	0.08081304136564782
2012-2-23	1.4580783347703	0.3163454305936173	0.10293025901038444	0.10003536411271163
2006-6-29	3.6545025730644016	0.526679389354452	0.14604691777662104	0.10997654708216831
2008-8-19	1.7940853644439114	0.3552817825662166	0.08260249238166062	0.06606806701566592
2006-7-28	3.7664091393770898	0.5266793893544518	0.15104108891050783	0.11559092971637708
2012-10-9	1.587929779342392	0.3163454305936174	0.15433759954041149	0.16183238323270288
2008-6-6	1.4795053371422322	0.3552817825662156	0.05312762474747612	0.009981708807791145
2007-11-15	1.171004221743914	0.49919928394981794	0.019616600301715303	-0.03631792889803931
2007-12-17	1.2029778114930871	0.4991992839498179	0.023256075799304776	-0.031292872369165003
2008-7-14	1.590789424185218	0.3552817825662158	0.06417956948880432	0.03190384450458583
2006-4-25	4.210374383885576	0.5266793893544517	0.160013652749589	0.1309954700725955
2009-9-24	1.31610814040081	0.3296401841319994	0.04481323227595957	0.032382892569874144
2007-7-24	1.3593554813699884	0.5264734596355233	0.03705271154417655	-0.011888753097054616
2015-4-22	0.8664060266000915	0.27406163732808453	-0.18822514304800475	-0.28540078459876217
2009-7-28	1.159314288970587	0.3296401841319983	0.02327634704718884	0.0002508255258408809
2009-3-13	1.744528720220278	0.355281782566215	0.08527775298420748	0.08169493010819018
2012-10-15	1.5997107215879893	0.31634543059361736	0.15785442129812788	0.166710343243053
2006-4-24	4.203641700868637	0.5266793893544517	0.15977335553697847	0.13087761253201702
2009-11-13	1.2196512386345606	0.32578287590095417	0.03292939713887244	0.010962252972094744
2008-11-3	2.1996041124174073	0.35528178256621495	0.11644956363263348	0.1217227621214716
2006-7-25	3.707677956301723	0.5266793893544525	0.14898467686761285	0.11263428808107623
2014-1-21	1.6661243941311104	0.31634543059361747	0.3015473882208781	0.32302257920957844
2010-8-4	1.3913168511767968	0.3257828759009528	0.06300046594862985	0.0509001019643287
2010-3-26	1.283868779193267	0.3257828759009547	0.04430188335337548	0.024335396945840193
2012-2-3	1.4904972745856866	0.3163454305936176	0.10763612311668291	0.10964769319440526
2010-4-28	1.3450160166258818	0.32578287590095467	0.05362813596823268	0.03484983884679038
2009-10-26	1.2183025939455292	0.32939293452534896	0.03247738640927733	0.015818442250994824
2011-7-29	1.3455223435360573	0.31634543059361714	0.06941973200671403	0.054738255849343886
2015-10-23	1.0302451991601782	0.0496047355605506	0.17624365956162613	0.3275118453733592
2008-8-12	1.7563478920862399	0.35528178256621584	0.07926743155588079	0.06014153810537315
2009-2-23	1.6349896151010481	0.3552817825662161	0.0744177877724772	0.06714119703602339
2011-1-10	1.292609685199565	0.3163454305936174	0.05300071874537804	0.03915413347620089
2015-5-14	0.87271941411133	0.2740616373280849	-0.19506486487572539	-0.29892113115185703
2013-1-15	1.4559649217712545	0.3163454305936173	0.13564152488715187	0.13384808930752223
2014-3-31	1.6913574293182096	0.3163454305936176	0.3507455369877748	0.37856804323114446
2009-12-17	1.23054330501751	0.3257828759009552	0.034969470924071766	0.012980485864225733
2007-7-30	1.2972587819653678	0.5263254678368979	0.03138433812441055	-0.018705086154307993
2015-5-7	0.900032829920231	0.27406163732808436	-0.15031979461054346	-0.23415559396004093
2009-9-17	1.2515647907589287	0.32964018413199997	0.03634861411848567	0.020075552760999038
2007-12-13	1.198935284679869	0.49919928394981783	0.02279624233256028	-0.0319180742127666
2010-3-10	1.2807190101876773	0.32578287590095434	0.043518877851379534	0.0238971260195171
2006-4-27	4.168353855218529	0.5266793893544519	0.15890958077310247	0.12971813819360922
2006-6-20	3.7250502578204148	0.5266793893544519	0.14794332078576677	0.11453547966121103
2008-11-28	2.0651818013350933	0.35528178256621595	0.1077391010497668	0.107024249381523
2007-10-25	1.1374219283386175	0.4991992839498182	0.015858937110937443	-0.04176688327701161
2009-8-11	1.2037904133807589	0.32964018413199864	0.029468523097753607	0.008835066380380896
2011-12-6	1.488599440769813	0.31634543059361764	0.10279782306779195	0.10395820491512286
2006-11-15	3.267327009583833	0.526679389354452	0.13852751431317056	0.10322766318741783
2008-1-17	1.1465514472472547	0.46947358193527877	0.01734362854607263	-0.04366484210206967
2008-1-30	1.238959065450498	0.44865463863985156	0.027431480481058923	-0.02800581446183792
2009-2-11	1.673144478842278	0.35528178256621573	0.07765557261227718	0.0720107654151223
2013-7-17	1.6165057871660575	0.31634543059361747	0.21636029721796568	0.22593795815729245
2014-10-10	1.4967927082845291	0.3163454305936173	0.3921047726378344	0.4135932757505625
2015-1-21	1.0822947728500458	0.31634543059361775	0.08806627683522872	0.06417896642100174
2008-2-27	1.248935582678723	0.43322012388415454	0.028755238015805817	-0.026395099617374407
2011-2-10	1.292879332838304	0.3163454305936178	0.05399164028723291	0.04012407660043715
2010-12-2	1.2820185902987373	0.3163454305936175	0.05015352455302269	0.03525773191647463
2010-1-8	1.233857633201186	0.325782875900954	0.03579452308099462	0.013113396790586096
2011-2-24	1.2715698525878696	0.3163454305936173	0.05082077349769043	0.034546147379991066
2014-11-24	1.3647932802395752	0.3163454305936178	0.32815427319922263	0.3770685006082335
2009-4-10	1.5341878630789947	0.3550177551853043	0.06572946086436482	0.05675212567077925
2013-7-1	1.6476490918632132	0.31634543059361764	0.2214866367904138	0.236790078582368
2006-10-11	3.550984745550623	0.526679389354452	0.14730357416163486	0.11008689251855475
2015-1-6	1.0585564018411235	0.3163454305936176	0.05990714101188899	0.03393745747446841
2012-12-11	1.6164845789054798	0.3163454305936172	0.17057563508930285	0.18213446316215331
2007-5-22	1.4339665713736347	0.5266657045843972	0.04274723533740299	-0.0033000382870306266
2008-5-29	1.4632108127222858	0.3552817825662159	0.0514347282078822	0.006518965791704634
2008-6-24	1.6250988780565787	0.3552817825662153	0.06672064650316822	0.037522948139912415
2012-3-22	1.4728750398602122	0.3163454305936171	0.10809135335125197	0.1047071127622925
2014-4-28	1.6992506874473405	0.3163454305936175	0.3733366221226746	0.4034738921621408
2009-9-10	1.289872830920738	0.32964018413199875	0.04120366324385527	0.02789149629919052
2010-10-22	1.2169566719148897	0.31634543059361736	0.03856502834759845	0.020920948340569234
2012-2-7	1.5079727913557237	0.31634543059361764	0.11127718806372866	0.11551606195954256
2013-10-30	1.5626985439732493	0.31634543059361797	0.2290661394404161	0.2290243393088851
2012-4-27	1.4712734596137313	0.3163454305936173	0.11081981370250205	0.10276661376334095
2014-2-28	1.6770352306661696	0.3163454305936174	0.32589175116814917	0.34706430348555184
2008-10-17	2.0649259170690346	0.35528178256621523	0.10591079268449843	0.10494791968755779
2007-8-7	1.2262323243751405	0.5262628205146352	0.02457646621185483	-0.0267609207302949
2011-9-28	1.4518549102797471	0.3163454305936174	0.09158270997048334	0.08966003121016497
2013-3-21	1.4677260105016796	0.3163454305936176	0.14827216866113924	0.14000392725995914
2010-8-25	1.384786739468253	0.32518811034382594	0.0627640698413261	0.05376114152608258
2006-8-24	3.8494742094901393	0.5266793893544524	0.15501294856550563	0.1210068045930297
2013-6-27	1.6721334164473929	0.3163454305936176	0.22762113992129973	0.24754995827435256
2007-5-17	1.454161746728805	0.5266657045843977	0.044370021231575185	-0.000514383565968668
2012-1-9	1.543279219811714	0.31634543059361775	0.11541384654614495	0.12350738163070663
2009-4-9	1.582743553869822	0.35508477871701677	0.07065018790365052	0.061524365957108085
2008-2-15	1.2237868702648513	0.44804420097420167	0.025979530775660953	-0.03081676358008245
2011-7-5	1.3006123340581974	0.3163454305936176	0.06031738038318757	0.04238362617062963
2010-11-15	1.245231838407161	0.3163454305936176	0.043738298930132036	0.024996932412101103
2015-8-27	1.1185996141780679	0.05354183910098952	0.3908369893355774	0.6015734570635376
2007-10-12	1.080196946370272	0.5001767970044805	0.009429962718344509	-0.0500541903188394
2010-9-30	1.337804833498962	0.31634543059361747	0.057007217665194565	0.04838092249945691
2007-11-29	1.2057706088479723	0.4991992839498181	0.023406030913232234	-0.03072904115070496
2011-3-11	1.2552065351793866	0.3163454305936174	0.0484367002991557	0.031077801300674723
2008-1-24	1.1952634951776069	0.4502465966079779	0.022735197494559545	-0.035884240363798114
2013-12-31	1.604364499404628	0.3163454305936177	0.26745786724367404	0.2714741701478163
2008-6-11	1.5521584851948587	0.3552817825662156	0.059932182529645495	0.02419772486145466
2012-10-22	1.5798210189764368	0.3163454305936177	0.15433482015367628	0.16042801688389896
2011-12-8	1.485436635036009	0.3163454305936176	0.10236584132983584	0.10317171866056274
2008-12-26	2.009238688856539	0.35528178256621573	0.10464454303249249	0.10550495643590962
2011-5-20	1.302175415667095	0.3163454305936176	0.058898018714253375	0.04126770060780083
2012-11-8	1.6224719023936762	0.3163454305936173	0.16665178502904765	0.17863332864133774
2011-12-1	1.4654768103545563	0.31634543059361747	0.09821299805032657	0.09647742849140739
2007-7-5	1.5252164297919468	0.5266657045843975	0.050975926116193726	0.007271599733906564
2008-4-9	1.4301740957496092	0.37589323108286155	0.04739957673425588	0.002565945149244575
2007-5-17	1.454161746728805	0.5266657045843977	0.044370021231575185	-0.000514383565968668
2011-6-8	1.3309627451493427	0.31634543059361725	0.06468111686581235	0.05019840663612296
2015-1-16	1.059510403528841	0.31634543059361764	0.06269225115263288	0.03670321329231996
2013-2-6	1.404440291718196	0.3163454305936175	0.1245625455684547	0.11078037036561761
2007-6-28	1.4458425310128735	0.5266657045843975	0.044278981342727564	-0.0029765323217835205
2012-4-23	1.4701599693655039	0.31634543059361764	0.11024453542196033	0.10474906421912245
2008-11-26	2.056127331033036	0.3552817825662151	0.10696560257154797	0.10578482871170292
2010-5-31	1.4340027726897473	0.3257828759009543	0.06668861026489936	0.05612374581352264
2012-6-27	1.5420489917484237	0.31634543059361786	0.13145521705797036	0.1304434959228562
2012-1-11	1.517049526664369	0.3163454305936175	0.11077204008464814	0.1158103399332222
2014-4-23	1.6715000681083638	0.3163454305936174	0.35647795653844905	0.3768895411257296
2008-12-15	1.9341901596367763	0.35528178256621645	0.09822056201662432	0.09582790176644962
2007-3-19	1.9925913533867874	0.5266793893544521	0.08162781716155498	0.04026125998357144
2015-10-21	1.0557603289095887	0.03835596853011406	0.3324693499478286	0.5254119807193043
2010-6-17	1.4431088884870455	0.32578287590095506	0.0684888660053129	0.05872355039146604
2012-3-12	1.4458242571081197	0.31634543059361775	0.10188344887199374	0.09610460379624342
2012-2-10	1.4747966902766845	0.3163454305936176	0.10517859683036956	0.10709950782418387
2010-1-5	1.2133496786742375	0.32578287590095384	0.03284729955724086	0.009069483112813526
2014-6-25	1.6991205001586491	0.31634543059361747	0.41981437248320064	0.4550787025002143
2007-12-4	1.2076461592698107	0.49919928394981794	0.023643240699979362	-0.030461169835937607
2010-11-9	1.1928715549228075	0.3163454305936178	0.034909298390108257	0.012792651945645606
2006-7-17	3.7023135795457263	0.5266793893544518	0.14843910383216685	0.11252323317102708
2008-8-14	1.756458731846457	0.3552817825662159	0.0793378081543541	0.06022532938423719
2013-3-27	1.478136444964478	0.3163454305936173	0.1521663716465944	0.14591020135895638
2015-11-4	1.0202939793170034	0.034030251543384175	0.14262684279924498	0.27060187666743274
2006-4-26	4.176285194998912	0.5266793893544522	0.15908876476648404	0.12963290368156444
2011-7-7	1.306561158080383	0.31634543059361775	0.061473464858890825	0.04399361341677732
2007-6-12	1.3965349235754625	0.5266657045843973	0.03982039237165047	-0.008192637915395373
2009-5-19	1.4250751440639866	0.3548123507504267	0.05499607129927231	0.04339793848198559
2008-5-19	1.3864233045884848	0.3584813036774571	0.04383104804700433	-0.0051937412808056305
2007-6-29	1.4678015256272114	0.5266657045843973	0.046145603789805145	-6.883319089101558e-05
2013-6-14	1.5639006168873548	0.3163454305936176	0.19230164281396656	0.19010049105482563
2014-5-20	1.7077889582863783	0.3163454305936174	0.39406535761866546	0.4293781045138805
2006-8-30	3.7749016885710507	0.5266793893544524	0.1528880465805087	0.11737421198396336
2014-4-10	1.630674771527189	0.3163454305936175	0.3287095894011445	0.33994546709687334
2011-1-14	1.296592541604607	0.31634543059361736	0.05377446599090985	0.04034654577202357
2011-4-14	1.244812226671319	0.31634543059361786	0.04756726933061883	0.02468143283452484
2008-6-13	1.5913759914725212	0.3552817825662161	0.06348691256194616	0.031390411005437935
2014-12-2	1.265950036884226	0.31634543059361736	0.2455534343170207	0.26443984630317985
2010-5-27	1.4080102952923585	0.32578287590095417	0.06307216362140822	0.050215015929869766
2009-12-9	1.2146185882148492	0.325782875900954	0.03261790840878187	0.00940571360615361
2008-7-11	1.5966721170154001	0.3552817825662156	0.06463259872670934	0.032911128141180024
2007-8-21	1.1714772221519185	0.526201829004398	0.01910782421777868	-0.03282164664349607
2012-11-19	1.6537386511370236	0.31634543059361747	0.17558995867640248	0.19267120559321493
2011-7-26	1.344167966628103	0.3163454305936177	0.06904352673188252	0.054178989089065155
2008-10-7	1.9059415740068852	0.35528178256621556	0.09330654232238311	0.08379721173055121
2007-8-27	1.127135720440212	0.5261827018214147	0.014444454616417746	-0.039002877255909896
2009-2-18	1.7008381789661398	0.3552817825662153	0.08046220142619442	0.0759761559825669
2011-7-21	1.3187744134463526	0.3163454305936174	0.0642461057540944	0.047632382527498685
2009-2-12	1.6794410377906244	0.3552817825662159	0.07827625830881901	0.07289847368712832
2011-5-24	1.3266890338623434	0.3163454305936176	0.0633422180015275	0.04841200031123272
2015-3-16	1.0423357438797556	0.31634543059361736	0.05395524898731474	0.019260754434909044
2010-8-20	1.3686693210211762	0.32518811034382594	0.06028113529821111	0.04984063009662232
2011-3-8	1.2422012614380173	0.3163454305936172	0.04608622421770048	0.025180037702682512
2011-10-21	1.4877608045433242	0.3163454305936174	0.09941044901808094	0.10156549550710481
2009-9-22	1.303426623725242	0.3296401841319986	0.04316140153398984	0.029702188771290938
2012-2-16	1.486657160298511	0.3163454305936176	0.10794003273361952	0.10730156318087758
2011-5-19	1.302457658049183	0.3163454305936174	0.05891176578515167	0.04131187214054166
2012-12-3	1.6848455643334008	0.3163454305936176	0.18513671684342436	0.20737701125089125
2015-10-27	1.0249721261951676	0.057438866035900656	0.15361768777256568	0.30512138492931973
2010-6-2	1.4388185994245202	0.3257828759009543	0.06739762154230622	0.05725845187901357
2011-5-19	1.302457658049183	0.3163454305936174	0.05891176578515167	0.04131187214054166
2009-12-15	1.2084003343962846	0.3257828759009543	0.03183105946170284	0.008080977029521152
2011-6-3	1.3370966184439852	0.31634543059361764	0.06555164064777652	0.05175341733523675
2009-10-21	1.2323112324812155	0.32578287590095434	0.03431243773733206	0.017959876458057078
2006-11-7	3.309019480895892	0.5266793893544519	0.13975235472430714	0.10444375093621949
2009-3-25	1.6552578274700966	0.355281782566216	0.0773144743328309	0.06858443503129075
2006-11-13	3.3665453982811657	0.5266793893544526	0.1421745351078747	0.10790720396008502
2014-3-11	1.710529908515549	0.3163454305936179	0.3468530239843941	0.37864687627082083
2011-5-31	1.3330915060887294	0.31634543059361775	0.064733249470593	0.05049351296591831
2015-6-29	0.9436828751711804	0.19536169907199258	-0.10918050941636004	-0.19403485323281533
2007-4-18	1.6337151209808023	0.5266793893544521	0.05801410444924704	0.015004638479703347
2010-12-28	1.309268927629667	0.31634543059361747	0.05531023483939701	0.043146403469678685
2014-3-21	1.6857142153036977	0.3163454305936173	0.34196428910171894	0.3672778290826131
2010-7-7	1.4971510536687507	0.3257828759009534	0.07639083358575105	0.07117667205668865
2008-1-25	1.1887619655235404	0.44994214693553297	0.022040071467838596	-0.03710380901794674
2015-7-6	0.9707394610976549	0.16575340510290204	-0.059729683676330914	-0.11885127617199809
2015-6-30	0.9081792881561206	0.19441195837244749	-0.17564673952829035	-0.29336015892714284
2008-3-27	1.4160978914267575	0.37589323108286193	0.04584339818279304	0.0004445370919745617
2010-2-5	1.3123759795395415	0.3257828759009543	0.047163566851434524	0.0303805525926224
2007-6-12	1.3965349235754625	0.5266657045843973	0.03982039237165047	-0.008192637915395373
2007-7-2	1.4692915340173343	0.526665704584398	0.046316154917535046	0.00013206268155685486
2011-12-26	1.5570301133677737	0.3163454305936178	0.11671642157464879	0.1261735761631977
2007-5-21	1.4441763734363333	0.526665704584397	0.043592562265339474	-0.002125062433559144
2006-12-14	2.7560239797095964	0.5266793893544521	0.11858366072518711	0.08251189303927209
2013-1-15	1.4559649217712545	0.3163454305936173	0.13564152488715187	0.13384808930752223
2008-10-30	2.163843771089787	0.3552817825662159	0.11371155888781614	0.11741333651722896
2008-8-27	1.8033758884756823	0.3552817825662164	0.08362101679615552	0.06771313042659388
2010-11-17	1.2952368960079945	0.3163454305936175	0.05184707126645294	0.03828061637999869
2011-5-9	1.300525590470974	0.3163454305936171	0.058215885959794544	0.04040920216020538
2009-6-1	1.4122326769291105	0.3546869410107438	0.05385111755991856	0.042622114103262776
2015-11-27	1.0329877402658707	0.01336302285449806	0.4480148020657593	0.8941552732337215
2015-2-2	1.1203216614562785	0.31634543059361775	0.13390338905805077	0.1353588931249119
2014-3-7	1.6817361166647926	0.3163454305936177	0.33190650393647614	0.35495733405713037
2010-2-22	1.292254728673203	0.3257828759009537	0.04478561667965808	0.026208849378145826
2011-3-7	1.2429927559355254	0.3163454305936174	0.04619776361712935	0.025353581851503604
2013-11-22	1.5675585147384021	0.3163454305936175	0.23852019865324103	0.23897932056797022
2006-12-22	2.6447764758407595	0.5266793893544521	0.11379144650418582	0.07890097710695532
2010-8-19	1.3474531564885186	0.32518811034382633	0.057166163302253326	0.046005981011751684
2007-12-25	1.1514316279180086	0.49919928394981794	0.017745223000600996	-0.039966744474666305
2011-5-17	1.3036987991428877	0.3163454305936174	0.05905813268044935	0.04159507932765805
2008-3-19	1.3848600141125982	0.3758932310828617	0.042718900172521	-0.004256180299146983
2006-8-28	3.7901426258009967	0.5266793893544522	0.15328914496471224	0.11809082594727016
2015-3-13	1.063811123711402	0.3163454305936174	0.08067736815875781	0.05025333382841812
2011-2-16	1.256171624278286	0.3163454305936173	0.04796045403685767	0.030594430850024557
2008-10-27	2.198997920464371	0.35528178256621473	0.11607803829081176	0.12127177024200897
2015-4-28	0.8660593689266483	0.27406163732808475	-0.1928416106636054	-0.2917131315798581
2009-9-14	1.258637471229074	0.32964018413199847	0.03722865382393725	0.021358787684489178
2007-7-10	1.4647257961025226	0.5266657045843978	0.046054514720135886	-0.0004302042221693281
2008-11-21	2.006503113061568	0.3552817825662162	0.102950715388759	0.09920384460529585
2014-8-22	1.5679080662741536	0.31634543059361775	0.39417029058275044	0.40891972311808833
2009-11-5	1.217814460504015	0.32578287590095484	0.03255710811870949	0.013487283030542585
2014-6-12	1.688804769554704	0.31634543059361764	0.40287944058494873	0.4338892312367999
2009-2-13	1.6405342846838151	0.3552817825662153	0.07463951113566791	0.06760170090138296
2009-6-5	1.373179695890803	0.35453636204581623	0.04945424261307574	0.03827110196533945
2013-9-24	1.538857408194981	0.3163454305936175	0.20982020582071392	0.20997428147682573
2007-1-17	2.2661836109491067	0.5266793893544525	0.09567711711043492	0.05603265461854967
2008-1-11	1.100296168332942	0.4908765878779358	0.012064800616093718	-0.05078622295587565
2011-9-9	1.4069439951464184	0.31634543059361747	0.08250058514281955	0.07536052736117638
2014-10-30	1.4952520885079306	0.3163454305936176	0.4126964468283223	0.4357397901493416
2012-7-25	1.5743626218849036	0.3163454305936171	0.14146513967646768	0.14558902813862273
2015-2-26	1.0771806292849622	0.3163454305936174	0.09273310927497569	0.0657558905365958
2008-2-13	1.2234833367443516	0.448022611833052	0.02592893329782542	-0.03086650765018495
2014-10-14	1.5053434773690249	0.31634543059361775	0.4028869210562407	0.4277346556003929
2010-3-19	1.27711280702594	0.3257828759009539	0.043199683612562545	0.02323681341181638
2006-10-16	3.58853554274929	0.526679389354452	0.14884980295834893	0.11172941319705387
2013-3-5	1.4654918809571045	0.3163454305936175	0.14518731239293547	0.1364794130148177
2010-3-29	1.2599966152539606	0.32578287590095406	0.040966732941245754	0.019897908210488202
2013-12-25	1.6149388658550081	0.3163454305936173	0.2691438818090863	0.27578274963446403
2009-6-10	1.3539477303807832	0.35451142650814527	0.04730457734726756	0.03566926088041744
2008-11-6	2.202555652827927	0.35528178256621445	0.11680047580253827	0.12222885339332001
2012-4-9	1.5055347648060182	0.3163454305936178	0.11615411100479012	0.1165804641938264
2015-7-20	0.9472423962359408	0.15976156153087365	-0.11495595021914551	-0.2030686661969593
2015-5-26	0.8121910152040908	0.2910475340613339	-0.29523786550035136	-0.41968934979721073
2007-11-2	1.1203798503799065	0.4991992839498177	0.014024502803442473	-0.04489497998406233
2014-3-14	1.7033570013759431	0.3163454305936177	0.3455366497354422	0.37553084543610615
2007-6-7	1.4513368785654217	0.5266657045843974	0.04443747124845987	-0.001246995234209014
2009-8-28	1.3202169423397598	0.32964018413199925	0.04479250813256419	0.03381480626397959
2008-3-19	1.3848600141125982	0.3758932310828617	0.042718900172521	-0.004256180299146983
2008-9-10	1.8861719159593935	0.35528178256621545	0.09076104494356896	0.08007343827277658
2011-3-14	1.2511238583192672	0.31634543059361775	0.047809842968248084	0.030105984849787548
2009-2-27	1.7712769522439618	0.35528178256621545	0.08719617937455149	0.08595399783601199
2010-3-8	1.2792846223968983	0.3257828759009547	0.04327586697447772	0.023526558862845492
2015-7-24	0.9447212280260182	0.16199792937952678	-0.1231034506181734	-0.2144849472974899
2009-7-9	1.207838572518218	0.3345567731964374	0.02958478931342623	0.015909407498707617
2007-11-16	1.1814080101244493	0.4991992839498181	0.02073413050886308	-0.034601001184620395
2010-11-24	1.2769118763443628	0.31634543059361736	0.0491110480620538	0.0336948161695958
2010-11-10	1.1986458613525248	0.31634543059361786	0.03590157479995826	0.014195318606326168
2008-2-4	1.20511884013374	0.4472148180379468	0.023886020444823908	-0.03413206691546711
2006-12-21	2.6391498549303374	0.526679389354452	0.11349229589595389	0.07803829586244682
2009-7-16	1.2029337799116713	0.3296401841319991	0.029025322109055285	0.011180866637493292
2012-3-13	1.4358404827410316	0.3163454305936173	0.09995157209474259	0.09329487952280013
2011-8-24	1.3897859726498427	0.3163454305936174	0.078590071578029	0.06935232842413042
2012-6-13	1.4957841696357757	0.31634543059361764	0.12027713414280994	0.11216367586960496
2015-8-14	0.9660135103910344	0.1431109009305078	-0.0880065100480718	-0.19108363754898683
2006-11-2	3.401052349488825	0.5266793893544522	0.14294669214065703	0.10721668990509436
2011-7-15	1.2985166204485303	0.31634543059361747	0.06031547439773943	0.042171733126543876
2012-2-28	1.4340971475700117	0.31634543059361786	0.09855617740687617	0.09430558757829788
2010-9-10	1.3346964796068779	0.31634543059361747	0.05593880199410828	0.048072708425379806
2009-12-21	1.2487767442808602	0.32578287590095434	0.037564216478434664	0.017097507978158566
2009-11-4	1.2207655056956594	0.3257828759009551	0.032948584378861945	0.013977974558576411
2008-6-6	1.4795053371422322	0.3552817825662156	0.05312762474747612	0.009981708807791145
2010-12-22	1.2668932357749076	0.3163454305936175	0.04823419549169672	0.03174632262975563
2008-8-6	1.6613219875877805	0.35528178256621623	0.07100390867186812	0.04470889581114901
2010-11-19	1.2766010852677623	0.3163454305936175	0.04892633696047066	0.03348833055667466
2011-1-13	1.2842046560288314	0.31634543059361764	0.05170710577731019	0.037004105687459266
2008-4-24	1.4093201883702364	0.37589323108286216	0.045658447998852436	-0.0004360327961112631
2010-12-21	1.2589734222503721	0.3163454305936173	0.04689987996483258	0.029567687577131574
2012-2-16	1.486657160298511	0.3163454305936176	0.10794003273361952	0.10730156318087758
2008-11-19	1.9868934817869368	0.35528178256621507	0.10134560313446328	0.09653949000851147
2015-7-28	1.006128405615804	0.14458185866827122	0.014586144880198049	-0.030338512063470047
2010-8-23	1.3670276511854331	0.32518811034382594	0.06013872592591252	0.05006396818365566
2007-6-26	1.4243579425239101	0.5266657045843977	0.04241549423650581	-0.005068368468403972
2013-6-6	1.5237479550495372	0.3163454305936177	0.17849652468421584	0.1676901799176358
2012-5-21	1.4890357975967672	0.3163454305936173	0.1166570167443024	0.10931584577716436
2014-7-21	1.678925408888159	0.31634543059361736	0.4326924389949496	0.4666366176401575
2014-3-17	1.6934724016449492	0.31634543059361725	0.342992671169698	0.3702654403624095
2013-9-27	1.5632878100888876	0.3163454305936176	0.21914721988604602	0.2217209588212159
2006-12-15	2.717854742527013	0.526679389354452	0.11689797741862651	0.08050417124738085
2010-5-21	1.4356756599575595	0.3257828759009535	0.06657401235009308	0.056145987809795406
2012-4-12	1.478619745175942	0.31634543059361736	0.1110176565810923	0.10795141281543907
2010-3-24	1.2817354636244953	0.32578287590095467	0.04395795667522351	0.02422167166830569
2015-5-4	0.8602394515005892	0.2740616373280846	-0.20539572151013297	-0.3080698170773739
2009-1-9	1.97397453378211	0.35528178256621584	0.10244626862918826	0.10140244991649872
2011-7-6	1.303108305893178	0.31634543059361764	0.060808698462724964	0.04306532624271142
2010-4-23	1.322783714220093	0.3257828759009543	0.05041286452289162	0.02941609645540688
2011-10-12	1.4401234149948157	0.3163454305936178	0.09035315124227639	0.08715359148195989
2011-8-30	1.3803683617963227	0.3163454305936177	0.07720839808567326	0.0668574042796295
2015-12-25	0.9861615314107179	0	-0.7196114744542401	-0.8400483522592739
2010-12-16	1.263483061861863	0.31634543059361747	0.047512559101798635	0.030675172779194737
2009-7-28	1.159314288970587	0.3296401841319983	0.02327634704718884	0.0002508255258408809
2007-7-6	1.480603042461797	0.5266657045843972	0.047323215339860614	0.0016282977632038342
2007-7-10	1.4647257961025226	0.5266657045843978	0.046054514720135886	-0.0004302042221693281
2015-11-9	0.9799919041059941	0.05130442508989988	-0.13717213572525777	-0.13991644763559463
2006-11-17	3.203279653419398	0.5266793893544521	0.13614745964127262	0.1011603035301778
2013-4-12	1.5211262892385697	0.31634543059361747	0.16706265410751775	0.1689756667797695
2009-6-15	1.3586562744111443	0.3545033176667117	0.04796186445244954	0.036990171641496206
2008-9-22	1.8545913665445026	0.35528178256621606	0.08865861238140615	0.07605681272892961
2008-5-16	1.3811103693494382	0.3609396778817282	0.04325730415240603	-0.005920813489340038
2008-5-29	1.4632108127222858	0.3552817825662159	0.0514347282078822	0.006518965791704634
2009-6-26	1.2893145585139651	0.33522836873611045	0.03979122477008756	0.02871847591418053
2006-4-26	4.176285194998912	0.5266793893544522	0.15908876476648404	0.12963290368156444
2009-8-19	1.3292295534131398	0.32964018413199786	0.04573242659488552	0.03540939835227941
2015-1-9	1.0776866155980582	0.3163454305936176	0.08019495042442037	0.06260486070222049
2013-8-13	1.5625201559875206	0.3163454305936176	0.20643802361416808	0.2168065729860631
2012-10-16	1.598268720391225	0.3163454305936175	0.15767358060956038	0.16634003058997937
2007-12-28	1.1337890499178662	0.4990314696825179	0.015803105434622156	-0.042762023329833254
2013-6-13	1.5703889314430395	0.3163454305936177	0.19401662528481411	0.1931497963783293
2015-12-18	0.9990836999899209	0	-0.029960453445100677	-0.05182714132745292
2010-2-3	1.2932267100304327	0.32578287590095434	0.04451512852955419	0.026116212432606867
2012-11-26	1.6531889688914694	0.31634543059361736	0.17664413603775486	0.1938669534252513
2014-10-9	1.4904550357167246	0.3163454305936176	0.3862503960747625	0.40542915816182057
2012-3-13	1.4358404827410316	0.3163454305936173	0.09995157209474259	0.09329487952280013
2008-5-14	1.3717101130625882	0.36528931636391454	0.04229222667531851	-0.007221907844369824
2009-7-2	1.2432486186078289	0.32987959773508424	0.03408582671156002	0.021212823513610868
2010-8-5	1.3989360181758776	0.3257828759009539	0.0641084961674554	0.05266727722369047
2010-11-4	1.2031712265418335	0.3163454305936172	0.036542695333760866	0.015199463456474938
2012-8-16	1.589853395957592	0.3163454305936176	0.1474989687005659	0.15427841260224096
2009-8-7	1.204125130560184	0.3296401841319994	0.029462044053973457	0.008876633966803604
