2010-7-21	1.4405222019106003	0.3257828759009534	0.06934825873093908	0.059431517003705414
2012-11-8	1.6224719023936762	0.3163454305936173	0.16665178502904765	0.17863332864133774
2010-3-5	1.285550071956402	0.3257828759009547	0.044089286589978904	0.024912715392060525
2015-12-22	0.9794162373916546	0	-0.661928001056712	-0.7915823982100256
2006-9-27	3.6769111078527037	0.5266793893544518	0.15097392785614794	0.11515292974028024
2008-12-10	1.856650690650685	0.3552817825662158	0.09167120250840832	0.08641108511851736
2010-12-14	1.2545916891211712	0.3163454305936178	0.04599417443443832	0.028204218974553275
2014-2-7	1.6541282580080132	0.31634543059361714	0.3050282982651693	0.32417091891992733
2007-1-5	2.4481549581070863	0.5266793893544524	0.1047657018856809	0.068569255051939
2014-6-17	1.681539208044247	0.3163454305936175	0.4031774509889845	0.4314730797488824
2012-2-7	1.5079727913557237	0.31634543059361764	0.11127718806372866	0.11551606195954256
2013-1-28	1.443064581684633	0.31634543059361747	0.1339421448369713	0.12731060222754986
2006-4-21	4.213491096986938	0.526679389354452	0.1599075757653572	0.13010245831259337
2009-12-21	1.2487767442808602	0.32578287590095434	0.037564216478434664	0.017097507978158566
2011-10-12	1.4401234149948157	0.3163454305936178	0.09035315124227639	0.08715359148195989
2007-3-12	2.03636215824004	0.5266793893544515	0.08411491891895317	0.04211013503605754
2013-1-30	1.4306607857616045	0.3163454305936173	0.13085335163107548	0.1222346987990155
2009-3-25	1.6552578274700966	0.355281782566216	0.0773144743328309	0.06858443503129075
2010-6-9	1.4309301029042412	0.3257828759009557	0.0665824719210919	0.055772991622182744
2013-11-29	1.5576344737607253	0.3163454305936173	0.23718348223320485	0.23136474325796796
2015-3-5	1.092015620170345	0.31634543059361725	0.11344129926561441	0.09347125398162937
2009-8-6	1.1792963183832021	0.3296401841319986	0.026103301124873912	0.004165232931571117
2014-7-1	1.6841110171208042	0.3163454305936178	0.4168647956718492	0.4469811524292593
2010-7-22	1.4298734893788396	0.3257828759009541	0.06792709608131031	0.05707351218259071
2010-8-16	1.3586484839343922	0.3251881103438261	0.05870548470460246	0.04814314174262879
2007-12-26	1.145044790599691	0.4991992839498178	0.01704516728891292	-0.04108156347012526
2010-4-8	1.2791523248960075	0.3257828759009547	0.04391249742205128	0.02062065266127222
2009-8-5	1.1623100039207916	0.3296401841319991	0.023769510303470964	0.000872119854433695
2008-10-8	1.948606696849513	0.35528178256621645	0.09669770120462062	0.08963119781060147
2015-1-13	1.0845284120068484	0.3163454305936176	0.08830659186728829	0.07365826314278445
2007-12-18	1.207161584771614	0.49919928394981805	0.02370629646733602	-0.030621681508351983
2008-6-23	1.6429575474889113	0.3552817825662154	0.06824686388337264	0.04054439729367454
2014-1-10	1.6584179783764132	0.3163454305936175	0.2932511746980344	0.3120532355501653
2007-6-13	1.3772376779777378	0.5266657045843978	0.03814268463450787	-0.0105299069283451
2007-5-17	1.454161746728805	0.5266657045843977	0.044370021231575185	-0.000514383565968668
2015-9-21	1.0970243971001699	0.05354183910098962	0.40692894952743464	0.6060199061984362
2013-2-18	1.4177810019481392	0.3163454305936174	0.12980922274317552	0.11754823504156309
2009-2-13	1.6405342846838151	0.3552817825662153	0.07463951113566791	0.06760170090138296
2010-1-5	1.2133496786742375	0.32578287590095384	0.03284729955724086	0.009069483112813526
2006-7-4	3.6257373336459597	0.5266793893544521	0.14531858970105982	0.10882015407014212
2012-11-5	1.5979512329743626	0.31634543059361747	0.16055445328464035	0.1688676919362344
2009-8-5	1.1623100039207916	0.3296401841319991	0.023769510303470964	0.000872119854433695
2012-11-20	1.6583939631631281	0.31634543059361736	0.17682197722030546	0.19464565911921383
2011-12-2	1.4743799931463164	0.31634543059361775	0.09991510888752986	0.09930106966357255
2007-10-8	1.0913914577467871	0.4991992839498177	0.01068265806394919	-0.04828342663402385
2015-2-3	1.103689945352101	0.31634543059361775	0.11566939859043046	0.1052345806198145
2009-1-16	1.9161628310700498	0.35528178256621423	0.09803894138183078	0.09588562270821566
2010-12-7	1.2709396075392765	0.31634543059361736	0.048493632786580365	0.03244494639089823
2007-8-30	1.1296871223582803	0.5063209186166197	0.014733964073196493	-0.03899837277054119
2012-9-18	1.6246696686072764	0.31634543059361764	0.15949366595262693	0.17202924495612426
2011-7-12	1.3196754183477637	0.31634543059361775	0.0640431209170611	0.04753465829140002
2006-10-19	3.5264319358768046	0.5266793893544519	0.14681400980232207	0.11007177206571539
2006-7-10	3.623399781747251	0.526679389354452	0.1455102211852084	0.10892674550726777
2008-6-19	1.6480721400144946	0.3552817825662149	0.06858515773767038	0.04132220781280127
2009-8-27	1.2919343279299316	0.3296401841320002	0.0412115790570049	0.02805970416279524
2013-5-6	1.4970965545100472	0.3163454305936173	0.16452576396159935	0.16222452949211186
2014-5-12	1.6775842757826358	0.3163454305936174	0.37277800771811576	0.3967030030054637
2007-1-25	2.1293365145324405	0.526679389354452	0.08830664064439286	0.04904875054651936
2013-10-28	1.5793045814536963	0.31634543059361736	0.23442500907376762	0.23827185085851665
2008-5-21	1.4220298608637347	0.35528178256621645	0.04734701203509162	-0.0007372078488108169
2015-12-3	1.0004055240836531	0.013363022854498207	0.005708009209446807	0.04813185847738799
2014-7-10	1.6957385077540361	0.3163454305936176	0.4318439942521701	0.46598022363489244
2012-8-8	1.56218688297863	0.31634543059361714	0.14056060906864443	0.14312692446061703
2011-5-25	1.3363068219333716	0.3163454305936173	0.0650522394711186	0.0511635234497696
2015-3-3	1.089555415821452	0.3163454305936173	0.10960765901105618	0.08845822131679837
2010-4-21	1.3120916420928699	0.325782875900954	0.048866867011224	0.02676426145921873
2010-11-5	1.1936661680729603	0.3163454305936176	0.034967542891442216	0.012941451212925115
2007-10-22	1.1160545315679913	0.49919928394981755	0.01349387705286409	-0.04472817432120657
2012-12-7	1.6207710762128194	0.3163454305936176	0.17092845561689263	0.1834405806008801
2011-6-14	1.33487457091815	0.3163454305936176	0.06561030923635292	0.051547322484410074
2014-11-24	1.3647932802395752	0.3163454305936178	0.32815427319922263	0.3770685006082335
2007-9-13	1.108176101807989	0.5062826648833136	0.01245432285016923	-0.041549687089539544
2012-2-2	1.4977109515734506	0.31634543059361747	0.10892629136346499	0.11182774415756502
2010-1-28	1.299277543934456	0.32578287590095467	0.04521258425605157	0.027343638862323827
2012-8-7	1.5625964354245732	0.3163454305936178	0.1405276153848054	0.14313345604078598
2012-5-2	1.449371349435466	0.3163454305936176	0.10671262819242044	0.0966809016094563
2010-11-4	1.2031712265418335	0.3163454305936172	0.036542695333760866	0.015199463456474938
2007-12-26	1.145044790599691	0.4991992839498178	0.01704516728891292	-0.04108156347012526
2015-3-20	1.002570066082574	0.31634543059361736	0.0033042877448623553	-0.042944754189629064
2015-9-18	1.1085748858710147	0.053541839100989745	0.44606764146321365	0.6853753156306939
2012-6-5	1.5033993836641244	0.31634543059361797	0.12109047775452475	0.1140831128323494
2013-10-10	1.5530212375315806	0.3163454305936175	0.21940462632775093	0.2178149067818942
2009-12-7	1.1881776838543718	0.3257828759009539	0.028846354741629332	0.004139164339460155
2008-4-16	1.4793913733690538	0.3758932310828614	0.05212921736150178	0.009630484376108805
2010-11-24	1.2769118763443628	0.31634543059361736	0.0491110480620538	0.0336948161695958
2012-4-10	1.4965486381224105	0.31634543059361736	0.1144497655103367	0.11372543088964115
2013-12-30	1.6171614190885708	0.3163454305936177	0.2720959318973335	0.2794874647397865
2013-9-27	1.5632878100888876	0.3163454305936176	0.21914721988604602	0.2217209588212159
2011-11-24	1.4639388549673673	0.3163454305936177	0.09745050164636204	0.09545692517615167
2012-7-10	1.5567830247759629	0.3163454305936175	0.13599774151634225	0.13731960680743827
2010-7-19	1.4616167767010524	0.3257828759009536	0.07213255620968972	0.06402503622678068
2010-12-30	1.3041675294304635	0.31634543059361736	0.05454878737252078	0.041886306924727945
2010-3-11	1.2813789855116784	0.3257828759009542	0.04363246484544492	0.024069360167179532
2015-7-3	0.9878978156717536	0.1658365025284463	-0.024522496729900922	-0.06401128339297024
2013-2-18	1.4177810019481392	0.3163454305936174	0.12980922274317552	0.11754823504156309
2009-8-7	1.204125130560184	0.3296401841319994	0.029462044053973457	0.008876633966803604
2012-11-23	1.6453874141240512	0.3163454305936174	0.17434247117288537	0.19029870392549242
2015-5-29	0.8542713370786371	0.292941947121529	-0.23558474636953397	-0.3495563938852704
2008-6-26	1.5903058152394123	0.3552817825662142	0.06370205581224475	0.03145908139236919
2012-12-13	1.6250266354390388	0.31634543059361764	0.17293675740476355	0.18523234580392356
2006-12-27	2.553076492689522	0.526679389354452	0.10962008020287195	0.073651577532033
2011-1-10	1.292609685199565	0.3163454305936174	0.05300071874537804	0.03915413347620089
2014-6-17	1.681539208044247	0.3163454305936175	0.4031774509889845	0.4314730797488824
2014-12-15	1.175794779215314	0.31634543059361747	0.1687820391756556	0.16255485447333506
2015-3-23	0.9842875239387725	0.31634543059361725	-0.02036133556035591	-0.06818409372647893
2009-3-3	1.7703176210719738	0.35528178256621534	0.0872558062879949	0.08597405550640702
2013-1-8	1.4848663294471276	0.31634543059361725	0.14223792880472885	0.14347623498482842
2012-5-3	1.4463459571132815	0.3163454305936176	0.10616455002667724	0.09586101135567904
2008-8-7	1.6616403458742792	0.3552817825662168	0.07105886230224057	0.04479075218599826
2009-9-10	1.289872830920738	0.32964018413199875	0.04120366324385527	0.02789149629919052
2015-7-31	1.0051223365532627	0.1445818586682714	0.01242678157260646	-0.034369303119055616
2007-8-21	1.1714772221519185	0.526201829004398	0.01910782421777868	-0.03282164664349607
2015-1-5	1.0584884240264336	0.3163454305936178	0.05966551733517167	0.03370155762219329
2006-11-28	3.063776307637261	0.5266793893544518	0.13107448839707891	0.09533517354307808
2015-1-7	1.057987373922675	0.3163454305936177	0.05949612704148444	0.03323980341749033
2014-9-16	1.5481488888777748	0.3163454305936175	0.4051479595900245	0.423951654262954
2015-7-24	0.9447212280260182	0.16199792937952678	-0.1231034506181734	-0.2144849472974899
2006-9-7	3.7921093589287165	0.5266793893544518	0.15383726795739427	0.11823333580522766
2015-12-18	0.9990836999899209	0	-0.029960453445100677	-0.05182714132745292
2012-7-2	1.5352763660707773	0.31634543059361714	0.13057783661721034	0.128611272274189
2011-7-21	1.3187744134463526	0.3163454305936174	0.0642461057540944	0.047632382527498685
2012-9-4	1.6390324197786064	0.31634543059361725	0.16058646346896355	0.174788254111097
2013-2-8	1.405793102415956	0.3163454305936176	0.12518816513900166	0.11157331361158285
2015-5-13	0.8704673592086795	0.27406163732808436	-0.19760202866204302	-0.302003296270576
2011-7-20	1.3092132067363969	0.31634543059361747	0.062465210399394566	0.045121012724863574
2007-7-2	1.4692915340173343	0.526665704584398	0.046316154917535046	0.00013206268155685486
2012-2-1	1.5190757954344454	0.31634543059361736	0.11287051724488273	0.11838876476389415
2007-3-20	1.9811421687887234	0.5266793893544524	0.08094490479482319	0.0396808412292422
2008-7-10	1.5914786610670277	0.3552817825662153	0.06414418520895837	0.03195592761943544
2007-7-6	1.480603042461797	0.5266657045843972	0.047323215339860614	0.0016282977632038342
2012-6-8	1.5150603093101753	0.3163454305936178	0.12382365376678828	0.1186212395735633
2012-10-11	1.5965926936703572	0.31634543059361736	0.15657458792408407	0.1648875732680828
2010-7-28	1.3965238112922893	0.325782875900954	0.06350297731202703	0.051573773573918125
2011-3-17	1.2797378723691821	0.31634543059361764	0.05285350699293856	0.034551300414136676
2006-6-15	3.8181164579931526	0.5266793893544519	0.15068702999498407	0.11907500847345598
2015-8-12	0.9755452380581803	0.13465591200393479	-0.06294562989254038	-0.15779763681608205
2006-5-29	3.6694616499882304	0.5266793893544516	0.14515201511815468	0.1113685251553942
2010-1-27	1.3012892667975544	0.3257828759009534	0.04546424226895396	0.02776437906080864
2012-11-14	1.6320595269880904	0.3163454305936174	0.16980329548728834	0.1834282984028841
2012-6-1	1.4738582017607356	0.3163454305936175	0.1144995212044555	0.1048577751705575
2011-3-17	1.2797378723691821	0.31634543059361764	0.05285350699293856	0.034551300414136676
2011-1-26	1.3263470381816604	0.31634543059361747	0.05900940047207359	0.04854709316293104
2009-2-3	1.817498787700871	0.3552817825662151	0.09039176388354497	0.08744001781079414
2008-5-20	1.4386839389468584	0.3552817825662162	0.048932457207292	0.0017964072247915741
2012-9-26	1.6471597643556812	0.3163454305936177	0.16555742433327114	0.18151602169711167
2013-6-18	1.563045622238673	0.3163454305936174	0.19295208900603744	0.19061340540785165
2006-12-14	2.7560239797095964	0.5266793893544521	0.11858366072518711	0.08251189303927209
2007-9-5	1.1052392601353505	0.5117148599580206	0.012098472563764506	-0.041728127406114646
2013-8-23	1.6036385638672097	0.3163454305936175	0.22251424139319176	0.23581258269181582
2014-6-16	1.6696849647707674	0.3163454305936174	0.3958904860082342	0.4211223595591751
2010-5-4	1.364750003545664	0.32578287590095467	0.05650455039808433	0.039623313516839787
2010-4-27	1.342323256545309	0.3257828759009547	0.05322968749365575	0.03418339254200409
2007-1-22	2.1069374964875163	0.5266793893544519	0.08693545452987972	0.04717749774097779
2013-9-26	1.5689527658646707	0.31634543059361736	0.22080858737283227	0.22381000548284757
2006-4-24	4.203641700868637	0.5266793893544517	0.15977335553697847	0.13087761253201702
2010-8-26	1.3845551510384935	0.325188110343826	0.06276397521853716	0.053299885429343385
2013-12-2	1.5665976726142647	0.31634543059361725	0.24165789384301206	0.2373217791222575
2011-8-29	1.3772415121716985	0.3163454305936176	0.07659469407641284	0.06585794842114634
2015-7-13	0.9406585318511725	0.16560168856882385	-0.12376740195101699	-0.21651262134180538
2009-1-19	1.8921936560662327	0.3552817825662155	0.09617192188615609	0.09425125262402823
2014-9-23	1.5434186642628416	0.3163454305936178	0.40899781691666615	0.4265529331412674
2012-5-28	1.481168563709831	0.31634543059361764	0.1156676430337149	0.10667096568085177
2010-6-21	1.4311479495009254	0.32578287590095545	0.06702097600579626	0.056214961951997156
2007-4-19	1.691452154650504	0.526679389354452	0.06226437946586416	0.020599038128815472
2011-4-19	1.2598380325234446	0.3163454305936174	0.05038806624661296	0.02854959644322541
2008-3-28	1.378238685169672	0.37589323108286177	0.04221355134992644	-0.005232334749039946
2012-11-22	1.652393204462018	0.3163454305936175	0.1757854564556527	0.19277557875301543
2012-3-5	1.4428921334002933	0.3163454305936173	0.10076149353127195	0.09470484249316158
2010-5-17	1.4530304155988594	0.32578287590095417	0.06872176169778088	0.0597449977102833
2009-9-15	1.256176394217067	0.32964018413199975	0.03692247754734512	0.020912989670107907
2011-1-17	1.327763616090569	0.31634543059361736	0.058935335282553014	0.04858992426604036
2012-11-22	1.652393204462018	0.3163454305936175	0.1757854564556527	0.19277557875301543
2013-8-16	1.5958228371230896	0.31634543059361747	0.21801459762676934	0.22979910800803216
2012-11-12	1.619569967819044	0.31634543059361764	0.16661412216673055	0.17823252252185973
2007-9-3	1.096153373873902	0.5091805484930902	0.011087537440289452	-0.04289430526677773
2014-7-22	1.6669665379675362	0.3163454305936173	0.4265665048572995	0.45539716933335606
2013-6-17	1.568783013810095	0.3163454305936176	0.1944502197562814	0.19329610996864144
2013-1-18	1.4651352046566706	0.3163454305936176	0.1384691504971427	0.13430751240143124
2007-12-6	1.1861991901176863	0.49919928394981794	0.021388615179242843	-0.03395377136613953
2012-9-11	1.5921216248387673	0.3163454305936176	0.1514109064598408	0.15904011518257533
2007-5-11	1.4736807972769612	0.5266657045843971	0.045896392825922616	0.0018392866466352409
2006-10-26	3.460240947991637	0.5266793893544522	0.1447770741930936	0.1089182485390181
2009-3-20	1.6563615877411024	0.35528178256621573	0.07725830384984289	0.06985857592772193
2010-6-18	1.458087263187443	0.3257828759009542	0.07051941048817234	0.062034535169509075
2009-9-9	1.2820398180740011	0.3296401841319993	0.04018029915535637	0.02624016924624728
2010-6-17	1.4431088884870455	0.32578287590095506	0.0684888660053129	0.05872355039146604
2007-9-7	1.1133442739167587	0.5156494741302486	0.012996229141530646	-0.040273493742301936
2009-12-10	1.2099307145978966	0.32578287590095373	0.03197360556726103	0.008346507958185034
2013-10-24	1.5656300210520486	0.31634543059361736	0.22821185991304094	0.22874555480412795
2013-11-18	1.5537353147754467	0.31634543059361747	0.23196969253076904	0.23011394315154043
2014-7-17	1.688877987667989	0.31634543059361764	0.4346375983262316	0.46670882939681757
2014-4-28	1.6992506874473405	0.3163454305936175	0.3733366221226746	0.4034738921621408
2013-12-2	1.5665976726142647	0.31634543059361725	0.24165789384301206	0.2373217791222575
2009-4-23	1.534645537277187	0.3550177551853035	0.06613838603626698	0.057182610793521826
2008-12-30	2.0282701657993183	0.35528178256621634	0.10630560995008653	0.10813138422806401
2008-1-23	1.202145318095679	0.4505651752834633	0.023467298874883635	-0.03460573515793419
2012-10-25	1.6024264595471474	0.31634543059361786	0.1599372372145058	0.16884232258276866
2013-4-23	1.525558016900948	0.31634543059361764	0.1703556141101925	0.173273235094205
2010-8-31	1.364977720436078	0.32518811034382555	0.0600948451858474	0.04979969563698483
2012-11-5	1.5979512329743626	0.31634543059361747	0.16055445328464035	0.1688676919362344
2007-2-7	2.1859642154459418	0.5266793893544521	0.09189221565064565	0.0533202079584254
2013-6-28	1.653473390572722	0.31634543059361764	0.22240612157916262	0.23876617956438206
2009-2-26	1.746595064081215	0.35528178256621584	0.08493207380329415	0.08228101292808998
2012-10-10	1.5862532471937731	0.3163454305936174	0.15409983740102517	0.16136532594356523
2009-6-11	1.3614822407600966	0.3544666328723149	0.04821206119644961	0.037170808849907866
2007-9-24	1.0954169648241399	0.5122966252402599	0.011082935341624633	-0.04518938858594568
2007-8-13	1.2205056070042712	0.5262545726019215	0.024053285636589372	-0.026730217684457602
2009-5-20	1.434390788903035	0.3547891012994694	0.05605936411456036	0.044936707919782215
2013-5-3	1.509108380956227	0.3163454305936176	0.16748274741814773	0.16745940492515676
2014-10-29	1.5038819869317563	0.31634543059361725	0.41852854207442913	0.44331179791212016
2014-3-17	1.6934724016449492	0.31634543059361725	0.342992671169698	0.3702654403624095
2012-5-2	1.449371349435466	0.3163454305936176	0.10671262819242044	0.0966809016094563
2010-9-17	1.3577411079384663	0.3163454305936174	0.05957391007245216	0.05313673901823379
2012-5-30	1.4703478498534912	0.3163454305936175	0.11357355579687756	0.10360761924045159
2013-10-31	1.5760209490784796	0.3163454305936175	0.23422496888376676	0.2374016702905708
2009-12-16	1.2137331860536602	0.3257828759009537	0.03259847208763689	0.00914231889153494
2014-9-2	1.5610158772895313	0.31634543059361714	0.4000923113086068	0.41046704948765433
2015-7-24	0.9447212280260182	0.16199792937952678	-0.1231034506181734	-0.2144849472974899
2011-3-2	1.2581087500202288	0.3163454305936173	0.04868486700417374	0.03118495410303246
2011-5-3	1.280969046144369	0.3163454305936178	0.05457046424816214	0.03455009336759951
2013-5-13	1.4951469556672259	0.31634543059361736	0.16524236827203698	0.16266236045985294
2009-3-20	1.6563615877411024	0.35528178256621573	0.07725830384984289	0.06985857592772193
2010-4-7	1.2687262052355879	0.32578287590095373	0.042401510768626416	0.01848646816832833
2006-6-22	3.7379068765033585	0.5266793893544524	0.14844973387554017	0.11518979697403231
2014-12-31	1.0746643452171576	0.31634543059361747	0.07509079252801465	0.0649365455235209
2007-8-22	1.1595078629175826	0.5262333657126967	0.017862816250974856	-0.03465370599737372
2014-6-6	1.6979357737260337	0.31634543059361764	0.40272466401308216	0.43645317942774553
2010-12-8	1.2777454688377319	0.31634543059361747	0.04962772516647407	0.03428675296620454
2011-12-22	1.554811445086876	0.3163454305936176	0.11598482942835453	0.12513494435863715
2009-4-17	1.5118691783516538	0.3550177551853031	0.06359611444898716	0.05360883189332166
2006-10-17	3.585761441784754	0.5266793893544519	0.14880073532304539	0.11211144381637483
2009-6-19	1.3112232709533527	0.35434253481353606	0.04235767550340053	0.03109246287208678
2014-2-26	1.6844537338610184	0.3163454305936174	0.32796198668993326	0.35112760766958684
2015-3-24	0.9811534622892449	0.3163454305936174	-0.02449721858874876	-0.06872014047206043
2006-11-16	3.2550007699460366	0.526679389354452	0.13810026770511463	0.10337641283042975
2009-4-7	1.5528412491326968	0.3550847787170168	0.0675615133212979	0.05780924900386353
2011-1-20	1.3359040773249364	0.31634543059361736	0.06034667773703073	0.050799583605848575
2008-12-29	2.0140241112804538	0.355281782566216	0.10514894874689529	0.1062587853582948
2015-11-30	1.031283787275718	0.01336302285449815	0.47360359031941424	0.957299248633688
2011-11-25	1.4702920824502295	0.3163454305936176	0.09867974382208633	0.0974896469364972
2013-10-22	1.5453739349732454	0.3163454305936177	0.22028909159040144	0.21763628319968076
2006-9-13	3.771797379986449	0.5266793893544519	0.15346276518709923	0.11755173847589884
2015-10-12	1.0594440997397354	0.06629177508219893	0.3102446580550846	0.5039683292679811
2013-9-17	1.5486001188965282	0.31634543059361736	0.2112302229937877	0.21164288611386173
2007-12-14	1.1850087650688603	0.4991992839498175	0.021320045151531186	-0.034203856056144843
2009-12-30	1.2137156056499834	0.32578287590095417	0.0328077528558286	0.009289203396723567
2006-7-21	3.7376750044531217	0.526679389354452	0.14977992535468787	0.11406233452826409
2007-7-17	1.4611739868514153	0.5266657045843973	0.04586105017112452	-0.0008694450739067383
2008-6-12	1.5652168134929079	0.35528178256621606	0.06113128717441585	0.02663552722039042
2007-10-23	1.107830554474469	0.49919928394981794	0.012583475934611288	-0.04616986875658813
2009-4-24	1.5431572962902818	0.3550177551853047	0.06704887483864419	0.05847327480542042
2007-1-30	2.072470632498223	0.5266793893544515	0.08514926598377826	0.044478827839099955
2009-10-9	1.2950182433065325	0.3296401841319995	0.04240690447100737	0.028211026007931794
2014-5-29	1.6884734335115275	0.31634543059361775	0.3912710077067676	0.4207190630851054
2007-6-12	1.3965349235754625	0.5266657045843973	0.03982039237165047	-0.008192637915395373
2013-10-24	1.5656300210520486	0.31634543059361736	0.22821185991304094	0.22874555480412795
2011-3-15	1.268430370269593	0.3163454305936173	0.050844532443622636	0.034048696223584196
2013-11-6	1.583983091541997	0.3163454305936175	0.2391243049791194	0.24435837354047552
2012-11-15	1.6452734330615952	0.31634543059361747	0.1729916179713482	0.1886787010015578
2012-2-14	1.477401463027788	0.31634543059361736	0.10599497873740904	0.10872135324598742
2009-3-16	1.7272274937624532	0.3552817825662154	0.0837936060083817	0.07920818614419933
2012-8-15	1.5850206275083718	0.3163454305936175	0.14633548051071998	0.15238754842206448
2011-1-11	1.2883594089650556	0.31634543059361747	0.05233271193645961	0.03805334965195106
2009-2-18	1.7008381789661398	0.3552817825662153	0.08046220142619442	0.0759761559825669
2007-11-13	1.1915266303032273	0.4991992839498178	0.021784053538319137	-0.032931939311331426
2010-8-12	1.4184584690411854	0.3257828759009538	0.0670875050314852	0.055239665059449994
2010-5-4	1.364750003545664	0.32578287590095467	0.05650455039808433	0.039623313516839787
2015-12-23	0.9812101517201537	0	-0.6846034077383956	-0.811174948157895
2015-8-25	1.1549320299771835	0.05354183910098987	0.5178017291816783	0.8485652068104184
2007-7-18	1.4569238545718444	0.5266657045843974	0.04551597096147009	-0.001427149070922673
2011-11-16	1.437816921903232	0.3163454305936175	0.0921253312099155	0.08675013565671863
2009-9-22	1.303426623725242	0.3296401841319986	0.04316140153398984	0.029702188771290938
2012-8-22	1.599648302670702	0.3163454305936174	0.150378197428366	0.15869107600197063
2014-6-3	1.6908437532607483	0.31634543059361747	0.39652391890308203	0.4272817701144691
2009-10-23	1.22001075318976	0.32578287590095445	0.03266740067398044	0.015844736368258783
2011-6-14	1.33487457091815	0.3163454305936176	0.06561030923635292	0.051547322484410074
2015-11-16	0.9934275180999639	0.03829788137369707	-0.05443610725684822	-0.005066385240992788
2011-6-10	1.343651233608864	0.31634543059361775	0.06698103544312639	0.05387410676687843
2010-11-3	1.2177641054395008	0.3163454305936173	0.03894927564651596	0.01863031741015586
2013-11-21	1.5621213629473767	0.31634543059361714	0.23613232407889195	0.2356920484133429
2007-7-24	1.3593554813699884	0.5264734596355233	0.03705271154417655	-0.011888753097054616
2006-7-10	3.623399781747251	0.526679389354452	0.1455102211852084	0.10892674550726777
2008-12-18	1.8880666419680545	0.35528178256621495	0.09457800410559769	0.0905259322509655
2013-7-15	1.6063150020921548	0.3163454305936174	0.21270445611214472	0.2200783721167754
2010-8-6	1.3884107579312053	0.32578287590095484	0.06265482059898875	0.049523197177014255
2014-11-13	1.4197474294286934	0.31634543059361786	0.3651340518598025	0.397947458338179
2007-10-23	1.107830554474469	0.49919928394981794	0.012583475934611288	-0.04616986875658813
2006-4-21	4.213491096986938	0.526679389354452	0.1599075757653572	0.13010245831259337
2015-8-31	1.08611780225611	0.05354183910098944	0.2856586278134401	0.4017558241584094
2008-9-9	1.8882476779162114	0.355281782566215	0.09088971560111792	0.08032055465951426
2011-9-6	1.4157034604338867	0.3163454305936177	0.08389504256494873	0.07774471203390054
2012-4-11	1.4964109598788777	0.3163454305936176	0.11451118125766468	0.11378435135526588
2006-11-1	3.4115131517819375	0.5266793893544518	0.1432840966427229	0.10720314699297173
2013-7-17	1.6165057871660575	0.31634543059361747	0.21636029721796568	0.22593795815729245
2012-8-22	1.599648302670702	0.3163454305936174	0.150378197428366	0.15869107600197063
2015-4-17	0.8684072049170114	0.29315611672976544	-0.18222656547713245	-0.24842326049582575
2013-7-31	1.6557534239135094	0.31634543059361764	0.23233937565132123	0.25053665738024566
2008-12-2	2.037046071692105	0.35528178256621573	0.10576913670842614	0.10392851231451594
2012-10-10	1.5862532471937731	0.3163454305936174	0.15409983740102517	0.16136532594356523
2010-3-25	1.2948540551882315	0.32578287590095373	0.04582427270508127	0.026832252870194306
2010-5-27	1.4080102952923585	0.32578287590095417	0.06307216362140822	0.050215015929869766
2006-8-22	3.862703225460826	0.5266793893544521	0.15533893313381975	0.12159490579858101
2013-8-15	1.5861057213554854	0.3163454305936176	0.21460649245780195	0.2256058350664376
2007-6-27	1.4002997802141046	0.5266657045843977	0.04034541608278008	-0.008358243019689793
2011-12-2	1.4743799931463164	0.31634543059361775	0.09991510888752986	0.09930106966357255
2010-9-28	1.353123712630722	0.3163454305936173	0.059238706183898815	0.05208614796857858
2007-4-9	1.7560196656257443	0.5266793893544517	0.0666309811563277	0.02477988016026922
2008-6-26	1.5903058152394123	0.3552817825662142	0.06370205581224475	0.03145908139236919
2012-10-24	1.5955711019362866	0.3163454305936177	0.15822684177896496	0.16604547459042118
2007-1-9	2.3376379254415043	0.5266793893544521	0.09922809206491601	0.06158817707632358
2008-9-18	2.024782322070022	0.3552817825662151	0.10172263012638272	0.09865783866688593
2006-9-4	3.7747907631888062	0.5266793893544521	0.15312543281925395	0.11732568456005499
2012-2-13	1.473625993084836	0.3163454305936174	0.10518653844578929	0.10752365272038555
2006-8-10	3.8892143765445266	0.5266793893544521	0.15559640099122873	0.12243339287493527
2010-11-1	1.205053931870417	0.3163454305936173	0.03679747621718987	0.015600000959494542
2011-6-2	1.3455984699496402	0.316345430593617	0.06698736589895482	0.05409384717458843
2007-3-22	1.9651570865418309	0.5266793893544514	0.0800002263486459	0.038011300852247576
2006-7-10	3.623399781747251	0.526679389354452	0.1455102211852084	0.10892674550726777
2010-8-5	1.3989360181758776	0.3257828759009539	0.0641084961674554	0.05266727722369047
2013-6-7	1.5391193104017389	0.3163454305936173	0.18333114139578077	0.1758586323464757
2015-6-25	0.8820618058927298	0.21757911453114487	-0.21725360483817913	-0.35420867990789173
2013-7-25	1.6357861385667647	0.3163454305936171	0.22447054930753874	0.23833068626481868
2009-6-30	1.273624613742121	0.34925405596287284	0.037903119030502586	0.026856206255332804
2011-2-25	1.2707612109681183	0.3163454305936176	0.05071223773167777	0.0341193278496672
2011-9-8	1.4054546419909353	0.31634543059361747	0.08218004068593476	0.07485697565702853
2011-10-26	1.4373776422247184	0.3163454305936175	0.09072103133873965	0.08731021379700521
2011-1-20	1.3359040773249364	0.31634543059361736	0.06034667773703073	0.050799583605848575
2014-3-26	1.6797659627646229	0.3163454305936173	0.34234094029435647	0.36621282110708453
2008-10-15	2.012281430041425	0.35528178256621673	0.10187135800121028	0.09824941857729264
2014-10-22	1.5163443746396594	0.31634543059361775	0.42038033030276134	0.45113130318762007
2007-4-20	1.6374606940719152	0.526679389354452	0.058330274575384866	0.015552949809988226
2007-3-30	1.897880150342606	0.5266793893544518	0.07591944815747476	0.0350709681686856
2013-7-5	1.6413493266497432	0.31634543059361736	0.220681592434824	0.2349169473345072
2008-7-1	1.6703415871321468	0.3552817825662147	0.07081094000750232	0.045308260211206486
2014-6-11	1.6853960675224648	0.3163454305936174	0.4002150372722062	0.42982868048053735
2014-6-27	1.6909493954490602	0.3163454305936177	0.4170845691978269	0.4494605011013
2012-12-14	1.5771970147836396	0.3163454305936176	0.16163744787403433	0.16636839429674044
2007-4-16	1.661102534496715	0.5266793893544519	0.05999796943715885	0.01671979278202973
2006-7-17	3.7023135795457263	0.5266793893544518	0.14843910383216685	0.11252323317102708
2015-5-8	0.8893422604017243	0.2740616373280846	-0.1665217035299369	-0.2579201963255878
2007-6-25	1.4356858884759054	0.5266657045843977	0.04337145044176527	-0.0035505190407439935
2009-2-25	1.6861170482080212	0.35528178256621545	0.07932473203577417	0.07424802355395665
2013-8-26	1.5732700012712575	0.31634543059361736	0.21343195465270504	0.2256589546623069
2009-2-11	1.673144478842278	0.35528178256621573	0.07765557261227718	0.0720107654151223
2007-12-18	1.207161584771614	0.49919928394981805	0.02370629646733602	-0.030621681508351983
2007-11-16	1.1814080101244493	0.4991992839498181	0.02073413050886308	-0.034601001184620395
2008-8-18	1.8088970404385791	0.3552817825662148	0.08377939660152034	0.06822208662975315
2015-4-15	0.898907108596849	0.2931561167297654	-0.13995926627891864	-0.19377327371001796
2006-12-12	2.8165391202722008	0.5266793893544517	0.1211947930768087	0.08465443243626569
2008-9-1	1.810031173186183	0.3552817825662154	0.08432857035427	0.06885805849946092
2007-1-17	2.2661836109491067	0.5266793893544525	0.09567711711043492	0.05603265461854967
2012-8-31	1.6389271165151598	0.31634543059361747	0.15999518998837403	0.17409163735535182
2011-7-27	1.3383240991520458	0.3163454305936174	0.06803611124060005	0.052439481113459196
2009-3-9	1.7461550828476406	0.35528178256621606	0.08528332970500818	0.08176686737607142
2009-11-23	1.1856933366198514	0.32578287590095417	0.02830961571603874	0.004262227587462197
2014-7-7	1.67806866433811	0.3163454305936175	0.41890958772306575	0.4476357612828852
2006-12-11	2.8246486340392574	0.526679389354452	0.12151203616083595	0.08548590627053798
2015-9-17	1.1115594394316215	0.053541839100989586	0.45469245680254966	0.7032073129093821
2007-9-25	1.1030768113212865	0.515959489084909	0.011939367044658367	-0.043954607506310306
2007-2-26	1.9960821500256336	0.5266793893544521	0.08128980084191695	0.03788133157214557
2011-5-17	1.3036987991428877	0.3163454305936174	0.05905813268044935	0.04159507932765805
2015-3-27	0.9775430749840984	0.3163454305936174	-0.029485153806799835	-0.06902144289490775
2011-11-17	1.440330313210609	0.31634543059361764	0.09265270928531555	0.08761235261289757
2012-9-4	1.6390324197786064	0.31634543059361725	0.16058646346896355	0.174788254111097
2013-7-1	1.6476490918632132	0.31634543059361764	0.2214866367904138	0.236790078582368
2008-4-21	1.544361739377059	0.3758932310828617	0.0581194210833893	0.01848052099828057
2007-6-29	1.4678015256272114	0.5266657045843973	0.046145603789805145	-6.883319089101558e-05
2008-12-9	1.8911094006134035	0.3552817825662151	0.09448216083274308	0.09051757652079151
2009-10-13	1.2878167547331176	0.3257828759009544	0.04154811395425684	0.0264522720088447
2013-12-12	1.5702493508236646	0.31634543059361764	0.24667833975860165	0.24305912232029692
2014-6-16	1.6696849647707674	0.3163454305936174	0.3958904860082342	0.4211223595591751
2012-9-6	1.6328581808588574	0.3163454305936176	0.1595504608000584	0.17295076681968147
2006-10-9	3.550867664757543	0.5266793893544521	0.14720585868737968	0.11000397567269316
2008-6-30	1.6420681717140866	0.355281782566216	0.06835006295849078	0.04055678567295873
2009-5-15	1.45025900127269	0.35491237704494916	0.0576946991198215	0.04578374815671005
2013-3-4	1.4921669217743763	0.3163454305936177	0.15237940839785846	0.14841545757094488
2012-11-12	1.619569967819044	0.31634543059361764	0.16661412216673055	0.17823252252185973
2008-8-21	1.755942517898563	0.3552817825662167	0.07950946570738826	0.060359393084826074
2007-8-23	1.1434388210069946	0.5261925061792962	0.016170225764642998	-0.03657356716737281
2007-9-27	1.1110176630189046	0.49919928394981783	0.012826467653877183	-0.04340952559577915
2008-8-1	1.6263414387021091	0.3552817825662157	0.06779869755496981	0.038607291367871
2015-3-12	1.0713205552044527	0.31634543059361764	0.08993173307994673	0.059149895748835
2014-3-7	1.6817361166647926	0.3163454305936177	0.33190650393647614	0.35495733405713037
2015-1-20	1.1115194266920316	0.31634543059361747	0.11908268176818759	0.11495303343714403
2012-4-5	1.4991996599582458	0.3163454305936176	0.11453496218156278	0.11410990064800841
2013-12-18	1.5937804874420032	0.31634543059361764	0.2580901060652363	0.25891025018251446
2007-1-25	2.1293365145324405	0.526679389354452	0.08830664064439286	0.04904875054651936
2009-1-16	1.9161628310700498	0.35528178256621423	0.09803894138183078	0.09588562270821566
2012-8-15	1.5850206275083718	0.3163454305936175	0.14633548051071998	0.15238754842206448
2007-4-6	1.7925446427457208	0.5266793893544522	0.06908231511647411	0.027342042022251434
2007-10-11	1.0772673338299994	0.501532372326496	0.009093435451964949	-0.0504972204086791
2015-2-17	1.086575909339001	0.3163454305936177	0.1009913145359358	0.07922252516309713
2006-5-11	3.931310530085877	0.5266793893544522	0.15256914356645535	0.12059740777599526
2008-4-11	1.4075997921365164	0.3758932310828618	0.04527771436781114	-0.0007499758155286029
2012-4-17	1.4900954841298157	0.31634543059361764	0.11377456378306272	0.11172186006860207
2007-10-22	1.1160545315679913	0.49919928394981755	0.01349387705286409	-0.04472817432120657
2013-2-5	1.4059201324563395	0.3163454305936176	0.12484664704545878	0.1112465729411225
2011-8-3	1.3499373437181699	0.31634543059361775	0.07043797833844412	0.05630352081366863
2010-1-21	1.252841531490048	0.3257828759009547	0.03867957634026742	0.01674263604484927
2014-1-6	1.6433406607251915	0.3163454305936173	0.28546118436058476	0.3000473802673449
2007-7-25	1.3369222124890834	0.5264300498372674	0.035021210961094784	-0.014508680100059679
2009-12-31	1.2096955541906234	0.32578287590095456	0.03225178428099529	0.008499933185663444
2013-5-24	1.4955891707641646	0.31634543059361747	0.16744251367320429	0.1531409498385523
2013-7-23	1.6235769026740594	0.3163454305936174	0.22015391597986533	0.23139586882827068
2012-1-19	1.5045095739014396	0.31634543059361736	0.10908464754809155	0.11271719365114308
2012-7-23	1.572348409447917	0.31634543059361825	0.14079911621220953	0.14458639140224183
2013-8-1	1.632131620602919	0.3163454305936175	0.22530737009063584	0.23867635216245353
2008-5-14	1.3717101130625882	0.36528931636391454	0.04229222667531851	-0.007221907844369824
2007-8-31	1.1173550058705475	0.5061595132385627	0.013403285138938736	-0.040226590653407834
2008-11-24	2.0602080119372026	0.35528178256621407	0.10718797162892812	0.10619443704938636
2014-8-6	1.578691662045865	0.31634543059361736	0.38649614617700156	0.3947521331770334
2009-2-6	1.744093269826148	0.35528178256621445	0.08400420410795162	0.07826947992939681
2011-6-29	1.3326105515679545	0.31634543059361764	0.06582658405491615	0.05151462668372497
2010-6-29	1.4933160372693937	0.32578287590095495	0.0755740340904476	0.070015483281332
2008-9-18	2.024782322070022	0.3552817825662151	0.10172263012638272	0.09865783866688593
2010-7-6	1.5035389010765412	0.32578287590095456	0.07718708053998857	0.07247532265282008
2013-5-10	1.4916293799228406	0.3163454305936179	0.16364803293816643	0.16036910446096964
2015-6-26	0.9249085096675507	0.1948657164402594	-0.14202743077482582	-0.2433182342401482
2013-7-10	1.6424364947541201	0.3163454305936176	0.22235912310817896	0.23698823072906183
2011-6-10	1.343651233608864	0.31634543059361775	0.06698103544312639	0.05387410676687843
2014-9-25	1.526782720091579	0.3163454305936177	0.399017804762686	0.4112836243858975
2015-3-19	1.0121145291076865	0.3163454305936176	0.01554140253941716	-0.02589654955999754
2010-9-17	1.3577411079384663	0.3163454305936174	0.05957391007245216	0.05313673901823379
2007-7-17	1.4611739868514153	0.5266657045843973	0.04586105017112452	-0.0008694450739067383
2014-9-29	1.5213649460504923	0.3163454305936176	0.39915764968752887	0.4105376881630378
2008-8-1	1.6263414387021091	0.3552817825662157	0.06779869755496981	0.038607291367871
2009-2-27	1.7712769522439618	0.35528178256621545	0.08719617937455149	0.08595399783601199
2007-6-13	1.3772376779777378	0.5266657045843978	0.03814268463450787	-0.0105299069283451
2014-8-15	1.5789943488403828	0.31634543059361747	0.39485403384689644	0.4042331074696517
2010-1-7	1.2357589790525836	0.3257828759009542	0.03604465103083232	0.013530357125622672
2013-10-17	1.5600020320226589	0.3163454305936174	0.2240077439614503	0.2235753617529237
2011-5-25	1.3363068219333716	0.3163454305936173	0.0650522394711186	0.0511635234497696
2007-2-8	2.1635367221456128	0.5266793893544521	0.09065629648039986	0.0513164600219973
2014-3-17	1.6934724016449492	0.31634543059361725	0.342992671169698	0.3702654403624095
2014-12-8	1.1645859106757854	0.3163454305936177	0.1549721869327998	0.14736410807373512
2008-11-19	1.9868934817869368	0.35528178256621507	0.10134560313446328	0.09653949000851147
2008-10-27	2.198997920464371	0.35528178256621473	0.11607803829081176	0.12127177024200897
2014-8-21	1.5771184362066462	0.31634543059361736	0.3992649146558931	0.4128449756457573
2014-5-5	1.6888523380117486	0.3163454305936175	0.3732916866520093	0.4004866557944322
2008-8-21	1.755942517898563	0.3552817825662167	0.07950946570738826	0.060359393084826074
2009-6-23	1.3088482432500628	0.354263239198635	0.04214056104019215	0.030945738831964498
2008-4-8	1.383805670492789	0.375893231082862	0.042925408954187505	-0.0043590837369109625
2013-4-16	1.521976220652044	0.3163454305936176	0.1680348394309943	0.17015860561250462
2011-8-19	1.39061755551737	0.3163454305936175	0.07848178474632772	0.06933243802544475
2010-4-19	1.3261705092919003	0.325782875900954	0.05078491889173087	0.030129596712302975
2006-10-17	3.585761441784754	0.5266793893544519	0.14880073532304539	0.11211144381637483
2012-3-30	1.5206638431080144	0.3163454305936174	0.11823563382015134	0.12052913372706153
2014-1-16	1.6550029079787987	0.3163454305936176	0.2946879182578861	0.31292652405451804
2007-4-10	1.7431958717418137	0.5266793893544522	0.0657570089196764	0.02312350632822513
2013-6-28	1.653473390572722	0.31634543059361764	0.22240612157916262	0.23876617956438206
2013-2-21	1.4649766027145994	0.3163454305936177	0.14325809625393426	0.13667009401998098
2011-7-22	1.3161038355253623	0.31634543059361736	0.06380131347473128	0.046981513723316715
2006-11-8	3.337706861756537	0.5266793893544524	0.1408733739538104	0.10591443249249277
2006-6-28	3.67691350839629	0.5266793893544516	0.14673890791282962	0.11267535721888855
2010-11-29	1.2736517614415088	0.31634543059361747	0.04871919341920017	0.03295679952672592
2008-7-22	1.609179208589408	0.3552817825662146	0.06601992101204379	0.03536005286755728
2012-7-4	1.535287613539485	0.31634543059361747	0.13079822904176996	0.12886770771493583
2009-9-1	1.3784283473787249	0.3296401841319992	0.052019790313508674	0.04520455826117131
2014-11-25	1.358303000547699	0.3163454305936174	0.3233161457281988	0.36112092679422103
2010-4-22	1.3201353264284688	0.3257828759009539	0.050018113929349184	0.028748809372774575
2008-7-11	1.5966721170154001	0.3552817825662156	0.06463259872670934	0.032911128141180024
2012-11-15	1.6452734330615952	0.31634543059361747	0.1729916179713482	0.1886787010015578
2013-1-29	1.4363237425034168	0.3163454305936178	0.13225604110109423	0.12395797696420274
2011-9-13	1.4164660076010411	0.31634543059361764	0.08442085659913579	0.0783834958160996
2011-8-18	1.382898395690363	0.3163454305936173	0.0770569711885265	0.06698202163319822
2011-1-7	1.2781487414635675	0.3163454305936174	0.05053404666053862	0.03520755890301919
2010-6-28	1.4510907574615721	0.3257828759009548	0.06994744961221167	0.06088446847379725
2008-11-5	2.1685352707922867	0.35528178256621423	0.11432478138210089	0.11827391419301803
2013-5-8	1.4910354832259605	0.3163454305936175	0.1631073641542069	0.15967283259534049
2011-2-9	1.3092785740762052	0.3163454305936175	0.056682073688209655	0.04448863680586279
2013-3-8	1.470861010570938	0.3163454305936177	0.14713278255255058	0.1393635270913145
2015-4-23	0.8662475921735662	0.27406163732808453	-0.18911852460789447	-0.286597557660913
2012-2-21	1.4763747306965482	0.31634543059361764	0.106349920619353	0.10473318913797636
2007-8-20	1.1849270707097628	0.5261896038980106	0.020493323319290102	-0.030761242314453652
2007-9-27	1.1110176630189046	0.49919928394981783	0.012826467653877183	-0.04340952559577915
2012-1-20	1.491459206272088	0.3163454305936175	0.10671613799769841	0.10875000047026795
2013-6-7	1.5391193104017389	0.3163454305936173	0.18333114139578077	0.1758586323464757
2008-12-17	1.916400855093208	0.3552817825662142	0.09685925333622047	0.0938407397534533
2011-5-17	1.3036987991428877	0.3163454305936174	0.05905813268044935	0.04159507932765805
2006-4-19	4.257941208102901	0.5266793893544519	0.16106567252584436	0.13113679759851027
2014-11-19	1.420109516027935	0.316345430593617	0.37175864385544677	0.42610750194407476
2015-4-21	0.8821192828146016	0.27406163732808436	-0.1661247721075858	-0.25721887716747915
2006-9-18	3.6797692892495317	0.5266793893544518	0.1506405162669222	0.11444156396698513
2012-8-1	1.5746698553439555	0.3163454305936177	0.1423799714320264	0.1466688440749231
2009-5-27	1.4532141782881471	0.3547400994508621	0.058317151425896	0.04809794262895206
2006-12-19	2.6511570470598147	0.5266793893544522	0.11397935727958397	0.0772130901167496
2012-1-12	1.5171482147233735	0.3163454305936173	0.11087091528096016	0.11593980385507652
2008-5-29	1.4632108127222858	0.3552817825662159	0.0514347282078822	0.006518965791704634
2011-10-21	1.4877608045433242	0.3163454305936174	0.09941044901808094	0.10156549550710481
2015-7-14	0.9542248277883012	0.15848194504091836	-0.0967899741774364	-0.17586808894281392
2010-11-8	1.1872313813287207	0.3163454305936173	0.0339370335911926	0.011415994207905289
2009-11-13	1.2196512386345606	0.32578287590095417	0.03292939713887244	0.010962252972094744
2006-11-2	3.401052349488825	0.5266793893544522	0.14294669214065703	0.10721668990509436
2010-3-12	1.291719195999669	0.3257828759009546	0.04510004539102308	0.02644648736220634
2010-6-25	1.4448757119832867	0.32578287590095395	0.06900734716584012	0.05941557490477689
2012-7-26	1.5793387180470402	0.3163454305936175	0.14263745450061838	0.14750362453529475
2010-12-14	1.2545916891211712	0.3163454305936178	0.04599417443443832	0.028204218974553275
2009-6-1	1.4122326769291105	0.3546869410107438	0.05385111755991856	0.042622114103262776
2009-12-29	1.2258453360102597	0.3257828759009533	0.03450490136806694	0.012057279366754381
2014-9-30	1.5036303267471305	0.3163454305936175	0.3870821475771169	0.4101308837370623
2013-1-4	1.4866440268968728	0.31634543059361736	0.14213804000823882	0.14305299583580133
2011-3-1	1.2534144338609714	0.3163454305936174	0.04784578553461638	0.030405850358333986
2006-5-22	3.664727565448621	0.5266793893544526	0.1446885758617955	0.11051159660349064
2012-3-9	1.4421453933725552	0.3163454305936175	0.10091597642106875	0.09481678421008555
2009-8-6	1.1792963183832021	0.3296401841319986	0.026103301124873912	0.004165232931571117
2008-3-17	1.3686838499040388	0.37589323108286166	0.04111654522652364	-0.006737831287351392
2009-7-21	1.1895249404084491	0.34049947485132415	0.027299321045561653	0.009485996635319793
2012-12-24	1.5618943093184185	0.3163454305936175	0.15946364518600742	0.163860312404275
2010-6-9	1.4309301029042412	0.3257828759009557	0.0665824719210919	0.055772991622182744
2011-9-14	1.41241098023251	0.31634543059361736	0.08375299380404866	0.07725456071223569
2007-1-22	2.1069374964875163	0.5266793893544519	0.08693545452987972	0.04717749774097779
2012-5-23	1.4793551417983797	0.3163454305936178	0.11482428386629917	0.10598868050976851
2013-1-15	1.4559649217712545	0.3163454305936173	0.13564152488715187	0.13384808930752223
2012-12-10	1.6102735726144317	0.3163454305936181	0.16893479270248846	0.17981355201146942
2011-1-31	1.3000775757779661	0.31634543059361736	0.05487417340602563	0.041792023116226984
2012-1-19	1.5045095739014396	0.31634543059361736	0.10908464754809155	0.11271719365114308
2014-4-23	1.6715000681083638	0.3163454305936174	0.35647795653844905	0.3768895411257296
2008-7-7	1.6159190339059473	0.3552817825662155	0.0662411028521026	0.03621386408147709
2015-11-24	0.9951381041243785	0.03664192341622239	-0.0495562373106081	0.022408951111074105
2009-12-16	1.2137331860536602	0.3257828759009537	0.03259847208763689	0.00914231889153494
2015-6-18	0.8593738164530335	0.23770418589045728	-0.24808735959203243	-0.39889910656611394
2015-3-9	1.0847811082302694	0.31634543059361747	0.10593188002265563	0.07896495180331597
2014-12-15	1.175794779215314	0.31634543059361747	0.1687820391756556	0.16255485447333506
2007-10-8	1.0913914577467871	0.4991992839498177	0.01068265806394919	-0.04828342663402385
2010-3-3	1.2681488151405276	0.32578287590095484	0.041608078728675224	0.020879515874645094
2015-3-3	1.089555415821452	0.3163454305936173	0.10960765901105618	0.08845822131679837
2008-4-21	1.544361739377059	0.3758932310828617	0.0581194210833893	0.01848052099828057
2012-9-24	1.6332702134516153	0.3163454305936175	0.16223745147390578	0.17615714992275033
2014-7-22	1.6669665379675362	0.3163454305936173	0.4265665048572995	0.45539716933335606
2012-11-15	1.6452734330615952	0.31634543059361747	0.1729916179713482	0.1886787010015578
2015-10-8	1.0990802616181663	0.0535418391009896	0.5227580478046148	0.8000867612478488
2011-1-19	1.3086652648792079	0.31634543059361764	0.05590443732622474	0.04368915619280167
2013-9-23	1.5345076624851426	0.3163454305936175	0.20803145737184425	0.20354186338586833
2010-8-13	1.4040761354212776	0.3257828759009541	0.06510358957090201	0.05256386876949515
2009-11-27	1.253302498838068	0.32578287590095417	0.037767456509556485	0.017606760030256075
2015-8-24	1.1042379467231302	0.05354183910098958	0.32972790990679623	0.4886481020528226
2013-7-24	1.6307869617793644	0.3163454305936173	0.2226521495423237	0.23543405429407738
2015-3-30	0.9581968721896106	0.3163454305936177	-0.05529642328783524	-0.10488955863878457
2010-10-21	1.219148195547917	0.3163454305936176	0.03890425841636458	0.0211410118981481
2014-3-19	1.7041608088716793	0.3163454305936173	0.34896937827380214	0.3796262539682358
2009-8-31	1.382619426394221	0.32964018413199925	0.05250124310833826	0.045966254176806665
2012-1-30	1.5072369246159083	0.3163454305936174	0.11048251840063972	0.11451336792546063
2008-3-21	1.3536337293512417	0.37589323108286166	0.039696617943622	-0.00905993070256439
2014-10-17	1.5073124598009027	0.31634543059361747	0.40767611256907266	0.4335799667328146
2011-4-15	1.2433976632905674	0.3163454305936176	0.047342703777406125	0.024346996268655774
2014-8-12	1.580795512392656	0.31634543059361764	0.39324354802244654	0.4029407722980687
2009-3-12	1.739629525112849	0.3552817825662155	0.08479343522484561	0.08092168400507749
2012-12-20	1.5597251516193267	0.3163454305936176	0.15830990824704205	0.16263993432267232
2010-8-20	1.3686693210211762	0.32518811034382594	0.06028113529821111	0.04984063009662232
2009-1-6	1.9580051397960256	0.35528178256621556	0.10103776745782178	0.09928268987703825
2011-9-8	1.4054546419909353	0.31634543059361747	0.08218004068593476	0.07485697565702853
2012-8-6	1.5639148378354242	0.3163454305936178	0.14068982004108221	0.1434699684845815
2013-10-30	1.5626985439732493	0.31634543059361797	0.2290661394404161	0.2290243393088851
2006-4-28	4.119220222509504	0.5266793893544521	0.1575387176501437	0.12804509817925847
2014-1-13	1.6635243308889733	0.3163454305936176	0.29668075829068363	0.31695999736135283
2012-3-21	1.471305537279952	0.3163454305936175	0.10769595902832241	0.10416955882433876
2012-3-9	1.4421453933725552	0.3163454305936175	0.10091597642106875	0.09481678421008555
2013-8-13	1.5625201559875206	0.3163454305936176	0.20643802361416808	0.2168065729860631
2008-8-4	1.645884835943912	0.3552817825662162	0.0696003356477446	0.042036260198409225
2011-1-12	1.2839857218417474	0.31634543059361747	0.05164172667863154	0.03691330414675709
2009-2-11	1.673144478842278	0.35528178256621573	0.07765557261227718	0.0720107654151223
2011-12-7	1.4843487678717784	0.3163454305936173	0.10209465686997854	0.10275197688461146
2010-1-20	1.2559681264894538	0.32578287590095434	0.039097148183009134	0.01744634797196909
2008-3-5	1.250400903227183	0.42563177253797263	0.02898098868567045	-0.026162295271995872
2011-10-25	1.4461788914980707	0.3163454305936177	0.09225260928009216	0.08983862496432815
2008-11-27	2.0381896644540536	0.35528178256621556	0.10564188098645744	0.10356429438383286
2009-12-31	1.2096955541906234	0.32578287590095456	0.03225178428099529	0.008499933185663444
2010-8-10	1.407214430501389	0.3257828759009531	0.06544244956109502	0.054055950178403034
2007-10-23	1.107830554474469	0.49919928394981794	0.012583475934611288	-0.04616986875658813
2014-1-13	1.6635243308889733	0.3163454305936176	0.29668075829068363	0.31695999736135283
2008-1-3	1.126928549463879	0.4785533887752238	0.015064686764622914	-0.04471084173656392
2009-3-23	1.6287006899060885	0.3552817825662158	0.074679967334085	0.0660484402290038
2009-10-30	1.2695931796666122	0.32578287590095506	0.0394634614078504	0.022456609998784183
2014-8-5	1.5752690939742882	0.3163454305936175	0.38346341941748885	0.3912666705149608
2013-1-23	1.4589403052919405	0.3163454305936174	0.13751393318370253	0.13318864668882613
2007-3-5	2.1327059237436017	0.5266793893544522	0.08961752141130974	0.0485583792612474
2009-2-24	1.6873727750576142	0.3552817825662163	0.0794091269845576	0.07438088829555345
2010-9-2	1.3384388521249506	0.3163454305936176	0.0562574536297189	0.04862070636976834
2009-4-1	1.5647732446523923	0.35508477871701655	0.06860299894750876	0.05942304461409398
2012-12-21	1.5650663874739819	0.3163454305936176	0.15977553398127609	0.16487373990354892
2007-11-7	1.1353731225167165	0.49919928394981805	0.01570403948263599	-0.042316083684343364
2013-9-17	1.5486001188965282	0.31634543059361736	0.2112302229937877	0.21164288611386173
2011-12-1	1.4654768103545563	0.31634543059361747	0.09821299805032657	0.09647742849140739
2012-1-9	1.543279219811714	0.31634543059361775	0.11541384654614495	0.12350738163070663
2015-5-18	0.8885834524996055	0.2740616373280849	-0.17438587451502785	-0.27203420593653704
2013-4-17	1.5223487789492587	0.3163454305936176	0.16832470277510292	0.1705422753444814
2014-1-8	1.641777431096177	0.3163454305936174	0.2857377010938533	0.3000318158449866
2006-4-27	4.168353855218529	0.5266793893544519	0.15890958077310247	0.12971813819360922
2007-3-26	1.9162794136955061	0.5266793893544519	0.07700559825970288	0.03578236231361598
2013-11-15	1.5847852128920012	0.31634543059361736	0.24251400239716392	0.24823469448179503
2006-6-14	3.820964765314916	0.5266793893544525	0.15073055834790727	0.11917619867250684
2013-2-25	1.4670925590146662	0.3163454305936174	0.14442989138038032	0.13809010669039723
2011-1-21	1.3250905660147017	0.3163454305936178	0.058637899251063	0.048051542982535445
2013-11-7	1.5892820135625974	0.31634543059361736	0.24139770431071073	0.2479323408758347
2014-12-25	1.1227104645325927	0.3163454305936172	0.12130268617715201	0.1263865775105535
2011-6-16	1.3559857617004982	0.3163454305936173	0.06938193622470767	0.05758344799586146
2012-11-5	1.5979512329743626	0.31634543059361747	0.16055445328464035	0.1688676919362344
2015-9-22	1.0909304525895327	0.05354183910098976	0.3828490725635951	0.5590818370821076
2010-11-18	1.2841815458710644	0.3163454305936172	0.05011425343471987	0.035444533896020536
2008-11-20	1.9993745426694456	0.3552817825662155	0.10235709002133975	0.09822584567454395
2008-7-28	1.594007545033397	0.35528178256621606	0.06481139136683778	0.03277503236052559
2009-12-22	1.269759721884915	0.325782875900955	0.040456686888928006	0.021706556656853726
2013-6-3	1.4932116946212413	0.31634543059361764	0.16864596939888776	0.15396096338813448
2014-11-12	1.4145367131248312	0.3163454305936176	0.3596668338524849	0.3898601878777299
2015-5-20	0.867851278306517	0.2720180304182127	-0.2070440797863795	-0.318482803099866
2015-7-23	0.933468894036228	0.17197915865968266	-0.14618989172101904	-0.24459508844243227
2010-1-15	1.2372421590125717	0.3257828759009548	0.03638835592064216	0.013028478496883933
2009-11-26	1.2273447047499586	0.3257828759009535	0.034191765551721875	0.012588947631207992
2006-6-1	3.6028996254895223	0.5266793893544519	0.14309956460022488	0.10840859161165572
2010-7-16	1.4842211306298698	0.3257828759009541	0.07503893411380691	0.06881892824869817
2009-2-12	1.6794410377906244	0.3552817825662159	0.07827625830881901	0.07289847368712832
2009-6-12	1.379362435573963	0.35446486750301837	0.050322613649177894	0.04017764739157692
2012-2-27	1.436362172167727	0.31634543059361764	0.0989342150934569	0.0948667415765152
2006-8-15	3.899377916573191	0.5266793893544521	0.15616224484185381	0.12315224045959572
2008-1-29	1.2314786799378539	0.44833670984617635	0.02663661116538729	-0.029327941055031004
2015-8-28	1.090838840680363	0.05354183910098964	0.29435615329066556	0.42040338074456396
2006-5-12	3.836136609146615	0.5266793893544518	0.14968867664999008	0.11688248338709095
2014-3-17	1.6934724016449492	0.31634543059361725	0.342992671169698	0.3702654403624095
2009-8-5	1.1623100039207916	0.3296401841319991	0.023769510303470964	0.000872119854433695
2014-4-3	1.6822846885374545	0.31634543059361747	0.3484900291685906	0.37379213380389875
2010-9-8	1.319709702229129	0.3163454305936175	0.0536362940647912	0.04479495073796236
2008-12-8	1.8575669711465448	0.3552817825662157	0.09167318005391034	0.08644084167034394
2014-5-7	1.6978472311260888	0.3163454305936177	0.3791842354781465	0.4096748052364867
2013-6-28	1.653473390572722	0.31634543059361764	0.22240612157916262	0.23876617956438206
2012-9-20	1.642269663305486	0.3163454305936177	0.16360402499428206	0.17870767951934985
2012-12-5	1.6380737295151833	0.31634543059361747	0.17465994657013195	0.18983991459817884
2011-10-25	1.4461788914980707	0.3163454305936177	0.09225260928009216	0.08983862496432815
2008-4-7	1.3937719473741992	0.3758932310828612	0.04387833868311941	-0.002850482349352257
2013-9-12	1.5197766991065293	0.31634543059361736	0.1999859410293563	0.19325499151090875
2014-9-24	1.523480286986408	0.3163454305936177	0.39560448452078045	0.4079888136908256
2008-8-12	1.7563478920862399	0.35528178256621584	0.07926743155588079	0.06014153810537315
2008-6-6	1.4795053371422322	0.3552817825662156	0.05312762474747612	0.009981708807791145
2010-12-23	1.273247392045242	0.3163454305936175	0.0493065540930846	0.03348883694575
2015-5-27	0.8142194046392903	0.290176629727277	-0.2934065991242306	-0.4178450817237471
2015-12-11	1.0255535511904352	0.003169204383420589	0.6680568191385614	1.331580832123905
2011-2-9	1.3092785740762052	0.3163454305936175	0.056682073688209655	0.04448863680586279
2012-2-16	1.486657160298511	0.3163454305936176	0.10794003273361952	0.10730156318087758
2012-6-12	1.5094881821790989	0.31634543059361775	0.12306202593311277	0.11703633911621614
2008-1-17	1.1465514472472547	0.46947358193527877	0.01734362854607263	-0.04366484210206967
2013-2-21	1.4649766027145994	0.3163454305936177	0.14325809625393426	0.13667009401998098
2009-11-26	1.2273447047499586	0.3257828759009535	0.034191765551721875	0.012588947631207992
2012-3-9	1.4421453933725552	0.3163454305936175	0.10091597642106875	0.09481678421008555
2008-10-22	2.0646825518626506	0.35528178256621595	0.10610481865829446	0.10515294621115756
2011-8-9	1.3937902592703268	0.3163454305936173	0.0785330919485061	0.06970831767813923
2014-1-9	1.6505523348713096	0.3163454305936173	0.28967240636277025	0.30634334447132616
2013-10-8	1.540935451099232	0.31634543059361764	0.21453629127051776	0.2144204070150313
2006-12-29	2.5136557559560213	0.5266793893544522	0.10777448789085109	0.07025618611555196
2006-11-23	3.085274932766848	0.5266793893544522	0.13173379879883496	0.09585302396054773
2012-6-11	1.5033843148326043	0.3163454305936175	0.12168072168045119	0.11471125497017742
2009-6-26	1.2893145585139651	0.33522836873611045	0.03979122477008756	0.02871847591418053
2015-6-10	0.8195383491272533	0.2730396934590653	-0.30204780044862123	-0.4633991024862584
2008-10-6	1.8926128448063293	0.35528178256621623	0.09220935109662776	0.0819066918138942
2013-9-6	1.5624413564870367	0.31634543059361725	0.21286711966490457	0.22390390717465558
2013-5-2	1.5252984603093769	0.3163454305936176	0.17198833477574804	0.1749820006323679
2013-10-11	1.5357893303083787	0.31634543059361775	0.21357898671363507	0.2093478955049337
2009-4-13	1.509740417788637	0.35501775518530376	0.06326597059814021	0.05317458956394594
2012-1-6	1.5756451703171248	0.3163454305936178	0.1209917734983752	0.13272167010175884
2010-8-18	1.3536104976326608	0.3251881103438247	0.058034549794698354	0.047175433565214364
2009-2-19	1.6892415945901367	0.35528178256621545	0.0794185919407231	0.0744609906772804
2011-12-14	1.5326120314515188	0.31634543059361747	0.11136196951719146	0.11784634865976318
2006-5-30	3.646393088438852	0.5266793893544519	0.14444344192265435	0.11035001811288359
2014-10-27	1.535425335996675	0.31634543059361764	0.44150626343626387	0.4835518262360565
2010-6-17	1.4431088884870455	0.32578287590095506	0.0684888660053129	0.05872355039146604
2010-11-15	1.245231838407161	0.3163454305936176	0.043738298930132036	0.024996932412101103
2012-1-16	1.552312729668659	0.31634543059361736	0.11765376856936771	0.12691072548289561
2012-3-26	1.4843113608161234	0.3163454305936175	0.11070421236720884	0.10826831325482766
2013-12-4	1.5417205222728168	0.31634543059361775	0.23279297338844707	0.22431362429610058
2015-8-10	0.9643552268985306	0.1445818586682714	-0.08967772197536739	-0.19177400534234357
2013-5-8	1.4910354832259605	0.3163454305936175	0.1631073641542069	0.15967283259534049
2015-5-21	0.8562647218228958	0.27626793522939436	-0.2251851738622861	-0.33942953796496866
2014-1-21	1.6661243941311104	0.31634543059361747	0.3015473882208781	0.32302257920957844
2012-8-29	1.63452661152606	0.31634543059361747	0.15877752808331635	0.172198627191682
2014-10-24	1.5269314067315616	0.31634543059361747	0.431102795171443	0.4680124543964077
2014-5-19	1.708151680514806	0.3163454305936175	0.39346263391555913	0.4287742419096954
2008-12-4	1.9489171629479014	0.35528178256621595	0.0989603313493681	0.09478285490948668
2009-7-29	1.2035227155692954	0.32964018413199925	0.02926707084509972	0.008691669997625606
2007-1-5	2.4481549581070863	0.5266793893544524	0.1047657018856809	0.068569255051939
2011-3-11	1.2552065351793866	0.3163454305936174	0.0484367002991557	0.031077801300674723
2010-8-27	1.3813757678904584	0.3251881103438266	0.062339909129847326	0.05274282880143644
2011-12-22	1.554811445086876	0.3163454305936176	0.11598482942835453	0.12513494435863715
2011-10-25	1.4461788914980707	0.3163454305936177	0.09225260928009216	0.08983862496432815
2007-4-10	1.7431958717418137	0.5266793893544522	0.0657570089196764	0.02312350632822513
2014-4-1	1.683287961986611	0.31634543059361764	0.3476850733167176	0.3731110825425241
2011-7-5	1.3006123340581974	0.3163454305936176	0.06031738038318757	0.04238362617062963
2006-10-10	3.5487514287314994	0.5266793893544519	0.14717851032986506	0.10994030390474063
2015-12-23	0.9812101517201537	0	-0.6846034077383956	-0.811174948157895
2011-8-23	1.3866111756103756	0.3163454305936174	0.07797227781389116	0.06834912948319061
2006-7-10	3.623399781747251	0.526679389354452	0.1455102211852084	0.10892674550726777
2014-9-10	1.5401579302779862	0.3163454305936174	0.3935709730017072	0.39801179524399055
2007-6-7	1.4513368785654217	0.5266657045843974	0.04443747124845987	-0.001246995234209014
2015-11-11	0.9811129731384614	0.05021915772614483	-0.13497225847153782	-0.13386117799440744
2007-6-8	1.4431139789571579	0.5266657045843972	0.04375930905869119	-0.0023324551114413117
2011-8-10	1.3861183859594803	0.3163454305936175	0.07722844856468636	0.06750747600630946
2012-12-18	1.5677130639156887	0.3163454305936174	0.1599559623415474	0.16502120939859943
2011-6-1	1.3323415161232872	0.3163454305936173	0.0646423941033818	0.05032461957082002
2010-2-1	1.3126407830137936	0.32578287590095406	0.04710982623263127	0.030344381700494916
2015-10-12	1.0594440997397354	0.06629177508219893	0.3102446580550846	0.5039683292679811
2012-7-12	1.5407393579780244	0.316345430593617	0.1328356732661744	0.1318232620626003
2006-8-21	3.8900495130501787	0.5266793893544525	0.1561610295941569	0.12293677839471906
2011-7-5	1.3006123340581974	0.3163454305936176	0.06031738038318757	0.04238362617062963
2011-6-3	1.3370966184439852	0.31634543059361764	0.06555164064777652	0.05175341733523675
2015-9-1	1.0869368658707486	0.05354183910098949	0.2913586055250492	0.4114585550184837
2008-9-2	1.8202473455374026	0.35528178256621584	0.08519479783731576	0.0703947680022714
2009-10-23	1.22001075318976	0.32578287590095445	0.03266740067398044	0.015844736368258783
2007-8-29	1.1449187263612488	0.5223529148049527	0.016359972264005318	-0.037448436292562115
2011-4-26	1.2764841863166114	0.3163454305936177	0.05355090410327201	0.0330462274814578
2013-12-31	1.604364499404628	0.3163454305936177	0.26745786724367404	0.2714741701478163
2006-6-2	3.6255331562026525	0.5266793893544522	0.14389072882297627	0.10949908621095239
2006-5-16	3.752908838842483	0.5266793893544519	0.1472544205307773	0.11394736760539836
2015-4-3	0.9353534769177034	0.29315611672976544	-0.0863843420395708	-0.13013159456553425
2010-2-12	1.287991323070942	0.32578287590095445	0.04398538400561769	0.025120331792182427
2015-10-9	1.0852556563532183	0.055959525792039104	0.445817892403493	0.7088786740470092
2014-1-10	1.6584179783764132	0.3163454305936175	0.2932511746980344	0.3120532355501653
2007-6-18	1.3526668007614315	0.5266657045843975	0.03601810978912501	-0.013578047127593806
2015-1-28	1.0872137032889206	0.31634543059361786	0.09538553046256926	0.07332499775291734
2008-7-9	1.5810002008964794	0.3552817825662151	0.0631801795434368	0.030037621712037055
2011-9-30	1.4618460099013708	0.31634543059361764	0.09346940687794492	0.09267312089574564
2006-12-14	2.7560239797095964	0.5266793893544521	0.11858366072518711	0.08251189303927209
2009-8-19	1.3292295534131398	0.32964018413199786	0.04573242659488552	0.03540939835227941
2007-4-18	1.6337151209808023	0.5266793893544521	0.05801410444924704	0.015004638479703347
2009-5-14	1.4516349534364115	0.3549069124219372	0.05782147388035419	0.04596305350954366
2008-11-10	2.0857004729617383	0.35528178256621507	0.10849065859388718	0.10866173348866215
2009-5-5	1.4779038930603645	0.3549181686141457	0.06045520057040066	0.0495301727259958
2006-11-23	3.085274932766848	0.5266793893544522	0.13173379879883496	0.09585302396054773
2006-7-12	3.6107550057099997	0.5266793893544522	0.14517748906517092	0.10840805282157384
2010-10-28	1.2123495451516655	0.31634543059361725	0.03792855723144495	0.019879693581124736
2010-3-17	1.2818671499566583	0.3257828759009543	0.043827711598881214	0.024289178807706868
2009-3-16	1.7272274937624532	0.3552817825662154	0.0837936060083817	0.07920818614419933
2014-8-26	1.5911143128377847	0.31634543059361775	0.41334096888179084	0.43151579246976324
2014-5-7	1.6978472311260888	0.3163454305936177	0.3791842354781465	0.4096748052364867
2014-3-31	1.6913574293182096	0.3163454305936176	0.3507455369877748	0.37856804323114446
2011-7-4	1.3007948399647318	0.3163454305936176	0.06031262290442463	0.042395887860938286
2008-3-25	1.3810275615400416	0.3758932310828615	0.0424392208570743	-0.0048213518685475965
2015-4-7	0.9195643315328186	0.29315611672976544	-0.10869140743664918	-0.1568810837911232
2013-5-21	1.48870464621098	0.3163454305936178	0.1648107673869741	0.14963837969986393
2009-2-9	1.7082766193051637	0.35528178256621584	0.08084748417499932	0.07427220068253315
2013-1-8	1.4848663294471276	0.31634543059361725	0.14223792880472885	0.14347623498482842
2010-4-27	1.342323256545309	0.3257828759009547	0.05322968749365575	0.03418339254200409
2008-9-18	2.024782322070022	0.3552817825662151	0.10172263012638272	0.09865783866688593
2011-9-1	1.3823546285543502	0.3163454305936175	0.0776677284824503	0.06757070684786393
2010-11-16	1.2789829916258824	0.31634543059361786	0.04922780658151815	0.03402567802663792
2007-5-18	1.4588497203951607	0.5266657045843974	0.04477438053057581	-0.0004539075893869038
2012-2-21	1.4763747306965482	0.31634543059361764	0.106349920619353	0.10473318913797636
2015-8-7	0.9906616971333078	0.14458185866827142	-0.02350067071347084	-0.09145387610490097
2009-4-29	1.534714573768516	0.3550177551853041	0.06631383302887905	0.056607903407629445
2011-3-18	1.2745177469174986	0.31634543059361747	0.05198578972758683	0.033319299839331684
2013-5-17	1.4727365746667713	0.31634543059361775	0.15928445386543966	0.15281684817567354
2008-8-18	1.8088970404385791	0.3552817825662148	0.08377939660152034	0.06822208662975315
2011-9-1	1.3823546285543502	0.3163454305936175	0.0776677284824503	0.06757070684786393
2007-7-9	1.4540578886044007	0.5266657045843974	0.045137928705699215	-0.001846741336461677
2008-8-26	1.8008143998006356	0.3552817825662153	0.08337888934710613	0.06729755705711282
2009-2-5	1.7964394189782698	0.35528178256621534	0.08862601732640552	0.08440374292767716
2006-4-18	4.278127654453632	0.5266793893544519	0.16158272701652887	0.1318125815931832
2015-1-22	1.0782993906798257	0.3163454305936172	0.08403572852731167	0.0583935954503676
2012-10-24	1.5955711019362866	0.3163454305936177	0.15822684177896496	0.16604547459042118
2010-4-20	1.3268449888851883	0.32578287590095406	0.05090376503147587	0.030318005670733505
2013-7-18	1.6326775114472305	0.31634543059361764	0.22158144436085236	0.2345394532894547
2009-2-3	1.817498787700871	0.3552817825662151	0.09039176388354497	0.08744001781079414
2010-3-30	1.2574421334567871	0.3257828759009544	0.04061950846808693	0.019476970012303196
2009-3-2	1.759044183780878	0.3552817825662161	0.08620289489386823	0.08427726197727692
2008-6-2	1.4551659602393239	0.3552817825662153	0.05074626991584319	0.0048725936119584645
2012-7-25	1.5743626218849036	0.3163454305936171	0.14146513967646768	0.14558902813862273
2013-3-28	1.5078007055791902	0.31634543059361764	0.1606660869208627	0.15993095570081817
2010-12-8	1.2777454688377319	0.31634543059361747	0.04962772516647407	0.03428675296620454
2011-6-2	1.3455984699496402	0.316345430593617	0.06698736589895482	0.05409384717458843
2009-10-30	1.2695931796666122	0.32578287590095506	0.0394634614078504	0.022456609998784183
2011-11-4	1.4015083717332577	0.3163454305936176	0.08466377972216521	0.07706011434773652
2012-9-12	1.588695715114194	0.3163454305936176	0.15079348211931598	0.1579406183777925
2011-12-2	1.4743799931463164	0.31634543059361775	0.09991510888752986	0.09930106966357255
2007-11-27	1.2266047716148796	0.49919928394981805	0.025558549499707706	-0.027420201057804627
2007-8-27	1.127135720440212	0.5261827018214147	0.014444454616417746	-0.039002877255909896
2010-6-2	1.4388185994245202	0.3257828759009543	0.06739762154230622	0.05725845187901357
2014-5-28	1.681879499071428	0.3163454305936175	0.3870593742569377	0.41400815874472063
2006-10-27	3.493720736972405	0.5266793893544524	0.14602498535528174	0.11037611529912938
2012-12-21	1.5650663874739819	0.3163454305936176	0.15977553398127609	0.16487373990354892
2013-9-27	1.5632878100888876	0.3163454305936176	0.21914721988604602	0.2217209588212159
2012-1-13	1.5328678298778982	0.31634543059361764	0.11384609366697318	0.1208044232235499
2008-4-25	1.4027443431854367	0.3758932310828615	0.04503868836744407	-0.001416724343515141
2009-12-18	1.2499160264278348	0.32578287590095484	0.03766892850743986	0.0173167825287055
2011-6-13	1.3468382908563474	0.3163454305936174	0.06766208416306574	0.05488257412459152
2014-3-31	1.6913574293182096	0.3163454305936176	0.3507455369877748	0.37856804323114446
2010-7-5	1.5222051489278372	0.32578287590095456	0.07957167003557863	0.07631465910043955
2015-4-2	0.9482868502552609	0.31634543059361747	-0.06901868972061942	-0.11665417634152198
2012-8-29	1.63452661152606	0.31634543059361747	0.15877752808331635	0.172198627191682
2007-7-19	1.4570118671765038	0.5266657045843977	0.045538528409552415	-0.0014097060533533323
2010-11-12	1.250435566525282	0.3163454305936177	0.04451523532752866	0.026351676910688848
2006-8-21	3.8900495130501787	0.5266793893544525	0.1561610295941569	0.12293677839471906
2007-2-12	2.117604008342256	0.5266793893544519	0.08814099891079841	0.047770887720832045
2007-11-20	1.1725383613294593	0.4991992839498179	0.019814623175363755	-0.036103526499401406
2007-7-10	1.4647257961025226	0.5266657045843978	0.046054514720135886	-0.0004302042221693281
2009-12-25	1.2423432427436967	0.3257828759009532	0.036743102822077045	0.015733388404846504
2007-10-16	1.0623926269041493	0.5084151205922446	0.0074007825549819994	-0.05290482694670551
2011-9-28	1.4518549102797471	0.3163454305936174	0.09158270997048334	0.08966003121016497
2014-7-9	1.6930030200790216	0.3163454305936177	0.4293225524687019	0.4622251847697263
2009-5-19	1.4250751440639866	0.3548123507504267	0.05499607129927231	0.04339793848198559
2007-3-26	1.9162794136955061	0.5266793893544519	0.07700559825970288	0.03578236231361598
2008-5-12	1.3888384536341736	0.35736377827083227	0.0439565225168963	-0.004875686485425912
2007-8-23	1.1434388210069946	0.5261925061792962	0.016170225764642998	-0.03657356716737281
2015-3-26	0.9848281269000968	0.31634543059361747	-0.019872449777573298	-0.06205996248714629
2007-11-2	1.1203798503799065	0.4991992839498177	0.014024502803442473	-0.04489497998406233
2008-2-1	1.2600083909716915	0.4495237413460499	0.029640699673053827	-0.02434650466845434
2009-11-10	1.2107033836575416	0.3257828759009537	0.03164601705000569	0.011648927345077054
2012-7-24	1.568139637667309	0.3163454305936175	0.1400285933445431	0.14322524923723834
2014-11-21	1.3947505514752723	0.31634543059361714	0.3516727478005779	0.4054470730632782
2015-5-29	0.8542713370786371	0.292941947121529	-0.23558474636953397	-0.3495563938852704
2013-12-10	1.5510285860405075	0.3163454305936173	0.23848901789349242	0.23160139372029565
2013-9-24	1.538857408194981	0.3163454305936175	0.20982020582071392	0.20997428147682573
2014-10-23	1.5249612779187374	0.31634543059361775	0.42835688074366574	0.46400290802962507
2011-3-29	1.262710694278556	0.31634543059361736	0.05026643531256125	0.03069838262622593
2008-6-2	1.4551659602393239	0.3552817825662153	0.05074626991584319	0.0048725936119584645
2008-1-18	1.1393742042113983	0.47279459910248534	0.016546461194089312	-0.044768919381784844
2009-3-26	1.59995253484794	0.35508477871701466	0.07194818047153984	0.06354594314598261
2009-4-22	1.5418220906733808	0.35501775518530354	0.06685412173821303	0.05821554396403439
2011-9-16	1.4120452105982282	0.31634543059361764	0.08379892399481137	0.07727621753186198
2007-5-15	1.4979797408558104	0.5266657045843975	0.047939963342810143	0.0049596394839110935
2015-4-8	0.9121908946496684	0.29315611672976566	-0.11890295388870653	-0.16706908388845776
2012-7-24	1.568139637667309	0.3163454305936175	0.1400285933445431	0.14322524923723834
2011-6-8	1.3309627451493427	0.31634543059361725	0.06468111686581235	0.05019840663612296
2009-5-14	1.4516349534364115	0.3549069124219372	0.05782147388035419	0.04596305350954366
2007-10-12	1.080196946370272	0.5001767970044805	0.009429962718344509	-0.0500541903188394
2013-5-21	1.48870464621098	0.3163454305936178	0.1648107673869741	0.14963837969986393
2013-8-6	1.6111883212375728	0.3163454305936179	0.22013982221348338	0.22923574737735608
2013-1-14	1.4618934014288223	0.3163454305936174	0.13706961729324818	0.13640733769338054
2008-9-26	1.8377006698290443	0.35528178256621556	0.08742699580079516	0.07377802930362831
2012-7-5	1.5479915789097878	0.3163454305936177	0.13358486367869715	0.1335573861875834
2010-4-23	1.322783714220093	0.3257828759009543	0.05041286452289162	0.02941609645540688
2008-1-14	1.096022705730202	0.492853982623551	0.011582769573747376	-0.05151725665358309
2006-11-27	3.055346076790907	0.5266793893544525	0.13068984547221385	0.09473607797516248
2011-5-16	1.3076672025458618	0.31634543059361747	0.05971835299716988	0.04269837313594382
2012-12-3	1.6848455643334008	0.3163454305936176	0.18513671684342436	0.20737701125089125
2011-6-10	1.343651233608864	0.31634543059361775	0.06698103544312639	0.05387410676687843
2015-4-14	0.8910272642893502	0.2931561167297656	-0.15007019384231446	-0.20783935632560657
2008-7-24	1.5898647166323987	0.35528178256621495	0.06434027095924644	0.03195387928052473
2015-10-21	1.0557603289095887	0.03835596853011406	0.3324693499478286	0.5254119807193043
2010-4-23	1.322783714220093	0.3257828759009543	0.05041286452289162	0.02941609645540688
2013-12-12	1.5702493508236646	0.31634543059361764	0.24667833975860165	0.24305912232029692
2015-10-16	1.045000024870943	0.04538328989315994	0.2424813025127972	0.3608666634069011
2015-8-28	1.090838840680363	0.05354183910098964	0.29435615329066556	0.42040338074456396
2010-10-11	1.2708171641927393	0.3249600289890151	0.046989740096442745	0.03567698407773823
2015-7-8	1.0248039170939403	0.1660076837365629	0.05274010872736534	0.05743964511383548
2014-2-13	1.6242117247401922	0.31634543059361764	0.2954013144499046	0.30644952563441974
2010-11-8	1.1872313813287207	0.3163454305936173	0.0339370335911926	0.011415994207905289
2015-2-10	1.1094795464603313	0.31634543059361725	0.1249793443849998	0.11888882812289059
2007-12-28	1.1337890499178662	0.4990314696825179	0.015803105434622156	-0.042762023329833254
2009-8-13	1.2271930368441324	0.32964018413199897	0.03260540351649399	0.014078759623865844
2014-12-3	1.2482382984375406	0.3163454305936172	0.2299687826300787	0.24783416874248299
2013-5-13	1.4951469556672259	0.31634543059361736	0.16524236827203698	0.16266236045985294
2015-4-13	0.8925434047337619	0.2931561167297657	-0.1475062647586991	-0.20281786327134876
2009-1-13	2.0006722297305823	0.3552817825662141	0.10474536448536109	0.10509353375703734
2006-10-19	3.5264319358768046	0.5266793893544519	0.14681400980232207	0.11007177206571539
2013-11-15	1.5847852128920012	0.31634543059361736	0.24251400239716392	0.24823469448179503
2009-8-6	1.1792963183832021	0.3296401841319986	0.026103301124873912	0.004165232931571117
2012-8-22	1.599648302670702	0.3163454305936174	0.150378197428366	0.15869107600197063
2011-9-26	1.4518350647555518	0.3163454305936175	0.09145618736045402	0.08950747001911519
2012-8-2	1.5841641360418406	0.3163454305936178	0.14451909374067018	0.15020809994377715
2008-2-13	1.2234833367443516	0.448022611833052	0.02592893329782542	-0.03086650765018495
2007-1-16	2.223798078852741	0.5266793893544521	0.09333917817832527	0.05374445130443117
2007-3-28	1.8938443105526386	0.5266793893544524	0.07560884575866411	0.034377047856771537
2009-9-4	1.3119559525666484	0.3296401841319995	0.043894218608766966	0.03229839768163201
2007-4-19	1.691452154650504	0.526679389354452	0.06226437946586416	0.020599038128815472
2015-5-26	0.8121910152040908	0.2910475340613339	-0.29523786550035136	-0.41968934979721073
2006-9-19	3.674235828781145	0.5266793893544519	0.15050163139583983	0.11423778581540556
2012-10-10	1.5862532471937731	0.3163454305936174	0.15409983740102517	0.16136532594356523
2013-4-3	1.5133863424977014	0.3163454305936174	0.16327308762298376	0.1636467226822822
2008-12-8	1.8575669711465448	0.3552817825662157	0.09167318005391034	0.08644084167034394
2015-10-13	1.0600657228035506	0.06475235182009406	0.31851177690488885	0.5174822993508978
2006-5-17	3.747314063666407	0.5266793893544524	0.14712145697282208	0.11360004530939571
2011-6-30	1.3208502712095633	0.3163454305936176	0.06377108249871677	0.04815724133402366
2009-8-7	1.204125130560184	0.3296401841319994	0.029462044053973457	0.008876633966803604
2014-5-6	1.6883929484724138	0.31634543059361786	0.37378888165433666	0.4009325217238071
2006-9-11	3.7772418382086306	0.526679389354452	0.15354460684012028	0.11744548422578593
2006-12-5	2.8411109372893537	0.5266793893544519	0.12199753496671084	0.08503705455824506
2012-8-15	1.5850206275083718	0.3163454305936175	0.14633548051071998	0.15238754842206448
2009-5-14	1.4516349534364115	0.3549069124219372	0.05782147388035419	0.04596305350954366
2007-3-20	1.9811421687887234	0.5266793893544524	0.08094490479482319	0.0396808412292422
2008-7-1	1.6703415871321468	0.3552817825662147	0.07081094000750232	0.045308260211206486
2010-4-20	1.3268449888851883	0.32578287590095406	0.05090376503147587	0.030318005670733505
2014-7-11	1.6932252783024346	0.31634543059361736	0.43135682448680246	0.4646251376118624
2010-6-25	1.4448757119832867	0.32578287590095395	0.06900734716584012	0.05941557490477689
2015-2-4	1.1106465144189086	0.3163454305936174	0.12387248053172617	0.11848236449236293
2009-10-29	1.2681718726304432	0.32578287590095417	0.03925690456672526	0.024139829347222808
2007-3-8	2.0409024223928975	0.5266793893544525	0.08427995441423608	0.04154030916254059
2012-2-8	1.4824909446296841	0.3163454305936176	0.10650194504646615	0.1075467632306768
2013-1-14	1.4618934014288223	0.3163454305936174	0.13706961729324818	0.13640733769338054
2008-6-25	1.59330743654167	0.3552817825662153	0.06394503817631869	0.03197207986283224
2012-8-28	1.6240508404316738	0.31634543059361764	0.15640703153907776	0.16832937803982828
2015-6-29	0.9436828751711804	0.19536169907199258	-0.10918050941636004	-0.19403485323281533
2014-4-21	1.6749975489055984	0.3163454305936177	0.35681470455999476	0.37822126673086043
2010-4-29	1.3543560676245234	0.3257828759009546	0.05494120922121182	0.03707949056059534
2008-3-13	1.3227084667174624	0.38796310738931317	0.03650720377249583	-0.013993413373042163
2015-1-29	1.09530458211995	0.3163454305936171	0.1045981507379925	0.08822666233654397
2013-8-8	1.6191579844490067	0.3163454305936176	0.22321701541382666	0.23361634889631566
2014-3-12	1.7077578830776037	0.3163454305936175	0.34625001615545203	0.37733595437313716
2006-8-24	3.8494742094901393	0.5266793893544524	0.15501294856550563	0.1210068045930297
2007-8-7	1.2262323243751405	0.5262628205146352	0.02457646621185483	-0.0267609207302949
2013-5-20	1.4659703437732194	0.31634543059361775	0.15778020517824887	0.15035463869156174
2011-3-31	1.2721295355546287	0.3163454305936173	0.05197016813344124	0.033059585889857024
2011-5-12	1.3074641342784672	0.31634543059361747	0.05953755360293922	0.042512633541764266
2010-3-30	1.2574421334567871	0.3257828759009544	0.04061950846808693	0.019476970012303196
2010-10-13	1.2507576899453023	0.3164519856600836	0.04384989326055777	0.03043038606909021
2015-12-1	1.026808933609449	0.013363022854498047	0.4118080217671998	0.8284350647827461
2013-7-5	1.6413493266497432	0.31634543059361736	0.220681592434824	0.2349169473345072
2014-11-4	1.4704034386943896	0.31634543059361736	0.3980100712860901	0.41984709961678846
2012-12-18	1.5677130639156887	0.3163454305936174	0.1599559623415474	0.16502120939859943
2015-1-13	1.0845284120068484	0.3163454305936176	0.08830659186728829	0.07365826314278445
2015-12-21	0.9813328475666152	0	-0.5767272317825002	-0.7121416587539726
2013-3-15	1.4936837037066855	0.3163454305936174	0.15456517555120453	0.1510791606563362
2008-3-12	1.3026770988835583	0.39723191940064734	0.034469032737383776	-0.017271055066298335
2007-1-19	2.1641466805924576	0.5266793893544518	0.09011120352257063	0.05170361143669622
2006-9-25	3.6900643478953215	0.5266793893544518	0.15132184219095923	0.11496859188235842
2007-11-14	1.1620811293987774	0.49919928394981794	0.018650916973675047	-0.03780653445075699
2014-2-19	1.6136586780186515	0.3163454305936175	0.2938234501616084	0.3006308790423564
2013-3-7	1.4667231584782094	0.3163454305936175	0.1458316458568285	0.13727567224197124
2015-5-25	0.8229012599924215	0.29484158080202116	-0.27845123082442813	-0.3991236547910654
2012-5-9	1.4589764366790299	0.3163454305936175	0.10931438225418955	0.10014887838246556
2006-8-9	3.9276707213572024	0.5266793893544521	0.15675856577220393	0.12430815093057679
2014-5-19	1.708151680514806	0.3163454305936175	0.39346263391555913	0.4287742419096954
2009-1-6	1.9580051397960256	0.35528178256621556	0.10103776745782178	0.09928268987703825
2015-4-23	0.8662475921735662	0.27406163732808453	-0.18911852460789447	-0.286597557660913
2010-4-1	1.267544611639482	0.32578287590095406	0.042108777974350975	0.01817250660485481
2013-7-3	1.6518562139211368	0.3163454305936176	0.223276428653419	0.23950506936957727
2009-11-13	1.2196512386345606	0.32578287590095417	0.03292939713887244	0.010962252972094744
2007-8-16	1.2209814290288183	0.5262701548915245	0.024124833038161375	-0.02677455362869574
2012-10-22	1.5798210189764368	0.3163454305936177	0.15433482015367628	0.16042801688389896
2012-7-9	1.553286303903673	0.3163454305936176	0.13514850920228838	0.1359383316848639
2006-4-21	4.213491096986938	0.526679389354452	0.1599075757653572	0.13010245831259337
2007-2-12	2.117604008342256	0.5266793893544519	0.08814099891079841	0.047770887720832045
2015-7-10	0.9550698257079098	0.16567613338731094	-0.09294697402260477	-0.16975822446339406
2009-6-2	1.4107048766741248	0.3547011849747958	0.05370073978810819	0.042266056040706435
2009-7-29	1.2035227155692954	0.32964018413199925	0.02926707084509972	0.008691669997625606
2008-7-2	1.669881926075564	0.3552817825662164	0.07079839958921075	0.04526060577820279
2006-7-5	3.6579739749537277	0.5266793893544525	0.14643223801094907	0.11035465431738944
2013-2-28	1.4423810559698826	0.3163454305936176	0.13803320990623402	0.12815311294789455
2014-9-17	1.540826429319912	0.31634543059361764	0.4009797359880354	0.41921050639180746
2008-8-20	1.7231855385215913	0.35528178256621457	0.07672094563281817	0.055199023894624055
2008-5-9	1.394468612052877	0.35736377827083243	0.04446089206024717	-0.004000491035567655
2014-4-15	1.652961196232714	0.3163454305936172	0.34237727451822897	0.35866728313823737
2008-10-22	2.0646825518626506	0.35528178256621595	0.10610481865829446	0.10515294621115756
2014-12-12	1.1820402435815844	0.3163454305936174	0.17327532424985015	0.16951839793417367
2009-6-1	1.4122326769291105	0.3546869410107438	0.05385111755991856	0.042622114103262776
2009-5-12	1.4531856242555286	0.3549069124219368	0.05794258013481457	0.046152177758371105
2010-5-28	1.4107956267631638	0.32578287590095323	0.06347981048904083	0.05087699878898322
2015-11-19	0.9913884220395588	0.04027185830270798	-0.07588703258720875	-0.031210139749540122
2015-1-20	1.1115194266920316	0.31634543059361747	0.11908268176818759	0.11495303343714403
2007-1-30	2.072470632498223	0.5266793893544515	0.08514926598377826	0.044478827839099955
2015-5-29	0.8542713370786371	0.292941947121529	-0.23558474636953397	-0.3495563938852704
2006-6-2	3.6255331562026525	0.5266793893544522	0.14389072882297627	0.10949908621095239
2014-3-7	1.6817361166647926	0.3163454305936177	0.33190650393647614	0.35495733405713037
2012-6-26	1.5392590816701075	0.31634543059361736	0.13076253960253847	0.12932134161655906
2015-4-24	0.8711111664296722	0.2740616373280845	-0.18312415868526422	-0.279053848678981
2009-8-4	1.1526768469920152	0.3296401841319993	0.022429943199115066	-0.0010228362815581926
2006-5-9	3.939241958598105	0.5266793893544526	0.15271699993546006	0.12084231542760016
2015-3-11	1.0883959309877977	0.3163454305936175	0.11128818263614404	0.08452417462905326
2010-9-27	1.3452925770341408	0.31634543059361725	0.058038232309101545	0.05039111930779483
2013-9-12	1.5197766991065293	0.31634543059361736	0.1999859410293563	0.19325499151090875
2012-10-11	1.5965926936703572	0.31634543059361736	0.15657458792408407	0.1648875732680828
2010-9-13	1.3253494061757922	0.31634543059361714	0.05462755963542465	0.04615228209084288
2006-12-12	2.8165391202722008	0.5266793893544517	0.1211947930768087	0.08465443243626569
2013-5-7	1.4956379086487794	0.3163454305936175	0.16428048600849454	0.16171847336490974
2015-12-7	1.0122637769617995	0.012811169331346612	0.22412913141138624	0.39210261327430995
2012-1-20	1.491459206272088	0.3163454305936175	0.10671613799769841	0.10875000047026795
2006-7-5	3.6579739749537277	0.5266793893544525	0.14643223801094907	0.11035465431738944
2007-8-30	1.1296871223582803	0.5063209186166197	0.014733964073196493	-0.03899837277054119
2010-10-29	1.227915382188245	0.31634543059361736	0.040513543502175065	0.02092175911971772
2007-9-14	1.0983369862542967	0.5061536448577407	0.011370625943755597	-0.0425796965502091
2012-2-22	1.4632865428967585	0.31634543059361775	0.10387472327978453	0.10092478974125463
2007-7-10	1.4647257961025226	0.5266657045843978	0.046054514720135886	-0.0004302042221693281
2010-9-14	1.3244833997712928	0.31634543059361747	0.05452636629747709	0.045997332491551246
2015-8-10	0.9643552268985306	0.1445818586682714	-0.08967772197536739	-0.19177400534234357
2011-8-9	1.3937902592703268	0.3163454305936173	0.0785330919485061	0.06970831767813923
2007-11-26	1.2124181319352136	0.49919928394981755	0.024077211364480045	-0.029655021468864118
2015-8-12	0.9755452380581803	0.13465591200393479	-0.06294562989254038	-0.15779763681608205
2012-8-30	1.636029718866831	0.3163454305936173	0.1592377614462348	0.1728995453841493
2009-9-14	1.258637471229074	0.32964018413199847	0.03722865382393725	0.021358787684489178
2013-8-27	1.5864645561910544	0.31634543059361747	0.21804696965319192	0.22477176837381663
2015-9-8	1.0922697952576057	0.05354183910098965	0.3332588805048411	0.48212253574025055
2015-6-29	0.9436828751711804	0.19536169907199258	-0.10918050941636004	-0.19403485323281533
2008-5-16	1.3811103693494382	0.3609396778817282	0.04325730415240603	-0.005920813489340038
2015-4-10	0.9053706552433152	0.29315611672976527	-0.12887137305904117	-0.18111513592221085
2009-3-13	1.744528720220278	0.355281782566215	0.08527775298420748	0.08169493010819018
2015-11-6	0.9883120914939809	0.04324994532906235	-0.07777522136906267	-0.05580755211624866
2008-4-17	1.5091329578698063	0.3758932310828618	0.05487009995166514	0.013733184579515445
2013-1-8	1.4848663294471276	0.31634543059361725	0.14223792880472885	0.14347623498482842
2013-12-31	1.604364499404628	0.3163454305936177	0.26745786724367404	0.2714741701478163
2013-5-24	1.4955891707641646	0.31634543059361747	0.16744251367320429	0.1531409498385523
2015-9-24	1.1015660334761717	0.05354183910098967	0.4445333041640125	0.6742681914583575
2013-8-2	1.6312442027145198	0.31634543059361747	0.2253138953365874	0.23854315971474693
2014-11-12	1.4145367131248312	0.3163454305936176	0.3596668338524849	0.3898601878777299
2012-12-27	1.5242577684239347	0.31634543059361725	0.15055722637636126	0.15421157102958505
2014-11-6	1.4662925832747777	0.31634543059361764	0.3968340572554723	0.4257508659421698
2008-9-18	2.024782322070022	0.3552817825662151	0.10172263012638272	0.09865783866688593
2015-4-9	0.9173483284462154	0.2931561167297655	-0.11243371784704292	-0.15854225481131168
2008-3-6	1.241834490051187	0.4253846999906916	0.028087012257262955	-0.02767604456044237
2012-9-13	1.597607129946226	0.31634543059361764	0.15288453174878458	0.1613774520431328
2008-5-12	1.3888384536341736	0.35736377827083227	0.0439565225168963	-0.004875686485425912
2009-9-22	1.303426623725242	0.3296401841319986	0.04316140153398984	0.029702188771290938
2006-12-19	2.6511570470598147	0.5266793893544522	0.11397935727958397	0.0772130901167496
2007-2-7	2.1859642154459418	0.5266793893544521	0.09189221565064565	0.0533202079584254
2009-5-4	1.4851288255644428	0.3549329866689597	0.06120664694162259	0.05024617942822629
2010-8-9	1.3600724344464175	0.32518811034382633	0.05869634726258721	0.048223610211167056
