1118.607	1.0000328767123288
1124.414	1.0036915491842222
1131.281	1.0080135705012563
1138.241	1.012393793141504
1134.381	1.0100028738697568
1149.158	1.019274970450723
1142.698	1.0152569781317657
1141.93	1.0148010350955325
1155.726	1.0234592290526496
1155.268	1.0231972877264546
1172.347	1.0339099834799663
1218.445	1.0664505801523751
1251.611	1.0898672421131135
1265.933	1.099988865876837
1255.035	1.0923169812435116
1296.257	1.1214174108731578
1352.155	1.1608722253157024
1331.127	1.1460533086248854
1335.523	1.1491718315952528
1331.201	1.1461395304920545
1366.097	1.1707767734951984
1373.674	1.176630694381379
1317.654	1.133430924104262
1308.242	1.1261808766899546
1307.697	1.125770132023674
1331.02	1.1437692741425487
1366.292	1.1709849298623385
1378.756	1.1806083004779395
1365.451	1.1703555049592351
1402.879	1.1992341308006902
1390.116	1.1893993927642748
1403.163	1.1994724465997308
1399.142	1.1963805969973957
1320.233	1.135526072540558
1325.979	1.1394984243600732
1294.185	1.1176403985227443
1297.67	1.120057013204327
1298.276	1.120492658144635
1283.88	1.1106057860094019
1285.385	1.11166001449031
1318.01	1.1341271747251682
1334.893	1.1457626415236124
1338.223	1.148344437688026
1333.532	1.1447301230782705
1331.553	1.1432107917284078
1339.446	1.1486508406346485
1363.413	1.1671580360659213
1363.896	1.1675402576886582
1362.885	1.1667694093997583
1395.124	1.1916609449960858
1393.963	1.1907743281100798
1420.328	1.2111323062096797
1411.013	1.2039524255567333
1393.009	1.1900663668279523
1418.675	1.2098848583605715
1410.429	1.2035300353013452
1412.124	1.204847686717546
1418.575	1.209836024446205
1419.199	1.2103270785492228
1346.088	1.1539093870063681
1357.129	1.161500112080418
1372.254	1.1718915863237926
1373.416	1.1727943213508367
1336.644	1.1445413164014089
1345.194	1.1504170849152322
1356.033	1.1578608746265946
1358.122	1.1593107069733406
1374.17	1.1703227891456394
1371.295	1.1681287433215704
1355.545	1.1560661119274538
1341.393	1.1464295764005563
1294.328	1.1143373636101301
1282.057	1.1059841882962922
1275.088	1.1012484304330032
1271.744	1.0989859167943006
1241.908	1.0786486062054819
1224.102	1.06651905144872
1252.386	1.0858354994416548
1251.298	1.0851122018318227
1271.473	1.0988960943993935
1275.654	1.1014526497634871
1245.721	1.083370610266837
1265.863	1.0955834006099336
1283.567	1.1063212298311094
1271.627	1.0991247653289422
1267.866	1.0968765086470436
1270.562	1.098534668609387
1285.268	1.1074587495143513
1285.68	1.1077351189004339
1292.401	1.111828366549148
1295.437	1.1136922317086204
1325.894	1.1321455043483628
1330.155	1.1347504855749215
1334.671	1.1375097412432564
1338.694	1.1402714091631572
1318.099	1.1262479893747739
1337.243	1.137726056137697
1340.682	1.140085478850764
1346.367	1.1439736201536834
1328.377	1.1317476150767025
1332.153	1.1340274687063416
1338.755	1.1385422000262833
1347.639	1.1446110190433367
1338.386	1.1383281915763357
1338.278	1.1382732876305008
1362.322	1.1546663646455317
1375.563	1.1637023911162367
1378.309	1.1655911210036523
1378.459	1.165711926182043
1387.37	1.1717991434504444
1374.852	1.1632927985236003
1372.399	1.1614343758539605
1357.646	1.1502093812193286
1371.117	1.160477245038922
1387.002	1.1725833947356084
1403.265	1.184977395990693
1436.074	1.2099713421567442
1437.245	1.2108726363698332
1435.906	1.2098625413200133
1426.5	1.2027093460499103
1430.882	1.2060558511668982
1418.517	1.1966493494395531
1414.448	1.1935603352906732
1437.593	1.2111950545171228
1439.377	1.2125631598528936
1440.182	1.2131857477051964
1408.715	1.1892328862779609
1440.054	1.213107421425369
1446.825	1.218273180177317
1456.095	1.2253419531556058
1439.05	1.2123715918039513
1446.239	1.2178556640885063
1464.473	1.23175061488649
1479.409	1.243134106558496
1479.656	1.2433317789253229
1488.291	1.2499169977895923
1507.891	1.2648521743691694
1516.104	1.2711160375968769
1498.173	1.2574709847016952
1524.714	1.2776918044133032
1504.062	1.2619746844385162
1475.779	1.2404464825960377
1493.776	1.254160963403921
1534.762	1.2853817979240092
1533.288	1.2842689194920902
1562.084	1.306206948935023
1593.158	1.3298796988998731
1612.249	1.344427275565574
1624.028	1.3534066920475751
1634.914	1.3617060809059194
1636.58	1.3629843485393414
1651.801	1.3745848847365802
1644.014	1.3686646001083138
1667.142	1.3862863972923525
1714.358	1.4222514476570474
1729.224	1.4335816509656614
1780.736	1.4728181497806891
1794.231	1.483104324484555
1779.411	1.4718283449008027
1775.714	1.4690226416106473
1711.584	1.4201966065035798
1789.924	1.4798628989996976
1802.788	1.4896685648511827
1803.856	1.4904914597707677
1836.143	1.515087935537213
1867.636	1.5390797731690333
1916.108	1.5760012895362867
1921.444	1.580074312206717
1936.547	1.5915850036387948
1908.985	1.5706058725746388
1895.644	1.560456175722041
1939.104	1.5935610080185734
1938.238	1.5929111497427113
1982.877	1.6269138038849191
1979.933	1.6246815294508357
2041.047	1.6712300620891452
2067.092	1.691073202037812
2072.883	1.6954927196468108
2131.556	1.740182408794777
2200.086	1.7923783026032818
2255.966	1.8349410959582886
2231.629	1.8164178440584868
2173.747	1.7723497406785622
2287.342	1.8588630848856902
2353.874	1.9095374857066432
2308.931	1.8753225623262044
2317.095	1.881549150230695
2396.093	1.9417165368311047
2491.313	2.01423713911371
2508.13	2.027053075245283
2536.428	2.0486119082452134
2452.831	1.98496158285265
2512.922	2.030731104220613
2576.917	2.079473561340607
2551.884	2.0604203087751127
2385.335	1.9336012107073812
2395.172	1.9411018127181117
2298.003	1.8671162786277073
2271.797	1.8501131727530635
2316.04	1.878901645726449
2369.787	1.9138676843023208
2410.601	1.9404273256423463
2397.245	1.9307673833166743
2485.392	1.9946423306351837
2522.63	2.0216357326092713
2588.349	2.0692624881561485
2668.633	2.1274410084948383
2676.735	2.1333265406797106
2707.676	2.1557580217306764
2457.492	1.9745256174818437
2544.571	2.030530494877735
2473.544	1.9795365263754043
2508.729	2.0020954475321293
2475.606	1.978321423247544
2520.293	2.006922382823287
2589.436	2.0564919145219065
2627.63	2.0838810833315873
2611.393	2.0722609347403633
2616.172	2.075702422290327
2640.169	2.0929169649317334
2597.357	2.0622511911541506
2645.546	2.096803530033201
2604.226	2.0672070375703866
2659.413	2.106774668476612
2672.771	2.116364516126364
2702.597	2.1377565635361346
2711.322	2.144026060170975
2716.266	2.1475858112498543
2764.034	2.1818364395918697
2784.023	2.1961785637383007
2797.649	2.2059604883409354
2783.305	2.1956970238869618
2781.784	2.194623480035432
2850.107	2.2436053629287454
2888.115	2.2708612546735094
2911.821	2.2878672666999487
2945.045	2.311694589557434
2972.008	2.3310348136878587
3038.172	2.378469402766836
3081.568	2.409586744403752
3121.319	2.4380918082407623
3176.437	2.477610013032073
3169.233	2.472463620634159
3255.998	2.5346624313046613
3283.604	2.554463486755402
3304.501	2.5694563732295106
3150.303	2.458963110381689
3289.282	2.558582377510243
3431.318	2.660392520452764
3445.196	2.6703550728818586
3448.281	2.6725825569980546
3493.581	2.70506446350823
3470.523	2.688555924545019
3558.709	2.751773143510218
3686.03	2.843037426897788
3701.277	2.8539811151040166
3724.51	2.870648168554884
3702.612	2.8549709790051168
3734.42	2.877783520439597
3604.636	2.7847871705715117
3700.287	2.853354375442465
3778.605	2.909499459684699
3776.629	2.9080998696387126
3831.443	2.947400235248142
3870.489	2.975400076081814
3938.945	3.024477320210137
3919.748	3.010735881182006
3985.252	3.057697504418486
4072.578	3.120298403582708
4168.289	3.188908621184842
3886.459	2.98694476999101
3927.952	3.016698323263978
3803.954	2.92784867071226
3511.431	2.747776203803633
3634.633	2.8236857824069137
3677.58	2.850178469795039
3802.304	2.9270252255147113
3837.867	2.9489712339561382
3931.862	3.0068966621997797
4036.109	3.0786721043717096
4118.268	3.1352449040957633
4075.821	3.1060543629513973
4099.381	3.122294870295449
4227.569	3.2105483408523896
4253.0	3.228076617011242
4157.599	3.1624391066424553
4197.28	3.189775322569682
4051.426	3.0894122176642598
3877.59	2.969789770449916
3928.213	3.000855724307745
4040.484	3.0696939272619694
3858.522	2.945300676630837
3764.078	2.8876760297163555
3757.655	2.883802187913452
3832.227	2.929388662262379
3743.582	2.875305237859132
3537.435	2.7494681832508387
3710.283	2.8550677770046313
3821.302	2.922910949759022
3775.621	2.8950638873766668
3789.874	2.9038160554680394
3816.921	2.92038099664976
3820.124	2.922168468908792
3697.966	2.8568150978299722
3789.651	2.9059917749285225
3807.574	2.91566300311735
3806.997	2.915426006506583
3971.884	3.0038082313727457
4156.723	3.1156878457115926
4161.352	3.118537838596011
4255.463	3.175525724391887
4303.185	3.2044476062677534
4307.143	3.2068916467397375
4410.297	3.269350688954056
4460.564	3.299812344381697
4290.477	3.1969566846296575
4436.192	3.285165752295666
4598.379	3.3833406194361775
4703.984	3.4532991397126653
4724.547	3.466943589932689
4668.087	3.4295840821129833
4777.286	3.501922524770934
4726.683	3.4684414759542315
4721.192	3.4648332032473648
4795.568	3.5141121652033416
4798.75	3.5162470821950302
4721.942	3.465413319567735
4626.583	3.402295248463251
4885.427	3.5737273238781
4972.711	3.6315538625408315
5051.688	3.683879580380947
5135.93	3.739691737691511
5217.581	3.793788159637696
5243.147	3.8107455849385934
5251.77	3.8164835053703796
5171.822	3.763570482658998
5241.228	3.809558381318506
5296.813	3.846394136340999
5419.169	3.9274450687938147
5360.333	3.8885122379165984
5363.251	3.8904723707293387
5412.037	3.9228058962763885
5294.795	3.845197127332841
5377.222	3.8998074349070926
5124.092	3.732214819477216
5202.856	3.7843995249086753
5349.97	3.881845007831089
5397.278	3.913199828382528
5498.908	3.980526206900655
5476.839	3.965940186371375
5419.268	3.92784505268131
5494.915	3.9779657215846878
5468.098	3.96023562364865
5513.895	3.9905898868984315
5454.615	3.9513630774481903
5361.021	3.8894138380998156
5427.657	3.9335675126802743
5580.813	4.035013980633624
5653.136	4.08293354171002
5675.927	4.098053445720087
5685.759	4.104592014996119
5760.078	4.153833316782777
5737.221	4.138725519314331
5821.447	4.1945271548752565
5877.202	4.231475544292418
5824.117	4.196351035158248
5615.747	4.058398152649581
5614.06	4.057308956425558
5472.677	3.9637142869678232
5540.09	4.002839797190357
5588.014	4.034036249640016
5333.792	3.8687561439390565
5394.807	3.904224518537869
5508.357	3.970177042330645
5596.068	4.027106018641149
5688.543	4.087125307700152
5605.232	4.033115790595732
5472.93	3.947326809241515
5360.305	3.8824074661442918
5317.549	3.8578022967449375
5350.629	3.8769542391513756
5093.669	3.728754122421526
5040.525	3.69815512939643
4978.252	3.6622887406700753
4939.244	3.6398461808203844
5145.888	3.7591439701945646
5081.113	3.721833952236136
5007.662	3.6795179179920936
4994.416	3.672795640872125
5069.382	3.7114447130065384
4997.62	3.6746250781467125
4772.617	3.5589868116897407
4856.161	3.6020479518384163
4800.082	3.573294801439959
4711.152	3.5276449330064437
4648.751	3.495640112691883
4842.07	3.5951634312086354
4737.408	3.5414219202026036
4772.674	3.557356086975522
4829.214	3.582832216630549
4965.947	3.6442770435493492
4971.055	3.6466845760646738
5041.35	3.67833021679734
5133.562	3.719806222971429
5140.0	3.7228103244845157
5077.39	3.69484457600998
4884.298	3.608354198955033
4977.652	3.65034246072064
4857.289	3.5964729885221782
4829.909	3.584308867861132
4946.285	3.6366231360389953
5037.195	3.677515237286751
5101.852	3.7066321812292853
5207.134	3.7539705248680884
5216.813	3.7584283966304595
5265.026	3.780169799124968
5367.53	3.831779899223062
5338.275	3.817170015894994
5385.103	3.8407982536166267
5422.034	3.8594524232122893
5483.65	3.8905128913503813
5556.593	3.927266138340708
5528.054	3.9130161436118005
5613.758	3.9561828828569743
5672.154	3.985625060541918
5699.147	3.999284594384439
5731.757	4.017657169773121
5696.45	3.997902022075781
5505.717	3.8908927265040316
5365.624	3.812312079691066
5414.468	3.839798235073214
5145.734	3.6890001995883255
4753.868	3.4924397939980616
4975.111	3.6035578449369594
5027.213	3.629795334724273
5077.429	3.6550863745811943
4731.883	3.4817709125450715
4762.083	3.4970172741049343
4710.652	3.471298497509977
4620.401	3.4260985637208106
4571.945	3.4018727558449635
4950.124	3.5917465610859827
4921.829	3.5795463521874322
4816.084	3.533628116296076
4880.252	3.561681907793966
4813.311	3.5326571024981943
4910.992	3.575300875501317
5020.753	3.6232037141630937
4908.717	3.5745467254060355
4876.03	3.5604345171015472
4702.241	3.484893236336281
4519.783	3.4055778960752727
4515.533	3.403845830652286
4639.768	3.4580500169725115
4622.056	3.45045725813005
4674.55	3.4734288535405127
4790.744	3.5241324010515687
4671.148	3.4721842362249467
4628.724	3.4538330898710896
4685.03	3.4784642871701905
4621.685	3.4510051544983282
4431.589	3.3683646904288134
4441.184	3.3726601749611733
4309.648	3.31551396182604
4198.96	3.2674439834499216
4157.871	3.2496741004802807
3965.279	3.165947045647533
3763.948	3.078415456669862
3888.861	3.1329149576583633
4001.832	3.1822154910426614
4037.83	3.198005660509365
3857.091	3.1194388852830803
3905.774	3.1407515183061765
3914.37	3.14461219285833
3748.92	3.072701548345352
3918.156	3.146497238036654
3790.53	3.091053378901331
3582.855	3.000760012136976
3547.977	2.9856942288618264
3650.698	3.0305324983380046
3845.822	3.1155986373949593
3891.059	3.135411133939791
3688.125	3.047181821170636
3754.715	3.076290415144872
3783.728	3.0890397849644287
3536.327	2.9814516900757173
3583.299	3.00201957157668
3494.016	2.9632685333110924
3386.63	2.9166363218516103
3272.499	2.8670676687783825
3267.554	2.8650334031752696
3296.277	2.8776565890147934
3453.727	2.946321381888636
3774.504	3.0860909718526655
3803.07	3.0986458366156375
3729.154	3.0665849353100763
3776.943	3.0875085970950256
3959.119	3.166937960014013
4055.779	3.209137744221619
4010.888	3.1843528507948218
3821.319	3.0794343714371784
3925.041	3.129686635608823
3878.924	3.1040233790484106
3904.92	3.116607064517858
3851.687	3.0869433694825505
3975.782	3.1563503885566924
3948.088	3.1409549932062752
3936.121	3.1343460621575905
3914.072	3.1221044630832995
3710.818	3.0086261361079076
3783.049	3.043862759282166
3711.444	3.003608160019267
3675.147	2.9860821839483815
3559.217	2.92988884093332
3576.197	2.93823258010371
3676.23	2.9869043509611544
3580.868	2.940698230699826
3611.33	2.955588445452307
3625.826	2.9627260618646245
3614.111	2.957136417956923
3546.916	2.9246073730263165
3512.138	2.9078190504606827
3489.502	2.896926523793625
3206.562	2.7596382597954103
3140.299	2.7275617983526628
3084.633	2.700630927563064
2979.117	2.6494944133875906
2952.242	2.6365435972167903
2842.676	2.5834405418486304
2991.273	2.655693635249521
2773.076	2.549842669771383
2849.668	2.587132330340217
2789.941	2.5582296177278856
2851.915	2.588421236104353
2969.537	2.645633847471315
2980.907	2.651253711014742
2816.021	2.5712890026958184
2791.819	2.5596361957320806
2698.347	2.5143479810506375
2699.597	2.515053911361756
2760.612	2.5447799252846384
2741.852	2.535769621379045
2882.763	2.604290731474652
2901.841	2.6136534316419184
3015.126	2.6687602083892807
2973.728	2.648757609269164
2953.498	2.6390335585318097
2975.874	2.649997700251917
2852.979	2.590422648494125
2745.596	2.5383797626748517
2718.068	2.5251120565393017
2815.462	2.5725027015353086
2911.051	2.6190169012940276
2904.743	2.6160530094564924
2883.32	2.605749739151114
2977.362	2.6515127869541235
2939.202	2.6330825522092765
2960.851	2.643693766156102
2905.63	2.6169792423788873
2884.384	2.606761958646093
2805.21	2.568416599194995
2840.788	2.5857913466320843
2773.15	2.5530475359926292
2703.079	2.5191223423268845
2721.693	2.528259909153456
2720.442	2.5277516412572285
2591.462	2.4652220442643396
2456.811	2.3999387894315474
2444.155	2.3938926231143665
2444.672	2.3942428751285556
2443.512	2.3937788348441584
2447.615	2.395870356253533
2313.402	2.3307998217388572
2348.472	2.347927997581597
2532.94	2.437599329513737
2443.979	2.3945018213194116
2404.928	2.3756391069788116
2400.548	2.3736115892333407
2331.532	2.340198793969493
2325.292	2.337268132828966
2335.865	2.342501363878731
2391.64	2.36968332645231
2309.171	2.3297381941297832
2285.411	2.3183003838029754
2245.964	2.2992454491374703
2251.146	2.3018610145377663
2183.432	2.2690804963773084
2126.518	2.2415441395686106
2139.145	2.2477747961765577
2143.176	2.249831503471505
2072.126	2.215431157327716
2077.846	2.21830800824897
2000.651	2.1809238523940877
1929.135	2.1462972552593413
1895.99	2.130302462767046
2073.113	2.2164074564177145
2207.614	2.281816504806031
2123.478	2.2410620502458287
2138.853	2.248627134199885
2223.532	2.289844151549725
2243.657	2.29971570811459
2128.696	2.243993599033245
2102.448	2.2313478464224152
2022.881	2.1928120090511896
1995.297	2.179517551622336
1906.96	2.1367232839914623
1985.486	2.1749526479707213
1934.619	2.150352694834413
1914.356	2.140613126183762
1820.903	2.095334716484414
1833.262	2.1014354202355756
1896.733	2.132354572690767
1881.406	2.125011809000521
1833.323	2.1017637311086252
1834.78	2.1025707862923833
1781.598	2.0768468046677575
1654.671	2.015314490793755
1705.82	2.0402505020255792
1658.223	2.017238451953731
1697.656	2.0364855444923586
1663.66	2.0200777448219633
1653.542	2.0152643875785223
1627.759	2.0028445885561896
1691.42	2.0338560974980235
1649.776	2.013734693219262
1677.827	2.0274550801218902
1801.665	2.0876867438479474
1781.361	2.0779274223849513
1801.823	2.0879628451132186
1874.082	2.1231493318291426
1943.654	2.157031100849962
1987.225	2.178287579271138
1839.819	2.1068114137601386
1953.163	2.1619475660038754
1932.428	2.1519790213512175
1920.735	2.1464010064806693
1837.642	2.1061533204131884
1834.294	2.1046274014165123
1843.495	2.109194905280169
1870.473	2.122394390602605
1829.924	2.1028048163316395
1864.205	2.119550433864847
1868.631	2.1231252659730244
1952.668	2.1900609831346864
1982.928	2.214196613090883
2013.175	2.238321900890615
2095.036	2.3035257939270393
2040.847	2.2604500838304147
2096.393	2.304710377452933
2046.337	2.2649240520447615
1960.38	2.1965648078449997
1975.034	2.208279949297144
1994.45	2.2256834296944366
2001.42	2.2319542430558976
2045.102	2.2710631263908767
2052.114	2.2773715137855848
2017.549	2.2464902029435168
1918.955	2.1583363795248633
1887.075	2.1332897737975465
1870.765	2.120501775799074
1862.096	2.1137297094861904
1854.757	2.1080047857923794
1833.435	2.091270743114281
1817.722	2.0789527938430385
1882.959	2.1303685638841774
1942.795	2.177532012243951
1931.178	2.167151313780609
1887.991	2.133279894858835
1918.365	2.157193144640278
1920.687	2.159070599909048
1876.185	2.124166216994958
1955.244	2.1863232012471023
1954.874	2.186028158245028
1990.214	2.217677408123481
2012.465	2.2376179292045264
2025.19	2.249036994101358
2021.71	2.245959920304565
2044.551	2.266428233253153
2032.682	2.255846806693941
2057.063	2.2776927286470787
2108.91	2.324108294192194
2166.414	2.375584317695002
2150.971	2.360363204018877
2237.28	2.445560760745272
2296.672	2.5041940323006613
2326.755	2.5339023628183233
2331.138	2.538247460920243
2318.343	2.5256396565803523
2399.065	2.6053234318980136
2462.245	2.66769507453352
2385.293	2.5917709713107553
2275.843	2.483774714860672
2298.412	2.5060675180793694
2344.32	2.551393494842545
2410.481	2.6167070832752843
2301.849	2.509518114395139
2304.251	2.511908187054737
2190.185	2.39935642708158
2140.489	2.3558421351509216
2164.666	2.3770703800243704
2142.154	2.357380239154806
2285.149	2.482740965879909
2304.919	2.502092894774855
2286.576	2.4841771304223843
2202.527	2.4020126556879213
2240.782	2.435427983809039
2220.38	2.417667604241774
2215.7	2.413623997057662
2205.422	2.4046963787680893
2241.614	2.4363118410571403
2322.403	2.5068362719422184
2332.652	2.5168135065384694
2382.564	2.565322290689904
2379.838	2.5626946618325053
2439.395	2.6205733099246507
2451.783	2.6326285328118764
2401.327	2.5836324855826396
2479.789	2.659876842620107
2498.931	2.67849340166061
2484.487	2.6644820581401554
2507.789	2.687139949745651
2548.222	2.726440153169145
2576.4	2.753834952265662
2570.503	2.7481267983289355
2576.95	2.754410513238234
2479.348	2.659613398250133
2517.669	2.6968618584139663
2595.53	2.7725223769118417
2656.518	2.831791227108957
2676.872	2.851585230508068
2686.99	2.8614352342943428
2687.106	2.8615685632340666
2650.691	2.8262130005706307
2707.667	2.8815843081297285
2675.442	2.850299222235975
2576.281	2.7539875972409362
2593.564	2.7707982178276365
2572.888	2.7507326828543706
2513.292	2.6928574064227053
2518.531	2.69739231829141
2605.37	2.771871248059912
2622.926	2.788704185922385
2714.301	2.8762200180275674
2727.014	2.8884157084160824
2764.979	2.9247906011289713
2767.076	2.9268213027085386
2789.219	2.948046376993325
2725.316	2.8868810095409083
2788.562	2.947462878169611
2814.005	2.971847761713694
2792.597	2.95137205310514
2796.116	2.954764354039417
2810.573	2.968629969636413
2840.084	2.9969100367986465
2812.865	2.970870208733432
2750.01	2.910708333307414
2740.677	2.901794644714383
2752.716	2.91334499538136
2719.764	2.881815734129779
2759.712	2.920089409685898
2858.342	3.0145520559473895
2865.099	3.0210448132605014
2939.387	3.0921996026128755
2953.751	3.105976189823214
2939.306	3.092167693141688
2948.478	3.1009728597121238
2960.556	3.1125605703935504
2989.595	3.140388716139168
2961.629	3.113633649689586
2906.286	3.060664662624951
2966.192	3.118048468219622
2961.22	3.1133105361500917
3010.588	3.1606040392119663
3057.428	3.2054769430604866
3080.001	3.227113801845347
3082.563	3.229589804744655
3083.895	3.2308880645290494
3120.73	3.266181025764901
3117.921	3.2635142144965865
3128.421	3.2735909889339077
3179.972	3.322974765001555
3166.474	3.310073068127073
3237.903	3.378490356053327
3282.359	3.4210805599333938
3327.135	3.4639771708938207
3374.753	3.5095950449279014
3340.493	3.4768134049783765
3352.269	3.488111985187539
3396.304	3.530299084121172
3398.31	3.532242734286027
3361.011	3.49655120995875
3454.753	3.586333574980644
3493.305	3.62327061981245
3501.24	3.63089139136924
3519.809	3.648694392653948
3591.123	3.7170015906481324
3539.832	3.6679125101746894
3606.924	3.732177078305445
3651.969	3.7753312874606113
3667.556	3.790278984680329
3743.626	3.8631401393854423
3755.818	3.874837072685206
3558.508	3.6859324375754237
3634.818	3.7590234018269237
3734.622	3.8546102548371395
3787.033	3.9048175418934212
3786.615	3.9044402046379902
3740.936	3.8607247260829296
3663.12	3.7862375495487592
3555.095	3.6828247663737694
3544.539	3.6741370956897446
3556.375	3.684006641458319
3397.4	3.5523177852027117
3440.82	3.5883623573265777
3344.462	3.5085669064802136
3140.271	3.339405625260696
3171.986	3.3657497764321125
3014.568	3.235351297791249
3144.39	3.343000940625165
3203.624	3.3921512831630958
3229.6	3.4114881725756865
3109.83	3.3227990531254417
3172.386	3.36924882151707
3156.301	3.3574103837041283
3046.781	3.276318520217549
2830.271	3.115926350571831
2843.7	3.1259635239958516
2890.926	3.161050827484054
3051.964	3.2804948742492934
3077.142	3.2992403529887717
3104.208	3.3167605440025096
3170.967	3.3598154928636337
3194.909	3.375326013459575
3162.914	3.3548519297905006
3238.133	3.4033492749873284
3293.394	3.439007526006301
3302.642	3.445852146030422
3258.236	3.4134783992553004
3320.096	3.4587797574286636
3199.689	3.3708531184774113
3208.604	3.377454360142388
3131.026	3.3208335786903485
3060.069	3.2757876437454936
3080.926	3.289169660728447
3058.528	3.275025376183067
2972.643	3.220479693263744
2972.286	3.2203617221214085
3004.805	3.241165155957967
3163.708	3.342395953448951
3151.632	3.333547727344936
3198.517	3.3683033126225066
3227.399	3.389745031192816
3239.643	3.398882350217587
3241.709	3.400492674723851
3329.158	3.4652468408940362
3377.574	3.501134690249784
3369.285	3.495087135852355
3347.32	3.4789256886750852
3413.252	3.5277672776278277
3414.239	3.5286413595584962
3314.722	3.4464147030415546
3329.327	3.458548703773499
3247.051	3.390577607950125
3280.372	3.4181867586090937
3392.803	3.5112072389151683
3435.425	3.546506839417564
3453.888	3.561830813317715
3464.318	3.570512784999806
3483.021	3.5860352100764112
3495.788	3.597894822708046
3503.776	3.6053261279581585
3495.674	3.5978481439910497
3499.992	3.601878764197555
3518.722	3.6192638126267744
3625.798	3.718511901342861
3628.354	3.720909827025124
3630.229	3.722676727933684
3642.437	3.734018380210601
3631.013	3.7234621865564264
3665.509	3.755456316775133
3548.08	3.6466739340422745
3629.629	3.722268249317531
3485.773	3.5889981243759608
3382.51	3.493342226566858
3511.669	3.6001124980178703
3560.831	3.6455022450954537
3597.329	3.679207339186993
3590.876	3.673282963595921
3643.491	3.7218586872657973
3668.832	3.745269592468677
3624.019	3.7039517164498696
3554.478	3.639818132253038
3577.237	3.6585223049763784
3575.02	3.6565117359610313
3612.753	3.6912731723556154
3583.341	3.6642309532169013
3560.723	3.643442278176228
3480.153	3.5775487908306696
3391.735	3.5052310546819547
3396.622	3.5092913807812183
3305.543	3.434795400253175
3336.48	3.4601798709547458
3438.817	3.5440113032602856
3424.783	3.5325832055356794
3478.433	3.57656020819706
3500.737	3.594877855782772
3558.857	3.642513942474204
3575.684	3.6580441732857385
3535.229	3.6208087474467643
3564.038	3.644473387192189
3541.727	3.6239702663160624
3471.456	3.5593289963769825
3480.13	3.5665023579255966
3482.052	3.568137393534722
3534.916	3.6115576301898513
3421.144	3.5069724602281385
3469.051	3.5463172082952443
3482.738	3.557599161618566
3500.684	3.5723737983185893
3507.482	3.578006298067827
3394.434	3.485356679040269
3408.574	3.497010143084574
3366.197	3.4623157089372705
3328.014	3.431060653610863
3242.797	3.361234425034838
3198.566	3.3250195951093433
3206.57	3.3309258855935626
3204.155	3.3292505461039044
3152.707	3.291895167962818
3146.189	3.2872341950155946
3230.715	3.3488235918813727
3218.802	3.3402368305087866
3153.087	3.292499752582967
3150.988	3.2910543985604055
3169.19	3.3043815637000593
3214.13	3.337165286347666
3220.398	3.3411797629108837
3251.278	3.3605267295104486
3233.345	3.3494647828155495
3198.634	3.327950693078562
3244.483	3.3566228902285467
3292.128	3.3864139463873677
3281.666	3.3800062274560725
3324.423	3.40675223554352
3311.236	3.398646947676228
3335.081	3.4136114086782894
3250.573	3.3610754595670205
3259.764	3.3669109699508875
3286.178	3.3834758620480785
3305.863	3.395848813522294
3279.694	3.3796562131335937
3276.705	3.3779040130460216
3233.126	3.3508655630668827
3183.183	3.319862555678032
3203.971	3.332922685668718
3273.916	3.376606047891916
3267.555	3.3727532458732314
3293.871	3.3892571684017336
3302.628	3.39564815296158
3275.573	3.3762447965240603
3276.669	3.3770336070988307
3229.128	3.342818847446542
3275.002	3.371422224933422
3358.54	3.4317035813831076
3366.708	3.437672652591986
3345.607	3.4225502290194196
3391.935	3.4560177491550554
3407.346	3.467206211058903
3405.145	3.4657033160190096
3386.949	3.4526742886118003
3346.744	3.42378538697065
3379.17	3.447235036488649
3351.478	3.4273631275675336
3391.716	3.4603387320666243
3403.707	3.4702050798461954
3394.574	3.462789595716259
3356.332	3.43155964074628
3176.423	3.284429958482563
3173.374	3.28230407246404
3236.679	3.328205343713011
3201.541	3.30285339215859
3190.003	3.294583171866373
3171.997	3.281631407607456
3108.409	3.235687312255716
3097.353	3.2277659844501967
3060.064	3.2008571683231573
3067.365	3.206222685132808
3019.449	3.171622039641377
3036.394	3.182405704736972
2896.856	3.0945677560547535
2836.789	3.0568155054410378
2858.233	3.070434639581922
2800.817	3.034353168564853
2818.16	3.0453877114705734
2886.911	3.0888215674220447
2868.023	3.0770219538004913
2714.715	2.9805056800040015
2771.348	3.0163023306746397
2762.174	3.010624880262349
2726.022	2.987944862251707
2768.791	3.0150039111024167
2873.469	3.0810804082407253
2813.943	3.0436692196016004
2813.944	3.0437742509747174
2859.979	3.0728916933186268
2850.302	3.0668972929615217
2773.264	3.0184494007873752
2744.162	3.000212633348693
2757.527	3.008740215899901
2736.076	2.9953254209381903
2744.391	3.000670315874072
2695.715	2.9700972929805163
2699.336	2.972483865235265
2782.133	3.02477021519621
2750.023	3.00463775023612
2758.866	3.0103154540739565
2742.733	3.000252327945118
2696.166	2.971008529728314
2780.663	3.024366328207331
2783.72	3.02639750603356
2758.495	3.010604285179318
2757.498	3.010080493022736
2736.287	2.9968170669801055
2716.777	2.9846256853415327
2592.019	2.90610296314889
2563.07	2.8879627768268628
2526.071	2.8647491786025507
2534.105	2.8699171225554245
2512.651	2.8565006001165254
2562.902	2.888275343029158
2580.477	2.8994564189862198
2575.921	2.8966896937224673
2647.104	2.9416566162088733
2676.218	2.960110040841883
2634.593	2.9339810277838714
2653.609	2.946070320529094
2608.519	2.9177575480279483
2616.128	2.922657726598419
2682.472	2.9645749762574027
2741.503	3.001883299850318
2747.335	3.0056635702965444
2781.286	3.027165527735381
2793.076	3.036222776456763
2811.055	3.049995328199475
2795.724	3.0383895472048756
2863.724	3.0902722850034463
2877.976	3.1012053154069767
2868.846	3.094323992310051
2917.275	3.13129592684209
2865.971	3.092282941940187
2876.434	3.1003292203715542
2850.829	3.080895891418548
2897.659	3.1214339466730046
2918.241	3.1392789984468847
2832.638	3.065320602060104
2850.211	3.0805641969057636
2816.386	3.0513710690465747
2855.547	3.0852788237361457
2922.083	3.1428539509316717
2942.291	3.1603756817244597
2937.362	3.1561649367551436
2955.395	3.1718062548319255
2898.333	3.116715953340295
2896.192	3.1146740262696864
2911.827	3.129801997476763
2843.023	3.0633700664768644
2850.093	3.0702250806519165
2858.566	3.0784352592271973
2915.01	3.132980784651426
2903.188	3.1215879610977875
2884.042	3.10312086430042
2921.393	3.139224405444186
2920.205	3.138103003461151
2975.09	3.19114269644249
2983.108	3.1989134040488096
2980.967	3.1968715027044636
2926.46	3.14424911402521
2932.554	3.1501614302175587
2962.319	3.1789376443364716
2965.009	3.181562030163827
2913.194	3.131539861609706
2857.789	3.0780501025414804
2861.369	3.081185440434238
2849.828	3.071291634259464
2857.476	3.077932209951208
2905.029	3.1189572987614183
2880.907	3.0956744096835336
2874.812	3.090485798802773
2935.574	3.1427700654762454
3044.233	3.24749134181385
3132.895	3.332945050899906
3172.726	3.3713489706338535
3217.577	3.4145897779370964
3224.14	3.420939218847866
3327.683	3.5207311221491073
3306.16	3.5000190604087917
3375.674	3.5670232438870477
3396.879	3.58748059701877
3374.685	3.566122017720296
3378.655	3.5699730562447494
3481.081	3.668688717104563
3466.084	3.654264619191326
3403.872	3.5943477850913466
3397.692	3.5884190736948156
3379.983	3.571381907789316
3472.995	3.661026973780483
3463.131	3.651548650039476
3420.341	3.6103453702193287
3480.505	3.668340639177262
3520.798	3.7071897447846105
3548.566	3.7339707269788462
3523.954	3.710282376707468
3499.111	3.6863714547506774
3509.975	3.6968650505813656
3291.833	3.486706101046752
3314.893	3.5063035192389447
3169.538	3.383192947414998
3103.906	3.3276363954649955
3147.962	3.365024980938209
3178.846	3.3912521561275066
3171.941	3.385458480329092
3107.176	3.330636607628999
3177.043	3.38989639950666
3223.484	3.429305960165988
3194.853	3.4051025778793664
3190.05	3.401603183403433
3136.985	3.3620971493788123
3136.024	3.361464155006338
3155.059	3.375749507066143
3158.156	3.3781440630963826
3165.57	3.3837593937709745
3200.339	3.4097833719699033
3171.882	3.3886365761601573
3123.366	3.3525244455551633
3161.977	3.381414830769838
3261.061	3.445102194913945
3269.474	3.4506114857891177
3247.644	3.436715686639267
3230.665	3.4259324891632885
3225.661	3.4228329321622284
3178.657	3.392784531183447
3249.509	3.4383571877521284
3215.453	3.4166167514887515
3188.607	3.3995025441531284
3162.955	3.3831544633565414
3099.709	3.342684601605937
3044.931	3.30764815110016
3061.83	3.318602494143147
3064.098	3.320169020856942
3128.261	3.361449824901957
3189.682	3.4009712629697484
3175.662	3.3920867952319416
3159.643	3.381919699562859
3166.624	3.386510318322684
3108.187	3.349126182583963
3124.922	3.3599753699630526
3142.337	3.3712608812591847
3141.284	3.370696606008758
3091.862	3.3390968857106094
2974.35	3.263807950547884
2977.648	3.2660354756162056
3044.851	3.309266973138276
2944.713	3.245125907683464
2983.456	3.2700963673356434
2954.232	3.251456533768283
2938.654	3.241572520065872
2978.431	3.2672064622933856
3026.466	3.298139071515935
3036.735	3.3048395378318562
3076.508	3.330470940985851
3077.283	3.3310797015432643
3040.949	3.3078778762557968
3104.163	3.348549975137117
3120.956	3.359436542455194
3219.143	3.4225487130030023
3217.671	3.421537597458734
3248.527	3.4445859693882133
3245.907	3.442720491212005
3211.876	3.417477998717298
3257.908	3.4518208320875337
3163.578	3.381702004269716
3174.742	3.3900950257511635
3190.935	3.402230788879792
3197.617	3.407288183565398
3239.559	3.4385871492771916
3254.893	3.4500836393103795
3243.298	3.440308086380929
3221.718	3.4220655107449103
3270.666	3.4636288993308284
3334.51	3.517823723692911
3337.457	3.5203794374819672
3338.858	3.5216241870495426
3280.259	3.4719904593497226
3247.376	3.4441632536691054
3262.92	3.4574009233935463
3203.961	3.4074619387943903
3248.195	3.4450280119580166
3197.1	3.401757509720662
3215.685	3.4175738891644567
3207.11	3.4103592804536165
3222.961	3.4238573064031517
3264.926	3.459499348305097
3251.361	3.4480533598473198
3294.484	3.484677365785213
3290.571	3.480980996230156
3257.979	3.44998343225419
3256.08	3.448204310348462
3223.288	3.41701635952799
3272.729	3.4590025603196564
3311.067	3.4954990622739706
3324.419	3.508228253666529
3353.358	3.535784194620396
3333.427	3.516853762287072
3326.771	3.5105508468482953
3372.031	3.553631741336763
3353.56	3.5360901048109166
3358.944	3.5412399478179077
3359.438	3.5417383019249327
3295.812	3.4812440984146216
3295.758	3.4812211857876383
3317.367	3.501804667051363
3299.942	3.485258026117013
3249.574	3.437375175690483
3230.96	3.421679880031511
3209.503	3.403578745635578
3161.776	3.3632470476029024
3192.723	3.389491971229581
3211.132	3.4051268170839855
3129.028	3.3357041453282013
3126.117	3.333297290700674
3121.396	3.329358757103784
3129.759	3.336492354358336
3153.221	3.356403244059188
3145.085	3.3504238264396853
3101.603	3.318107917056306
3128.093	3.337928535656869
3100.463	3.317424052069721
3116.028	3.3291044068251003
3139.379	3.346586159711724
3120.639	3.3327056843231357
3121.596	3.3335015585301884
3022.98	3.2601050508226304
3026.223	3.2626042497873033
2990.343	3.2395019402716825
2978.381	3.2318713946504003
2963.308	3.2222284558873406
2954.506	3.2166420263221847
3001.556	3.247184398309929
3004.173	3.2489845559631916
2955.705	3.2177395427319917
2986.349	3.237669447918381
3004.262	3.24936410338018
3008.652	3.2523111907795443
2951.889	3.215700454478265
2961.932	3.222304296351985
2950.348	3.214918363327363
2993.559	3.242977493877485
2963.119	3.223394262099266
2917.578	3.1940427067853605
2892.157	3.1777061160712603
2874.896	3.1666479655520288
2909.073	3.1888633474715533
2908.582	3.188653167309333
2957.629	3.2204874730680255
3027.47	3.265772731511206
3036.491	3.27171557283662
3041.734	3.275214561020556
3000.169	3.2484350267346755
3044.089	3.276952891651792
3049.745	3.280719062237833
3121.98	3.3275529722947583
3122.5	3.3280229898489107
3113.712	3.3215483815270628
3101.68	3.312653454614503
3109.183	3.3183334590522517
3113.206	3.3214170669783663
3056.905	3.2794933741563512
3106.247	3.316389179255231
3115.745	3.3235576659935306
3128.889	3.3334464141562896
3122.6	3.328836345936609
3095.125	3.30841956049894
3091.567	3.3058470854598316
3059.139	3.2817349154373683
3067.985	3.288416990105662
2968.289	3.214116657062587
2977.766	3.220379446168782
3000.052	3.2349641331549632
2981.002	3.222693210764974
2972.079	3.217001715585739
2977.721	3.2207729752974608
2956.383	3.2070155864658796
2954.87	3.206138326026937
2960.309	3.2097777245766426
2897.417	3.1690231111614375
2793.897	3.1018728694469577
2798.19	3.1047677484359903
2824.12	3.121719995513715
2866.924	3.1496351334980126
2875.365	3.155224955919558
2917.883	3.1829542997291123
2897.581	3.1698700774646684
2886.013	3.162460263164399
2834.254	3.128938735441219
2807.664	3.111769283644982
2777.787	3.092464306954507
2821.003	3.1206471871099097
2810.016	3.113614886642689
2903.837	3.174675386095113
2901.216	3.1730784160903847
2852.809	3.14173471275636
2841.74	3.1346491724502092
2846.776	3.1380269108511927
2834.535	3.1301799503582357
2803.854	3.110352700595478
2743.817	3.071453137014442
2723.303	3.0582313108180976
2779.09	3.0945815494961852
2756.105	3.079754354797599
2751.095	3.0766053605688493
2720.283	3.0566930535557986
2733.108	3.065131311797945
2729.051	3.0626014990105004
2733.987	3.065914364114147
2679.27	3.0304712338589734
2689.845	3.0374477226922707
2771.011	3.0902865420554084
2685.688	3.034959001941546
2669.478	3.024533549386833
2610.919	2.9865943507256176
2637.879	3.0042160665537168
2610.59	2.9865927160005112
2588.185	2.972142463931813
2581.351	2.9678085557090217
2557.082	2.9521472974641614
2551.994	2.948947766780693
2644.758	3.009321786974603
2662.601	3.021020332997362
2653.782	3.0153968321783298
2666.951	3.0240587409416553
2592.209	2.975605692310072
2583.081	2.9697814632094297
2520.532	2.9292501117008047
2507.877	2.921134440670569
2576.669	2.965934143285494
2625.425	2.9977166501687167
2651.652	3.0148622822076225
2657.478	3.0187535813817368
2709.017	3.0523442038886714
2695.307	3.0435431614525346
2697.534	3.0450962496997978
2742.39	3.0743450149180065
2744.301	3.075692818341613
2763.746	3.0884323086256575
2736.248	3.0669985262737156
2727.71	3.0603959516010653
2751.654	3.079201984692767
2699.588	3.038550238182628
2695.002	3.0355530428218684
2750.195	3.072926792575198
2744.68	3.0686890387381203
2670.116	3.0104450241293965
2662.017	3.0050652257495627
2606.495	2.9676049563689624
2609.687	2.9698632547250123
2609.475	2.9698188399431977
2584.011	2.95269208382365
2588.915	2.9561085319782565
2569.973	2.9433937628009508
2573.321	2.9457576319615706
2608.569	2.9697010652666798
2521.52	2.91091363019963
2583.613	2.953017054110312
2557.311	2.935323468825138
2521.385	2.9111194952247006
2516.341	2.9078064341102454
2528.228	2.9159467812245827
2525.001	2.9138628916724536
2503.461	2.8993907215780386
2477.692	2.8820577463894805
2421.928	2.844433908426422
2397.48	2.827994573151048
2340.788	2.789742982580404
2390.129	2.8232200854832765
2384.408	2.8194491240351036
2377.073	2.814586339909126
2339.108	2.7890031313178962
2341.335	2.790608818493615
2359.159	2.802765496109589
2335.702	2.786996612867047
2305.035	2.766350352235193
2307.928	2.76840660444428
2311.361	2.770828161366923
2345.742	2.794185278144855
2298.753	2.762497623387863
2276.385	2.7474654704673247
2290.601	2.7571814911233394
2368.57	2.810024837616758
2447.349	2.8634161371074196
2435.608	2.8555729178111586
2435.219	2.855409052121779
2394.334	2.8278506585431793
2345.649	2.7950157672684863
2460.601	2.872877241709924
2422.189	2.8469917955628397
2468.35	2.8783178870461112
2504.086	2.9025917336725517
2460.72	2.8733550543219826
2464.26	2.8758491246401405
2428.994	2.8520919100101323
2486.238	2.890915415960909
2506.09	2.9044441727702255
2504.322	2.9033475458716933
2457.954	2.872080137241068
2528.236	2.9197235583462824
2529.231	2.920599901858912
2533.624	2.9242231682917446
2531.981	2.922966984777146
2522.107	2.915056930238059
2549.607	2.9373597350810208
2536.074	2.9264917849890724
2537.086	2.9273819066814237
2540.706	2.93038032138744
2562.453	2.9480324690631265
2597.476	2.97641683870799
2606.256	2.9845144841232147
2648.017	3.0228461619035167
2656.573	3.030738472214394
2662.463	3.0361868364074587
2634.143	3.010274539099275
2633.345	3.0095919516467124
2679.934	3.0523495277369688
2662.698	3.036598061459284
2621.052	2.9984696963864965
2603.005	2.9819747859572834
2635.791	3.0158026582981106
2664.302	3.0452228776589028
2654.402	3.035040190029904
2681.073	3.062563317469281
2605.106	2.9842635479000066
2585.546	2.9641211125739386
2623.52	3.003297982761142
2630.013	3.0100169866873165
2584.445	2.9630595185545223
2587.793	2.9665359358787367
2583.747	2.962388916381632
2552.94	2.9306504941502594
2555.442	2.9329964083155695
2547.143	2.9254231098549495
2474.9	2.8591261429771646
2443.122	2.829990655768664
2454.899	2.8408543835551394
2512.832	2.8941059831593363
2519.83	2.9005808719035557
2495.146	2.87796025309533
2519.788	2.900638710306905
2520.036	2.9009146745463843
2570.436	2.9415984292183213
2580.454	2.9508184370277326
2574.044	2.9449983298604434
2541.883	2.91560273950513
2599.908	2.9622639092925107
2596.056	2.95880151347124
2626.839	2.9869088573501084
2606.038	2.967997488724124
2604.866	2.966977919741721
2625.99	2.9862811157592595
2631.487	2.991340335420959
2626.157	2.986530769469161
2683.487	3.038835676666328
2691.518	3.0462046444534288
2715.879	3.068458379749023
2717.778	3.0704145778139225
2709.116	3.0616319379468133
2657.514	3.0091862199699686
2657.214	3.0089063946005443
2636.917	2.9882928355240073
2615.534	2.966574991025039
2617.374	2.9684712080102758
2574.647	2.92504994932125
2613.942	2.9608123924801326
2573.976	2.9200941845665396
2587.231	2.9321720879993123
2627.525	2.9687899061322947
2616.869	2.9579782988424386
2595.26	2.936028668132057
2573.103	2.9160238850013203
2614.689	2.9537092872890893
2650.854	2.990502299270993
2642.258	2.9817870775584785
2632.042	2.971424813722349
2632.998	2.9724210561406825
2559.026	2.8972384599622933
2558.842	2.8971194311816695
2557.401	2.8958619016675033
2542.184	2.8821270172528624
2524.329	2.8660028167362857
2558.265	2.8967873665347037
2540.178	2.8804530441131386
2580.636	2.9171447833775814
2560.421	2.8988830718983003
2568.054	2.9058441785261326
2581.212	2.917809456278763
2558.621	2.8973957382183166
2552.611	2.8919999600885813
2512.185	2.8554325263976277
2456.518	2.81121186749749
2454.915	2.8100068652519807
2447.195	2.8039349196899206
2425.729	2.7869260692760207
2461.612	2.8155465632419916
2465.238	2.8185020021423006
2468.721	2.821343669862533
2464.919	2.818389083077903
2430.37	2.7909708623745364
2472.614	2.824652471320346
2416.036	2.785965360228465
2406.706	2.7796632177778053
2425.572	2.792687326623643
2449.181	2.808962413939579
2450.633	2.8100505468798236
2399.731	2.775253946331129
2414.201	2.7852649573601926
2414.335	2.7854497230411654
2424.322	2.792387989011181
2398.455	2.774751034207254
2365.431	2.7522085002245706
2375.992	2.759540223067212
2360.083	2.748728753458641
2347.488	2.7401887899830424
2349.108	2.741392150706427
2335.793	2.73235869650403
2332.922	2.730483828778309
2358.651	2.7482121240637047
2334.882	2.7320132597051034
2353.737	2.745029958739475
2385.611	2.766970213661196
2388.873	2.7692990957597736
2389.795	2.7700240909741654
2411.7	2.785131366880352
2399.751	2.777034272047774
2351.931	2.7443503042260846
2357.016	2.747928754359166
2331.615	2.730611345198741
2319.67	2.722517022661322
2313.476	2.7183645870233124
2301.788	2.710446434015529
2313.703	2.71870637523831
2295.586	2.7063816401265752
2302.199	2.711007473236177
2275.677	2.6929217561975607
2228.204	2.6604757073682603
2238.411	2.667564980936511
2214.814	2.651484155024817
2211.37	2.649216707053661
2204.868	2.6448532370497633
2228.369	2.6610545813645117
2204.407	2.644723605950931
2199.875	2.641710446196096
2217.823	2.6541056483899137
2317.179	2.7222999376918855
2326.666	2.728895774171945
2311.89	2.7188611512255907
2320.071	2.7245618379615513
2298.461	2.709843035801169
2315.542	2.7216440204769823
2258.705	2.6827797667144466
2235.239	2.666788838720856
2246.236	2.674419720610901
2195.951	2.6400463945272143
2199.063	2.6422727155222554
2215.516	2.653643299280815
2210.154	2.650061344050787
2184.891	2.632838753307449
2251.717	2.6787362742436334
2293.106	2.7071986467964764
2270.054	2.6914915537643163
2320.157	2.7259267352197387
2324.117	2.7287343579770607
2302.533	2.711062473944155
2304.531	2.7125631031862008
2294.857	2.7058179892186676
2298.162	2.7082419706686256
2300.803	2.71019687288328
2336.077	2.735205550179306
2332.47	2.7323167038524026
2341.592	2.739860525182998
2312.077	2.7157375466439975
2307.779	2.7127978040249907
2291.239	2.701230486087109
2247.907	2.670781440922432
2235.854	2.66237636306626
2239.882	2.6653044208555725
2254.82	2.675921338035372
2297.884	2.7063601372356194
2306.774	2.712714724718018
2301.88	2.7087529492560494
2292.206	2.7008563579920466
2287.505	2.6976217017807627
2245.405	2.6679471970434507
2240.924	2.664868088151551
2251.848	2.6726798119547697
2212.44	2.644908484063213
2223.11	2.652540652869549
2193.623	2.6317831583887363
2177.24	2.6202897657235558
2174.985	2.6187844090002272
2164.881	2.6117300762283886
2194.896	2.6330385566056402
2177.546	2.620861556142623
2192.676	2.6316468485314513
2175.599	2.6196628646477587
2150.638	2.6021051608763734
2129.161	2.587010537159347
2115.676	2.5775660003706133
2139.661	2.5946115213652834
2108.85	2.572918090344709
2131.473	2.5890007370124444
2207.878	2.6431054858570935
2203.602	2.6401714439757358
2246.757	2.6707695573664276
2271.046	2.68803004016433
2258.5	2.6777016311175483
2267.767	2.6843818974259728
2242.635	2.6636237613151943
2355.865	2.7444026938283956
2366.7	2.753305726937295
2368.12	2.7545313367428603
2371.109	2.7570363876806105
2384.816	2.7682813998453573
2372.002	2.7578999607560135
2381.217	2.7654819983374965
2448.395	2.8203297673799144
2457.619	2.827919155108861
2444.594	2.8173656790642956
2480.049	2.846345055254279
2522.952	2.885783563572832
2524.409	2.8871681123968123
2535.985	2.8978435026636755
2525.33	2.888107333320378
2526.126	2.888884991454695
2530.569	2.893011174506803
2483.23	2.849593320251777
2577.725	2.9364014466913884
2595.856	2.9530953836546785
2577.092	2.935913896742427
2552.758	2.9109880933184313
2595.439	2.9547735535677773
2610.898	2.9706479814691495
2596.898	2.956317754812749
2607.456	2.967167134177836
2582.755	2.941865051288663
2571.674	2.9305277153544513
2651.863	3.0127705776956284
2675.866	3.0374052804259315
2688.711	3.0505995575062297
2686.882	3.048748413098412
2743.324	3.106643207106785
2748.028	3.111490427821388
2771.675	3.135760129521428
2775.844	3.140058812462368
2759.87	3.123704644382581
2771.725	3.1358838768049075
2737.471	3.100787015335204
2685.606	3.047633391998425
2702.635	3.065117592969356
2610.549	2.970724912851264
2596.604	2.9564511140709384
2604.96	2.96504279287164
2567.595	2.926756198709974
2594.677	2.951500544612629
2673.327	3.0320442539385137
2668.836	3.0274707672017693
2545.715	2.901447537983495
2622.807	2.9717869643634467
2650.202	2.999747449925638
2619.479	2.9684420886108467
2606.927	2.9571115579319946
2592.372	2.9439651619238294
2555.615	2.910690996044488
2527.486	2.8852387616179214
2534.273	2.8914404971911782
2539.873	2.896566132479583
2502.493	2.8627271865422372
2525.097	2.883268227886941
2610.174	2.9604457212105695
2614.988	2.96485880475126
2618.308	2.967566849092618
2613.097	2.9635042193002517
2575.05	2.9333811039970747
2583.53	2.940184431813859
2499.302	2.8734094964290495
2495.083	2.870134197522282
2493.187	2.8687025677343008
2486.391	2.8633820290948027
2483.547	2.8611980253530698
2472.299	2.852344141805571
2489.43	2.864296557779484
2485.309	2.8615376497729565
2477.876	2.856486074406389
2462.112	2.845667515204684
2436.818	2.828251985028727
2459.592	2.8441107092963955
2458.473	2.8434299227343494
2464.851	2.847938813263764
2533.827	2.8957801009747826
2530.67	2.893688567081088
2449.471	2.8375738079062662
2495.579	2.869585138847424
2467.875	2.850501389296997
2447.306	2.836356728564444
2449.639	2.8380655913730255
2492.912	2.868114473158567
2525.983	2.89110120352883
2529.938	2.893932891107286
2542.798	2.902928919581314
2527.794	2.892636580743508
2540.836	2.9017586110276805
2530.768	2.8948831487822453
2493.338	2.869066820097734
2506.925	2.878566140426329
2552.709	2.9103532882756866
2592.048	2.9418204313990675
2609.607	2.955905557544988
2614.853	2.9601640207343385
2618.034	2.962774469747693
2582.849	2.934766068386664
2597.228	2.946313347021888
2599.587	2.9482677979964476
2644.359	2.9840709112646358
2642.561	2.9827077859293256
2634.323	2.9762050784649485
2606.426	2.951040027309938
2602.623	2.9476517129944964
2565.666	2.9142980254339053
2560.539	2.9097130563306814
2527.845	2.880212378059359
2484.16	2.84544128665374
2399.937	2.7783380626166614
2416.771	2.791835488682482
2403.839	2.7815922714755428
2418.745	2.793551982567372
2400.765	2.779282613068784
2321.466	2.716106682762226
2317.394	2.7129300128366394
2171.21	2.596408219192795
2165.421	2.5918621228474485
2168.297	2.594012760958286
2160.735	2.588667259086658
2200.639	2.6174099145207412
2213.317	2.6265999713028787
2221.984	2.632909498056396
2203.828	2.6199558443652338
2221.979	2.6330764081259046
2226.849	2.636659104959709
2163.619	2.59133515908301
2162.669	2.5907381826882436
2224.065	2.6349155742911323
2326.688	2.70870052720503
2275.373	2.67193347766748
2307.297	2.6949452988101266
2317.848	2.702607907809379
2282.836	2.677549030705689
2245.328	2.6506976349506752
2190.478	2.611391927274471
2202.189	2.619887629135955
2265.845	2.665688123908951
2249.151	2.6537845243036364
2237.683	2.6456340323218965
2224.008	2.6358985697358825
2175.97	2.601485005439856
2189.388	2.6112066473544098
2193.021	2.613901107336539
2245.364	2.6515771148327683
2247.263	2.653026300590173
2278.329	2.6754220462645386
2293.641	2.686503917025405
2280.623	2.6758967213320237
2276.782	2.673280666644331
2286.01	2.6809311142132195
2352.794	2.735887079732314
2359.068	2.741109633417996
2349.08	2.732966388004988
2321.576	2.710426675749007
2304.144	2.6961651870345436
2331.43	2.718657611402628
2312.465	2.7031361545392847
2308.589	2.700016414101815
2303.932	2.696254771981531
2286.929	2.6803804228058903
2335.616	2.7260068423899937
2340.881	2.7309804079083113
2328.056	2.719017626926067
2318.311	2.7099384293799806
2313.91	2.7058624336631745
2320.344	2.711930463360308
2354.502	2.7439544597421683
2350.699	2.7404383388282403
2341.735	2.7320903529530045
2357.782	2.7489625666841637
2440.609	2.8359554809707777
2474.894	2.871978062320771
2482.889	2.8803954767673963
2507.455	2.9062128645833463
2488.902	2.8867542074101697
2478.39	2.8757388066255727
2427.322	2.822138576048217
2432.51	2.827608578324146
2472.288	2.8693989623267306
2443.885	2.8395975638287454
2429.03	2.8240219118038783
2384.443	2.777226905321465
2394.971	2.7883040526690186
2409.037	2.8030961918617385
2441.811	2.8375322087851864
2453.583	2.849915593320226
2429.317	2.8244581629902132
2468.508	2.8656321986897453
2472.542	2.869890491934882
2467.517	2.8646366065911266
2421.371	2.816204627084605
2413.33	2.8077838687191865
2426.054	2.8211668904104497
2471.322	2.8687219417857195
2445.891	2.842041246611316
2418.491	2.8132930532001215
2400.511	2.794436101258875
2368.559	2.764725765365189
2365.954	2.7623457195948053
2372.053	2.768071542335041
2407.471	2.8011015793475726
2373.718	2.769714022530022
2384.96	2.7802294317755973
2380.454	2.77607904081817
2383.769	2.7792121977662054
2353.568	2.7511325640928472
2340.552	2.7390569881344224
2307.945	2.7124134336518924
2315.889	2.718988565590654
2340.0	2.7388074310686514
2288.116	2.6963725068105027
2304.501	2.7098623772426267
2350.734	2.7478032208145047
2428.903	2.8119054911690915
2412.163	2.7964479916716445
2424.85	2.808244262101895
2409.989	2.7945270028654474
2397.962	2.7834344517210416
2388.629	2.7759197883622897
2387.416	2.7750028337873207
2414.481	2.7970624673009628
2439.53	2.82032291535582
2438.944	2.8198258155339984
2418.788	2.8011919812078516
2442.784	2.8234765598951412
2475.135	2.8535042414100227
2468.197	2.8471203625545165
2452.287	2.83242157609072
2450.872	2.83115621300027
2453.322	2.8334727899949654
2412.763	2.7959302508506894
2410.015	2.7930872659397137
2406.639	2.789589324358487
2367.923	2.749234321805674
2356.376	2.7385543657089464
2357.226	2.739389064060675
2332.41	2.716384528752172
2278.136	2.66601865317866
2284.602	2.67206964714143
2288.248	2.6755013566800496
2305.11	2.6912084288199094
2265.334	2.654308681390554
2303.478	2.6897830269890353
2299.458	2.686094374485681
2330.026	2.7111560506531793
2321.978	2.7046414415665487
2290.779	2.6791962727193717
2238.637	2.6366260249972457
2238.001	2.6361722222449235
2241.911	2.639435687666367
2222.221	2.62340144617442
2204.851	2.609264273377812
2193.679	2.6001952086214697
2212.846	2.6159343397900825
2208.941	2.6132505461353057
2211.844	2.6153956399102314
2178.488	2.591822413344522
2165.993	2.5830457968466063
2187.41	2.5983227994638596
2243.796	2.638403146012008
2231.889	2.6300436161874448
2245.678	2.639910137758665
2215.919	2.6188882877367354
2219.855	2.6217661398178516
2227.781	2.627474086023512
2202.45	2.6095930154841813
2212.483	2.6167954604048695
2267.534	2.655928954717484
2285.562	2.668802227316334
2291.246	2.672919969510393
2279.554	2.6647130088595503
2295.575	2.6761627476255834
2311.647	2.687648667515272
2282.442	2.6639461944025413
2308.656	2.6823911370061726
2287.436	2.6651986489164616
2264.294	2.646442967139481
2214.509	2.606018032605574
2157.909	2.5661398297064824
2163.405	2.5701061056720564
2154.108	2.5636274120041755
2178.971	2.581268268626383
2190.37	2.58940253011791
2184.273	2.585183299571497
2163.976	2.570937802237782
2173.634	2.5778428072060295
2168.358	2.5742032858815964
2097.787	2.524460563866344
2108.661	2.53222417793073
2114.134	2.536174284608543
2140.333	2.554758521675928
2122.836	2.542490085414035
2143.038	2.556840001074801
2138.133	2.553462483144502
2120.87	2.5413592897283865
2086.967	2.5175070050137003
2158.798	2.568310927165647
2176.554	2.580933817111225
2174.44	2.579526991500964
2171.047	2.5772171022237407
2155.707	2.566471734544814
2151.965	2.563915438984368
2146.305	2.560004897436252
2163.115	2.571959882169983
2180.727	2.584481146608999
2165.008	2.573468211548713
2185.472	2.588003217776275
2237.316	2.624694884079877
2238.62	2.625830448852428
2273.761	2.654753001451395
2270.666	2.6522761131089054
2268.613	2.650654921660115
2229.463	2.61856963735348
2232.526	2.621149721508026
2224.803	2.6148723356369405
2224.479	2.6146710222205303
2187.248	2.584161644162002
2196.795	2.5910142829857743
2194.668	2.5895914603406087
2190.474	2.5867033891289894
2167.826	2.5707336481145164
2134.969	2.547526955250949
2158.47	2.564271344497589
2158.659	2.564490323516588
2156.47	2.5630235922032414
2157.328	2.563716826106461
2137.316	2.549615735440726
2135.496	2.548410601915204
2133.911	2.5473720622454037
2180.054	2.580166967826764
2174.852	2.5765644221436705
2172.372	2.5748914555878324
2144.084	2.5549237136171437
2145.952	2.5563329725247312
2115.143	2.534578157338153
2115.771	2.5351084186766073
2135.905	2.5494661058554704
2130.868	2.5459805743641613
2148.414	2.55850369335261
2155.976	2.563949358566522
2147.28	2.557870055095825
2169.352	2.573601587242671
2155.164	2.5636291272373355
2156.464	2.564635812089665
2149.918	2.560080629220535
2128.274	2.544822778800744
2150.602	2.5607358192898935
2134.716	2.549559715552051
2134.281	2.5493365281041895
2161.268	2.5685522628434994
2160.766	2.56828159441854
2153.41	2.563152267519271
2176.242	2.5794226256783372
2191.855	2.5924401033306372
2169.674	2.5741004627378405
2160.239	2.5663359952775524
2126.907	2.5426615770021996
2136.729	2.5497470020149384
2134.11	2.547964585696965
2144.821	2.5556836968828422
2133.371	2.5476066261599515
2149.076	2.558885435669148
2150.258	2.5598123704048614
2165.118	2.5704888843464566
2164.559	2.5701748616680797
2170.867	2.574755590245603
2180.192	2.5825610150910934
2178.695	2.5813816462248997
2176.289	2.5794475993184123
2180.473	2.5829848036988574
2148.71	2.556677569838197
2142.847	2.552575913399025
2148.009	2.556345229296346
2171.758	2.5733841788065046
2174.976	2.5761168085155153
2170.868	2.5727728783963593
2157.068	2.561389905117098
2164.144	2.5673225761269567
2166.295	2.569170201460832
2192.698	2.5911337008945248
2197.833	2.5954564213052844
2237.015	2.6280194977442584
2260.454	2.6475245172285025
2323.897	2.7002109380549717
2331.369	2.7072008914767993
2322.011	2.698546592338459
2350.251	2.72484136071819
2329.402	2.7055056578201517
2375.62	2.748511808311601
2369.353	2.742730749909494
2363.221	2.737075183843299
2327.457	2.703875319587116
2331.134	2.7073376758033953
2365.349	2.7391865060263925
2357.052	2.7305615317599274
2358.901	2.732511154323824
2335.945	2.7086079472306794
2360.635	2.734363440235156
2374.562	2.7489012763315497
2374.768	2.7491385014543157
2366.14	2.7401685559413558
2354.244	2.7277925629603925
2365.364	2.7394048310520747
2342.863	2.7159758573704065
2324.092	2.6964344510121823
2327.595	2.7001079616037513
2311.278	2.68312422266742
2338.287	2.7112966951338797
2355.317	2.729068629012746
2386.46	2.7615497367283726
2408.838	2.784895588559806
2426.224	2.8030385664172313
2449.259	2.8270691754438326
2445.224	2.8228862749786545
2432.433	2.809577498814677
2423.454	2.800241753881629
2438.358	2.81579789449089
2437.189	2.8146020691723606
2388.765	2.764155064377653
2401.326	2.7772692357766626
2408.664	2.7849397751269107
2425.211	2.8022083298511813
2378.92	2.753984436267645
2399.462	2.7754167545025723
2441.864	2.819632501190121
2436.965	2.814549125235884
2437.201	2.8148176676775107
2447.799	2.82588593138919
2450.988	2.829232220393553
2478.383	2.85780703935168
2481.955	2.8615525110421607
2466.789	2.8457684398681464
2454.946	2.833447743221051
2446.562	2.8247321661155422
2463.874	2.842798060667701
2444.395	2.822518803921885
2441.732	2.819765903180427
2454.711	2.8333157654505348
2433.391	2.8111177453655594
2418.641	2.7975322829303346
2395.936	2.776594962906562
2390.706	2.771807713020805
2368.832	2.7516383951651577
2416.653	2.795879889322512
2451.384	2.828023855468882
2468.925	2.8462595581785672
2508.325	2.88719101185763
2512.548	2.8915989135498275
2513.172	2.8922700496491243
2503.448	2.8821970725918096
2506.067	2.884939579884592
2502.153	2.8808990098717446
2565.73	2.9469329556883666
2558.612	2.939565742351568
2594.318	2.9766618072748505
2579.75	2.9615594163494774
2581.093	2.9629770906179176
2567.101	2.948472752442071
2541.416	2.921827815339298
2537.223	2.9174975806739476
2537.099	2.917392106735517
2583.455	2.965545860486848
2649.258	3.0338910353354165
2685.561	3.071606970263655
2723.018	3.1105210815145394
2754.49	3.143221092564528
2808.819	3.1996530574124544
2819.812	3.21109014878109
2923.94	3.319227392509761
2967.549	3.3645290081009973
3104.351	3.5065909962568664
3124.885	3.5279343188866625
3252.881	3.6608532226143473
3106.913	3.5093209550477704
3221.546	3.6283653351941676
3183.012	3.588379578818065
3193.227	3.599008906056801
3217.228	3.62395195480126
3303.402	3.7134479496141783
3360.598	3.7728566863478292
3345.927	3.7576474004940406
3383.167	3.796336237668673
3394.481	3.808106645445044
3324.924	3.7359103630592423
3230.385	3.6377757870141654
3335.419	3.7468537444257266
3445.839	3.86152387651727
3455.455	3.8715312954823036
3457.554	3.8737339702334896
3533.705	3.9528233118596066
3641.541	4.064810537691029
3641.059	4.064333419103801
3643.79	4.067192294095666
3559.259	3.979448835382606
3546.723	3.966456302851995
3513.576	3.932063795852116
3514.04	3.932568899152429
3502.423	3.9205305511308906
3604.121	4.026144833446974
3635.146	4.05838079876333
3355.155	3.7676952650468394
3396.222	3.804650384477717
3548.885	3.9418595290484255
3567.613	3.960613535027946
3571.732	3.964763530501776
3607.985	4.001036559589535
3574.931	3.9680262495187018
3525.323	3.91846759287514
3481.798	3.879828873992182
3434.39	3.837737334171504
3353.96	3.7662821046077513
3437.445	3.840582742252721
3401.768	3.8089226127358535
3366.946	3.778022768305925
3312.42	3.7296018145511334
3345.921	3.7594558943497214
3406.943	3.8137820965533873
3434.124	3.838016341006732
3442.874	3.8449563472249233
3469.828	3.866137860547062
3499.483	3.8894324496375177
3522.322	3.9098035560794018
3478.729	3.8711070222996704
3566.295	3.949029793406093
3572.843	3.9549158630423364
3601.265	3.980251084086667
3507.9	3.8973000727362805
3530.822	3.9177450097057323
3496.344	3.8871530593153976
3478.52	3.8713689261978965
3537.75	3.91760780970122
3520.611	3.90248880001337
3524.653	3.9061340047384627
3592.844	3.9666086964071563
3617.657	3.9886549025902336
3705.671	4.066690764253467
3757.122	4.112335536454426
3846.055	4.1911855491251275
3839.739	4.1856546523821665
3892.574	4.232525523536216
3972.061	4.303007357989878
3973.046	4.304003087067091
3940.412	4.272220741390397
3949.999	4.281603311822197
3971.697	4.3027939490106775
4088.178	4.416396752910674
4051.204	4.380382976612595
4123.895	4.451291119004501
4124.776	4.452185469818813
4170.538	4.496838201348716
4260.044	4.584140753723533
4295.803	4.619040699172625
4262.138	4.586253171296625
4344.416	4.666508528576085
4421.073	4.741283488559129
4438.184	4.758001893779727
4380.513	4.701808846970499
4513.546	4.831549665537179
4596.136	4.912109233216313
4521.919	4.839784065302669
4619.164	4.934632068802438
4739.814	5.052299638783382
4740.892	5.053386102718052
4702.641	5.016127317881909
4807.592	5.118488580491721
4741.861	5.054437167132915
4774.326	5.086125550076785
4749.886	5.062332318119557
4787.741	5.099275885169301
4596.837	4.913182474032213
4553.327	4.876059819116453
4470.089	4.80496756724783
4558.404	4.880562479812339
4690.532	4.99361990007671
4747.421	5.0481694381391975
4718.436	5.020438354739969
4700.778	5.003560299349473
4617.47	4.923779354484985
4575.14	4.887749855343523
4731.222	5.020979616823874
4754.919	5.043654348255195
4840.976	5.125890325399046
4951.335	5.231337616244196
5099.495	5.372889376821807
5198.918	5.467891489301155
5181.434	5.451233467970583
4834.007	5.119440508163685
4840.829	5.125997624406494
5076.179	5.350826257594255
5161.87	5.432712688203409
5143.59	5.415294408843993
5181.416	5.451464058819634
5230.552	5.498436111976119
5353.751	5.616147172536715
5317.461	5.581527207364047
5309.112	5.5735942351907966
5306.59	5.571226746833825
5335.1151	5.5985129476726625
5221.1665	5.4897197649611655
5064.8212	5.340432677335278
5138.8307	5.402949954742417
4930.5491	5.227345251570304
4637.0517	4.979858177149178
4786.0906	5.105665285451146
4880.1261	5.1850751927570204
4706.5159	5.038717004394353
4336.1947	4.726426513159263
4191.5486	4.604500526669906
4472.9976	4.842000020614081
4253.021	4.656530251393551
4107.9961	4.545496081066915
3885.9169	4.375406492220453
3998.537	4.461834854035139
3928.0025	4.407891133331456
3663.0375	4.204933332193125
3897.6263	4.3848401365854475
4106.5561	4.5450815556783555
4211.8116	4.625865638488824
4112.1488	4.549597653145753
3966.7585	4.43828352042023
3997.3555	4.458969859337594
4151.4956	4.56259334465516
4160.612	4.569719246700518
4166.0057	4.573981222313436
4157.1604	4.567288905152172
4250.805	4.639443799906122
4176.2787	4.582222004010104
3818.7314	4.307267405194139
3811.0926	4.302239388137315
3930.3791	4.383109208513417
3815.4118	4.3054456976582225
3816.6993	4.306458668447231
3829.2354	4.315084240986106
3948.1554	4.39570607579302
3866.8998	4.3408573043529675
3831.8516	4.317279813529222
3906.9448	4.368241506524889
4084.3646	4.488453647927152
4066.6692	4.47495204865897
4016.1262	4.436182280658132
4075.463	4.481938098242128
4073.54	4.48056952252702
4077.8721	4.484012722345329
3825.4122	4.289917422479922
3886.1357	4.330916614751482
3761.4541	4.24716493785421
3589.5358	4.131629789090115
3275.5342	3.920493091788101
3042.9266	3.7641228239880005
3025.692	3.752667521267629
3205.6375	3.873885986926245
3342.2863	3.965972032232165
3366.5359	3.982429645276266
3362.0827	3.9795744269600544
3365.8318	3.982238184659653
3250.485	3.9047675972468037
3334.0233	3.9611179972093886
3399.3054	4.005184620307279
3357.561	3.9772378630385
3347.1878	3.97039940852006
3281.1317	3.926094408224699
3152.2319	3.839504676963462
3309.2484	3.945295373215768
3236.9986	3.8968229413157864
3251.2732	3.9065689578831364
3308.2467	3.9450451848671095
3339.03	3.965899197767745
3263.0275	3.914901786680427
3284.9991	3.929826820121807
3231.9514	3.8942747005853033
3242.7524	3.9016835552297655
3178.8544	3.8588307725831386
3202.9475	3.87518331588579
3296.482	3.9382599135185687
3340.1159	3.9748471788252937
3447.6934	4.064909205388107
3445.0431	4.062789936268482
3406.1116	4.030329433498263
3486.815	4.097917211885561
3534.0653	4.137528840067988
3534.1821	4.1377236732483125
3577.7027	4.174216243915989
3473.2544	4.086965392111977
3524.5339	4.1299465915797
3571.2411	4.173798594851493
3589.2611	4.190758740614748
3592.8794	4.19421849649837
3524.9199	4.130580026076318
3533.3065	4.138509677626915
3534.0788	4.139301562055287
3475.9623	4.084890101894203
3465.4927	4.0751436516171005
3628.5377	4.228052707183066
3705.9697	4.300706704241512
3793.3739	4.392029859328402
3840.3547	4.441133495490914
3833.2379	4.4337358307563735
3833.6457	4.434197107412779
3795.3241	4.39420813418226
3746.2422	4.342980754403502
3764.1262	4.361694754973463
3758.3869	4.35573581084955
3715.5796	4.311061837369555
3774.969	4.373125444699083
3774.3833	4.3725490977902535
3753.3351	4.3506010491467775
3753.8887	4.351214630257626
3781.6069	4.380199811487588
3759.4286	4.357071458145813
3556.9924	4.145675857950735
3566.4122	4.154527030142718
3591.696	4.1781698058736625
3721.9545	4.299691026189871
3749.2985	4.3252547441679505
3677.5922	4.250840843773601
3687.6073	4.260171692205855
3623.0202	4.200517827783112
3635.9382	4.212533001832842
3623.0842	4.20071679102821
3608.0587	4.186892598047885
3711.322	4.282450166060319
3694.3885	4.264899937066979
3685.4398	4.256705551968942
3755.8881	4.321837572453536
3767.9128	4.334326053329998
3865.965	4.435905901053507
3876.7325	4.4470924126715925
3866.3814	4.436408189617281
3829.4022	4.3981475113995945
3838.201	4.407295216653701
3727.6316	4.292823433996469
3761.8745	4.328321435091639
3765.1752	4.331775234627959
3731.0047	4.2964233026869545
3469.0662	4.025191430870084
3478.7797	4.034274133619934
3539.8082	4.090989878796688
3294.3839	3.8632414852512995
3361.5632	3.925666708010113
3192.4499	3.7687538448922444
3215.7099	3.7904110839600955
3155.8787	3.734939103037118
3221.5714	3.7959844143454275
3118.7301	3.7005884126539783
3130.7289	3.7117924891134972
3223.1251	3.788565473374521
3174.3781	3.7482008909801476
3081.3454	3.6710827249421136
3113.4626	3.6978289799780564
3128.886	3.7107207229028916
2940.5085	3.554474016514031
2930.3519	3.5461364191434237
2853.7562	3.4826596868921422
2946.0902	3.55938111032217
2901.0477	3.5220910270228485
2961.3337	3.5661218762758162
2948.6386	3.5569899944020307
2984.7598	3.5834181272546877
2963.7894	3.5682581608726727
2946.7066	3.5559301080311245
3037.0353	3.6218454690530866
3063.3199	3.641108214764886
3053.6985	3.634215412387703
3051.585	3.6327917141411863
3118.8675	3.681919216750586
3089.3632	3.6605428375183493
3109.5454	3.6753603661358785
2918.7501	3.5364923320662145
2948.0306	3.5579374937790735
2877.4666	3.506651406402625
2930.6937	3.545540375838696
3051.3327	3.633535237779453
3058.4219	3.6388152890077077
3093.8895	3.6684437866645814
3104.8397	3.67765326351138
3107.6727	3.680102433198372
3071.907	3.6504051370139443
3013.1457	3.601556233249883
3018.2844	3.6053599553006768
3065.6904	3.645087593013846
3074.7796	3.6527764747434137
3090.0328	3.665619419884274
3124.2039	3.6942806588302064
3171.963	3.7343035719146815
3249.4372	3.799172905762771
3225.7903	3.7794893879511133
3236.0924	3.7881924852810243
3181.8507	3.742927003556095
3197.8169	3.7563661779969344
3169.7283	3.7300321520329818
3135.4098	3.6978436907221437
3216.2753	3.7738973997832463
3218.0879	3.7756625228925476
3221.8948	3.7793017598976895
3264.4858	3.8193876869626004
3257.5276	3.812910618195839
3209.2902	3.7676421425945597
3185.7258	3.745559695688899
3230.0957	3.78731733347258
3218.4497	3.7750589228542806
3261.3831	3.8203958847717665
3275.8321	3.8356744470563022
3272.2053	3.831878372225557
3228.4531	3.7857396348003345
3238.3029	3.7961648603576617
3181.0264	3.735754496956421
3160.6033	3.7166282160886075
3174.9012	3.7301226395214164
3162.0331	3.7180943608243977
3179.1605	3.734247135660673
3165.9156	3.7218648599904336
3160.5809	3.7169142951159797
3156.7451	3.7133719656446664
3213.5397	3.766792460381774
3209.4614	3.762521031050409
3213.9199	3.7672554735511388
3130.3544	3.6791292871941126
3065.6154	3.618319175551946
3069.1124	3.6216676998755175
3082.8086	3.634605986911772
3090.1372	3.6415571680292245
3074.9351	3.62732395193581
3095.3085	3.646540464962823
3086.0249	3.637872105194189
3068.0358	3.621018438215773
3062.5002	3.615874130673456
3078.2183	3.6307135360538005
3087.2225	3.6382372861902894
3063.5556	3.6187864839191812
3059.2259	3.6153012505307256
3064.2111	3.619506776473952
3062.4993	3.618183000180876
3066.7095	3.621748670016383
3169.5598	3.7067555375235317
3160.547	3.6983841963796196
3167.0997	3.7045757666309154
3189.3255	3.725430917625249
3178.7883	3.715633380046128
3177.0536	3.714071367278027
3163.9864	3.7019068002296067
3066.3413	3.6106121080889237
3075.9834	3.6186486273002982
3116.3682	3.6520247908090946
3094.6748	3.634233072921825
3110.3572	3.647248324781237
3112.6744	3.6492473324216386
3106.3175	3.6440967299075515
3133.9611	3.666971009794431
3117.3168	3.6514512190419923
3077.1554	3.613918007759051
3120.5443	3.6496773181907916
3136.4013	3.6645739382109443
3151.3898	3.678657949862406
3153.921	3.6810862754158267
3154.2003	3.6814076123608466
3204.6962	3.728714189734835
3207.3827	3.7312878367580624
3216.8035	3.740162446393826
3209.9542	3.733813918017243
