2008-4-21	1.544361739377059	0.3758932310828617	0.0581194210833893	0.01848052099828057
2009-11-4	1.2207655056956594	0.3257828759009551	0.032948584378861945	0.013977974558576411
2006-11-1	3.4115131517819375	0.5266793893544518	0.1432840966427229	0.10720314699297173
2014-9-23	1.5434186642628416	0.3163454305936178	0.40899781691666615	0.4265529331412674
2010-8-16	1.3586484839343922	0.3251881103438261	0.05870548470460246	0.04814314174262879
2015-12-7	1.0122637769617995	0.012811169331346612	0.22412913141138624	0.39210261327430995
2009-7-7	1.2220715080247055	0.3540184257507407	0.03142176490339299	0.01849594510347652
2008-4-15	1.4560302814858692	0.375893231082862	0.0499402986320896	0.006328119847108127
2007-2-5	2.2430611908237985	0.5266793893544519	0.09500041601467957	0.05829528726712652
2011-3-9	1.241808980627037	0.3163454305936174	0.0460443890254425	0.02510512549175581
2006-9-19	3.674235828781145	0.5266793893544519	0.15050163139583983	0.11423778581540556
2013-6-14	1.5639006168873548	0.3163454305936176	0.19230164281396656	0.19010049105482563
2010-4-15	1.2665743307278445	0.3257828759009546	0.04225777477534698	0.018157001299802467
2008-6-2	1.4551659602393239	0.3552817825662153	0.05074626991584319	0.0048725936119584645
2014-10-29	1.5038819869317563	0.31634543059361725	0.41852854207442913	0.44331179791212016
2007-7-18	1.4569238545718444	0.5266657045843974	0.04551597096147009	-0.001427149070922673
2012-8-29	1.63452661152606	0.31634543059361747	0.15877752808331635	0.172198627191682
2013-9-6	1.5624413564870367	0.31634543059361725	0.21286711966490457	0.22390390717465558
2007-4-2	1.8559782571672578	0.5266793893544521	0.07325088084797304	0.0322374099651086
2007-6-21	1.359212477429827	0.526665704584398	0.03664002771283603	-0.012759071352920537
2007-4-24	1.5827651299952463	0.5266793893544519	0.054275130090517765	0.010173396685886571
2007-6-20	1.3681090681674726	0.5266657045843974	0.03742106482351715	-0.011655192718471818
2011-4-15	1.2433976632905674	0.3163454305936176	0.047342703777406125	0.024346996268655774
2012-1-30	1.5072369246159083	0.3163454305936174	0.11048251840063972	0.11451336792546063
2006-11-7	3.309019480895892	0.5266793893544519	0.13975235472430714	0.10444375093621949
2010-1-21	1.252841531490048	0.3257828759009547	0.03867957634026742	0.01674263604484927
2010-5-25	1.4217535729025799	0.3257828759009547	0.06485398043071333	0.053212231371580376
2015-9-14	1.1026352917902025	0.05354183910098966	0.3999412341618789	0.6012939858654958
2010-9-6	1.3215780481544555	0.31634543059361725	0.05386001431697607	0.045135732986729016
2014-11-6	1.4662925832747777	0.31634543059361764	0.3968340572554723	0.4257508659421698
2007-6-18	1.3526668007614315	0.5266657045843975	0.03601810978912501	-0.013578047127593806
2012-2-3	1.4904972745856866	0.3163454305936176	0.10763612311668291	0.10964769319440526
2006-5-19	3.682075493878617	0.5266793893544521	0.14511847609198636	0.11105082099213748
2008-12-30	2.0282701657993183	0.35528178256621634	0.10630560995008653	0.10813138422806401
2013-12-6	1.5515602894783362	0.31634543059361797	0.2372881751359841	0.23049092885439415
2015-4-21	0.8821192828146016	0.27406163732808436	-0.1661247721075858	-0.25721887716747915
2015-9-24	1.1015660334761717	0.05354183910098967	0.4445333041640125	0.6742681914583575
2007-7-11	1.4613082693194532	0.5266657045843971	0.04578142134826946	-0.0008746970884319083
2010-6-25	1.4448757119832867	0.32578287590095395	0.06900734716584012	0.05941557490477689
2009-4-23	1.534645537277187	0.3550177551853035	0.06613838603626698	0.057182610793521826
2014-1-16	1.6550029079787987	0.3163454305936176	0.2946879182578861	0.31292652405451804
2010-6-22	1.4301585252750413	0.3257828759009543	0.06692170987656287	0.05603351348795771
2010-11-5	1.1936661680729603	0.3163454305936176	0.034967542891442216	0.012941451212925115
2008-3-3	1.2265092352013636	0.4324759234860927	0.026427464276633117	-0.03041530767484646
2013-1-29	1.4363237425034168	0.3163454305936178	0.13225604110109423	0.12395797696420274
2013-9-3	1.5673993971567752	0.3163454305936174	0.21369428014507363	0.2237622804139736
2015-11-27	1.0329877402658707	0.01336302285449806	0.4480148020657593	0.8941552732337215
2014-2-13	1.6242117247401922	0.31634543059361764	0.2954013144499046	0.30644952563441974
2009-10-27	1.2474314305007534	0.3257828759009543	0.03645010051469444	0.020703153614075376
2010-8-26	1.3845551510384935	0.325188110343826	0.06276397521853716	0.053299885429343385
2011-7-5	1.3006123340581974	0.3163454305936176	0.06031738038318757	0.04238362617062963
2011-4-22	1.2586449956272974	0.3163454305936177	0.0502663883504908	0.028325738121528943
2015-6-9	0.81867143641748	0.2738086765455948	-0.30213959038903215	-0.463269668126702
2013-7-2	1.6436885638503638	0.3163454305936173	0.22057642575681968	0.2351412573402092
2009-10-12	1.2980800033916249	0.3296228842897178	0.042860228838951464	0.02888161944138301
2007-7-4	1.472583565995649	0.5266657045843975	0.046622480040902525	0.0005740934748337256
2011-11-30	1.4869595317641011	0.3163454305936177	0.10206576040665971	0.10296296926846704
2015-2-11	1.1041192821247074	0.3163454305936173	0.11921176758259966	0.10921253302991318
2011-10-13	1.434188748503186	0.31634543059361725	0.08934638640319603	0.08547915346690282
2006-10-18	3.5291744779078438	0.5266793893544524	0.14686411913118014	0.11018686530175303
2012-6-26	1.5392590816701075	0.31634543059361736	0.13076253960253847	0.12932134161655906
2008-3-26	1.3791377515050103	0.37589323108286193	0.04227067572940113	-0.005104785874226803
2006-6-15	3.8181164579931526	0.5266793893544519	0.15068702999498407	0.11907500847345598
2012-2-20	1.48328327340055	0.3163454305936173	0.10761015572846855	0.10709841377841856
2008-3-3	1.2265092352013636	0.4324759234860927	0.026427464276633117	-0.03041530767484646
2012-5-4	1.4373517753376674	0.3163454305936176	0.1043616950788504	0.09323768533639787
2013-1-15	1.4559649217712545	0.3163454305936173	0.13564152488715187	0.13384808930752223
2010-7-2	1.5142126611205369	0.3257828759009535	0.07841457080366543	0.07453269855350597
2014-4-4	1.6726562074525406	0.3163454305936174	0.3446752588373383	0.3670561883122647
2014-7-22	1.6669665379675362	0.3163454305936173	0.4265665048572995	0.45539716933335606
2012-9-28	1.5992803895995382	0.3163454305936174	0.1553308992602742	0.16441006346357723
2007-6-1	1.451141240229992	0.5266657045843973	0.044334107571119	-0.0012950890894144473
2015-1-9	1.0776866155980582	0.3163454305936176	0.08019495042442037	0.06260486070222049
2009-8-28	1.3202169423397598	0.32964018413199925	0.04479250813256419	0.03381480626397959
2015-10-30	1.0388747407296104	0.04024934414149154	0.26112863599606007	0.46227521046305164
2013-5-27	1.4946095236055612	0.31634543059361747	0.16772056621412634	0.15325809607019525
2015-11-11	0.9811129731384614	0.05021915772614483	-0.13497225847153782	-0.13386117799440744
2012-2-17	1.4840258397921398	0.3163454305936175	0.10751287539954357	0.10726727327407559
2008-3-10	1.2818102062168597	0.40767626793939016	0.032307311718163145	-0.020764511101425298
2011-12-20	1.5404690293811245	0.31634543059361736	0.11325359213171682	0.12073102681349068
2012-3-23	1.485234557877961	0.3163454305936176	0.11063315357850989	0.10830789722473755
2008-8-7	1.6616403458742792	0.3552817825662168	0.07105886230224057	0.04479075218599826
2013-1-10	1.484050303201077	0.3163454305936175	0.14230683806316136	0.14296079275766216
2012-2-24	1.4409594925033382	0.3163454305936176	0.09962585032206639	0.09557313598940209
2011-1-21	1.3250905660147017	0.3163454305936178	0.058637899251063	0.048051542982535445
2007-11-6	1.139616295745025	0.4991992839498175	0.016163675817638	-0.04157320066404446
2008-11-13	2.0365098298250213	0.3552817825662157	0.10491681674100617	0.10268111508949795
2009-2-12	1.6794410377906244	0.3552817825662159	0.07827625830881901	0.07289847368712832
2006-8-10	3.8892143765445266	0.5266793893544521	0.15559640099122873	0.12243339287493527
2007-4-24	1.5827651299952463	0.5266793893544519	0.054275130090517765	0.010173396685886571
2006-8-8	3.9256963042355135	0.5266793893544521	0.15664756569496863	0.12416577060636058
2006-9-12	3.765266873409039	0.5266793893544517	0.15319939164197782	0.11668768886575842
2010-5-25	1.4217535729025799	0.3257828759009547	0.06485398043071333	0.053212231371580376
2010-9-16	1.3588119071084375	0.3163454305936175	0.0597001229519023	0.053357856748465604
2010-10-14	1.2488012189361108	0.3183501059426479	0.04355989762564105	0.030043766619922696
2006-11-16	3.2550007699460366	0.526679389354452	0.13810026770511463	0.10337641283042975
2009-7-22	1.1748798672852854	0.3341517273648518	0.025337168369710783	0.0065516298869390255
2015-3-3	1.089555415821452	0.3163454305936173	0.10960765901105618	0.08845822131679837
2013-4-11	1.5152894737514757	0.3163454305936175	0.1652314392414853	0.16605024873598628
2012-4-27	1.4712734596137313	0.3163454305936173	0.11081981370250205	0.10276661376334095
2008-9-8	1.8946554395105597	0.3552817825662153	0.09135983809606518	0.08116459415385435
2006-11-6	3.328612064099907	0.5266793893544516	0.14044322929426967	0.10506668134466413
2012-7-2	1.5352763660707773	0.31634543059361714	0.13057783661721034	0.128611272274189
2013-2-25	1.4670925590146662	0.3163454305936174	0.14442989138038032	0.13809010669039723
2010-5-19	1.4378344349269434	0.3257828759009538	0.0667923036603264	0.056539713599077945
2012-10-10	1.5862532471937731	0.3163454305936174	0.15409983740102517	0.16136532594356523
2006-8-17	3.8883053336330184	0.5266793893544521	0.15590957694923402	0.12268418422644034
2011-1-5	1.2760367044813505	0.31634543059361764	0.05012856391545695	0.034576335993111496
2014-2-27	1.6888156746551484	0.3163454305936173	0.33039736380521045	0.3549097320608128
2011-5-16	1.3076672025458618	0.31634543059361747	0.05971835299716988	0.04269837313594382
2009-11-18	1.1936538903996872	0.32578287590095467	0.029371081976943714	0.005842222783285722
2013-8-26	1.5732700012712575	0.31634543059361736	0.21343195465270504	0.2256589546623069
2009-7-9	1.207838572518218	0.3345567731964374	0.02958478931342623	0.015909407498707617
2007-1-25	2.1293365145324405	0.526679389354452	0.08830664064439286	0.04904875054651936
2010-9-3	1.3387838528001832	0.3163454305936178	0.056338349580989266	0.04872645620402083
2009-2-2	1.8478028919675238	0.3552817825662143	0.09296793615991383	0.0913298869919863
2006-11-14	3.3361250537837885	0.5266793893544521	0.1410849079606682	0.10647113154100385
2015-4-7	0.9195643315328186	0.29315611672976544	-0.10869140743664918	-0.1568810837911232
2007-4-2	1.8559782571672578	0.5266793893544521	0.07325088084797304	0.0322374099651086
2013-5-24	1.4955891707641646	0.31634543059361747	0.16744251367320429	0.1531409498385523
2013-4-19	1.494696492893702	0.31634543059361764	0.16077438453057669	0.1578774116795465
2010-3-24	1.2817354636244953	0.32578287590095467	0.04395795667522351	0.02422167166830569
2014-12-11	1.1883589518650948	0.3163454305936176	0.17875975155408308	0.17261545327562278
2015-7-29	0.9872772742681726	0.14458185866827125	-0.03008450669377616	-0.09925615564417622
2008-2-20	1.2104000824438823	0.4399298682096421	0.024590650464952457	-0.03328656850646472
2014-3-28	1.6886989267709331	0.3163454305936173	0.3476385359227052	0.37443551966154565
2014-5-6	1.6883929484724138	0.31634543059361786	0.37378888165433666	0.4009325217238071
2014-11-24	1.3647932802395752	0.3163454305936178	0.32815427319922263	0.3770685006082335
2009-11-26	1.2273447047499586	0.3257828759009535	0.034191765551721875	0.012588947631207992
2006-12-20	2.621239751447314	0.5266793893544524	0.11261666060148445	0.07630379394222708
2008-10-10	2.017110995342466	0.3552817825662142	0.1020343587742516	0.09864291706778228
2008-1-31	1.2525241868571282	0.44921717700087793	0.02885559849699537	-0.02563688614201287
2011-5-24	1.3266890338623434	0.3163454305936176	0.0633422180015275	0.04841200031123272
2009-3-16	1.7272274937624532	0.3552817825662154	0.0837936060083817	0.07920818614419933
2013-8-15	1.5861057213554854	0.3163454305936176	0.21460649245780195	0.2256058350664376
2014-7-4	1.676818256508544	0.3163454305936177	0.4154599422689931	0.4436074617345587
2009-9-16	1.2679330281491423	0.32964018413199914	0.03847628111867163	0.023122521197768142
2011-3-2	1.2581087500202288	0.3163454305936173	0.04868486700417374	0.03118495410303246
2013-4-16	1.521976220652044	0.3163454305936176	0.1680348394309943	0.17015860561250462
2007-11-15	1.171004221743914	0.49919928394981794	0.019616600301715303	-0.03631792889803931
2013-6-5	1.510163422779422	0.3163454305936173	0.17418677146019834	0.16166729446765604
2010-5-21	1.4356756599575595	0.3257828759009535	0.06657401235009308	0.056145987809795406
2013-8-8	1.6191579844490067	0.3163454305936176	0.22321701541382666	0.23361634889631566
2010-11-15	1.245231838407161	0.3163454305936176	0.043738298930132036	0.024996932412101103
2007-6-6	1.4813081930829664	0.526665704584397	0.04691704302552813	0.002647934314924605
2010-8-16	1.3586484839343922	0.3251881103438261	0.05870548470460246	0.04814314174262879
2010-3-4	1.2877813163021248	0.3257828759009545	0.04437898653386396	0.025397795265682976
2015-4-2	0.9482868502552609	0.31634543059361747	-0.06901868972061942	-0.11665417634152198
2009-6-26	1.2893145585139651	0.33522836873611045	0.03979122477008756	0.02871847591418053
2006-11-10	3.340323958899241	0.5266793893544519	0.14106137112641282	0.10550655923351249
2008-2-4	1.20511884013374	0.4472148180379468	0.023886020444823908	-0.03413206691546711
2015-12-18	0.9990836999899209	0	-0.029960453445100677	-0.05182714132745292
2011-10-28	1.4187266572241535	0.3163454305936175	0.08743631442469879	0.08186614816615001
2011-2-16	1.256171624278286	0.3163454305936173	0.04796045403685767	0.030594430850024557
2015-11-5	1.0038265194106297	0.04609544549286188	0.026151172229361253	0.10650063947856703
2010-12-10	1.2800743787472764	0.3163454305936172	0.05006105799520544	0.0349647338721335
2006-12-5	2.8411109372893537	0.5266793893544519	0.12199753496671084	0.08503705455824506
2007-10-30	1.1032045363521892	0.4991992839498176	0.012094686800152354	-0.04744858947586705
2011-8-9	1.3937902592703268	0.3163454305936173	0.0785330919485061	0.06970831767813923
2013-12-31	1.604364499404628	0.3163454305936177	0.26745786724367404	0.2714741701478163
2012-6-19	1.502949095009621	0.3163454305936176	0.122388914886427	0.11541940329015343
2013-11-20	1.5554686913183409	0.3163454305936173	0.2332908067039443	0.2317527028959092
2011-6-16	1.3559857617004982	0.3163454305936173	0.06938193622470767	0.05758344799586146
2007-2-15	2.016023394850203	0.5266793893544518	0.08221445871254285	0.03945019769848157
2009-12-4	1.193936813043118	0.3257828759009534	0.029626445592852546	0.00528054712214554
2012-8-9	1.553727837779181	0.31634543059361786	0.13885585686949575	0.14017671705901957
2010-10-27	1.2111299339156458	0.3163454305936174	0.037706270896601835	0.019511019746240477
2006-9-6	3.7567342587937436	0.5266793893544524	0.15262875851783098	0.11658343726816778
2007-2-14	2.058745137807569	0.5266793893544517	0.08474757131138055	0.043020811707254136
2013-7-30	1.6574840924623606	0.31634543059361725	0.23258027963341643	0.2510778151682256
2011-6-24	1.3254152257189877	0.3163454305936173	0.06434432524814127	0.049248522302565156
2007-10-12	1.080196946370272	0.5001767970044805	0.009429962718344509	-0.0500541903188394
2014-9-26	1.52681873652589	0.3163454305936174	0.4000678599980676	0.41223449829714087
2012-8-14	1.5748494469803536	0.3163454305936176	0.14402434974665224	0.14856194066757378
2015-4-30	0.8650011720006249	0.2740616373280843	-0.19574189070091763	-0.2955125156525691
2009-10-21	1.2323112324812155	0.32578287590095434	0.03431243773733206	0.017959876458057078
2015-10-29	1.0380127290692267	0.050056015009631014	0.25011641516021776	0.4550960608625618
2011-4-1	1.2604879375691733	0.3163454305936173	0.04996591540770612	0.029772156461700172
2006-5-16	3.752908838842483	0.5266793893544519	0.1472544205307773	0.11394736760539836
2011-12-23	1.5475060348698777	0.3163454305936176	0.11476127436966443	0.1231041521800822
2006-10-20	3.5148694133976712	0.526679389354452	0.14645135466332926	0.11003882034683676
2011-9-20	1.425902350761087	0.3163454305936175	0.08650058011584116	0.0815904868602999
2007-9-10	1.0989297653054513	0.5219298883351304	0.011421233661415231	-0.04209552804980332
2007-11-19	1.1832859682897716	0.4991992839498178	0.020955155154775085	-0.03432029839540063
2008-10-14	1.9998517411104215	0.35528178256621534	0.10088439650197101	0.0966079243261917
2007-8-16	1.2209814290288183	0.5262701548915245	0.024124833038161375	-0.02677455362869574
2012-7-5	1.5479915789097878	0.3163454305936177	0.13358486367869715	0.1335573861875834
2007-5-15	1.4979797408558104	0.5266657045843975	0.047939963342810143	0.0049596394839110935
2009-2-13	1.6405342846838151	0.3552817825662153	0.07463951113566791	0.06760170090138296
2014-9-17	1.540826429319912	0.31634543059361764	0.4009797359880354	0.41921050639180746
2011-6-9	1.3464928087820163	0.31634543059361747	0.0674339954923151	0.05462629436330224
2010-5-19	1.4378344349269434	0.3257828759009538	0.0667923036603264	0.056539713599077945
2010-3-3	1.2681488151405276	0.32578287590095484	0.041608078728675224	0.020879515874645094
2011-5-3	1.280969046144369	0.3163454305936178	0.05457046424816214	0.03455009336759951
2006-11-20	3.141306512759282	0.5266793893544522	0.1338447601091215	0.09887809479040666
2008-5-9	1.394468612052877	0.35736377827083243	0.04446089206024717	-0.004000491035567655
2011-4-27	1.2814829392684242	0.31634543059361764	0.05446396132638931	0.03453882720748047
2006-11-13	3.3665453982811657	0.5266793893544526	0.1421745351078747	0.10790720396008502
2012-9-27	1.6170627903461459	0.3163454305936177	0.15912173908983562	0.17079447937000047
2013-6-7	1.5391193104017389	0.3163454305936173	0.18333114139578077	0.1758586323464757
2010-11-8	1.1872313813287207	0.3163454305936173	0.0339370335911926	0.011415994207905289
2015-10-22	1.0412448507115468	0.0519190326830159	0.24227456487680454	0.4187910032482851
2014-9-15	1.5364897161605673	0.3163454305936175	0.39591231447243747	0.40087704692784754
2015-2-25	1.096042458217973	0.3163454305936174	0.11519745258782099	0.09749886450969303
2012-2-10	1.4747966902766845	0.3163454305936176	0.10517859683036956	0.10709950782418387
2013-10-9	1.5423495101390041	0.3163454305936174	0.21532900207443095	0.21208489739999936
2009-12-24	1.2392949690807713	0.3257828759009541	0.03630283242915433	0.015036007947306196
2013-7-22	1.6519153815860106	0.31634543059361747	0.22856882197830308	0.24557967205372044
2013-10-30	1.5626985439732493	0.31634543059361797	0.2290661394404161	0.2290243393088851
2008-2-26	1.2684424466422612	0.433849889208892	0.030779684346889935	-0.023011281719181542
2015-3-26	0.9848281269000968	0.31634543059361747	-0.019872449777573298	-0.06205996248714629
2012-1-13	1.5328678298778982	0.31634543059361764	0.11384609366697318	0.1208044232235499
2008-4-29	1.4086255935394483	0.37589323108286155	0.045674617126295836	-0.0005209775944962081
2015-1-9	1.0776866155980582	0.3163454305936176	0.08019495042442037	0.06260486070222049
2008-11-13	2.0365098298250213	0.3552817825662157	0.10491681674100617	0.10268111508949795
2012-8-1	1.5746698553439555	0.3163454305936177	0.1423799714320264	0.1466688440749231
2007-10-12	1.080196946370272	0.5001767970044805	0.009429962718344509	-0.0500541903188394
2011-6-28	1.3215555343256924	0.3163454305936175	0.06381712502611858	0.048277303424227425
2010-3-17	1.2818671499566583	0.3257828759009543	0.043827711598881214	0.024289178807706868
2012-3-5	1.4428921334002933	0.3163454305936173	0.10076149353127195	0.09470484249316158
2015-8-18	1.0089883787692797	0.13351219962233818	0.02486116573836239	-0.04492451996113489
2006-12-27	2.553076492689522	0.526679389354452	0.10962008020287195	0.073651577532033
2014-1-13	1.6635243308889733	0.3163454305936176	0.29668075829068363	0.31695999736135283
2009-11-19	1.1908832163076537	0.3257828759009539	0.02899314749272386	0.005292534752247002
2008-2-18	1.210179400941549	0.4474594942198263	0.024549560738594156	-0.03332071696553984
2013-11-27	1.5609529255798837	0.31634543059361736	0.23775367559442295	0.23664934016374417
2008-6-4	1.469045383263688	0.3552817825662149	0.05210197001772654	0.007800231991988094
2008-1-29	1.2314786799378539	0.44833670984617635	0.02663661116538729	-0.029327941055031004
2010-2-25	1.2781907338722835	0.32578287590095417	0.04289528056758107	0.0230870736002724
2007-7-9	1.4540578886044007	0.5266657045843974	0.045137928705699215	-0.001846741336461677
2009-1-9	1.97397453378211	0.35528178256621584	0.10244626862918826	0.10140244991649872
2012-3-21	1.471305537279952	0.3163454305936175	0.10769595902832241	0.10416955882433876
2015-12-30	0.9994740165079171	0	0.2117122991412692	0.3772842474327205
2015-10-12	1.0594440997397354	0.06629177508219893	0.3102446580550846	0.5039683292679811
2011-3-24	1.2645980746523129	0.3163454305936176	0.050447391544132136	0.031048324768607083
2013-4-2	1.5123862525049079	0.3163454305936174	0.16281702515871843	0.16298511502383928
2008-11-4	2.2214169384136615	0.35528178256621573	0.11803789011809629	0.12423925277896575
2008-4-25	1.4027443431854367	0.3758932310828615	0.04503868836744407	-0.001416724343515141
2010-5-6	1.3980975009281436	0.32578287590095406	0.06108329610709928	0.04731468509969172
2009-12-10	1.2099307145978966	0.32578287590095373	0.03197360556726103	0.008346507958185034
2006-12-27	2.553076492689522	0.526679389354452	0.10962008020287195	0.073651577532033
2010-12-3	1.281217646006216	0.3163454305936176	0.05005193360643401	0.035076936938431835
2014-8-15	1.5789943488403828	0.31634543059361747	0.39485403384689644	0.4042331074696517
2010-12-21	1.2589734222503721	0.3163454305936173	0.04689987996483258	0.029567687577131574
2007-7-24	1.3593554813699884	0.5264734596355233	0.03705271154417655	-0.011888753097054616
2013-9-25	1.5482359550642242	0.3163454305936177	0.21335687941582981	0.21352286452497826
2009-11-19	1.1908832163076537	0.3257828759009539	0.02899314749272386	0.005292534752247002
2009-10-26	1.2183025939455292	0.32939293452534896	0.03247738640927733	0.015818442250994824
2007-12-26	1.145044790599691	0.4991992839498178	0.01704516728891292	-0.04108156347012526
2011-3-22	1.2724398909057104	0.3163454305936174	0.05174872464405911	0.03290805018654952
2014-7-14	1.6820122590781605	0.31634543059361714	0.4277378876044209	0.45676371533266247
2007-7-2	1.4692915340173343	0.526665704584398	0.046316154917535046	0.00013206268155685486
2012-11-27	1.6648411743349887	0.31634543059361736	0.17949395302699278	0.19852554305458026
2010-9-13	1.3253494061757922	0.31634543059361714	0.05462755963542465	0.04615228209084288
2014-4-16	1.65134169078292	0.31634543059361775	0.34224057132679353	0.3582422410660069
2015-5-8	0.8893422604017243	0.2740616373280846	-0.1665217035299369	-0.2579201963255878
2009-2-17	1.64689253075974	0.3552817825662153	0.07536869649344236	0.06860885852633669
2012-12-3	1.6848455643334008	0.3163454305936176	0.18513671684342436	0.20737701125089125
2010-4-1	1.267544611639482	0.32578287590095406	0.042108777974350975	0.01817250660485481
2012-6-27	1.5420489917484237	0.31634543059361786	0.13145521705797036	0.1304434959228562
2009-4-17	1.5118691783516538	0.3550177551853031	0.06359611444898716	0.05360883189332166
2014-1-6	1.6433406607251915	0.3163454305936173	0.28546118436058476	0.3000473802673449
2008-12-11	1.8875278526020318	0.35528178256621484	0.09426474803064377	0.09017562594903139
2011-12-6	1.488599440769813	0.31634543059361764	0.10279782306779195	0.10395820491512286
2009-9-28	1.345086298856763	0.32964018413199975	0.04853814211611285	0.038363241764829636
2010-2-11	1.2954770402774138	0.3257828759009548	0.04499346881889177	0.026772959130847207
2008-8-7	1.6616403458742792	0.3552817825662168	0.07105886230224057	0.04479075218599826
2006-4-21	4.213491096986938	0.526679389354452	0.1599075757653572	0.13010245831259337
2006-10-24	3.495276733881185	0.5266793893544521	0.14594077986057274	0.1101878138224166
2012-7-18	1.5535645024832272	0.3163454305936176	0.13623660741764576	0.1372059828185217
2010-12-3	1.281217646006216	0.3163454305936176	0.05005193360643401	0.035076936938431835
2008-12-17	1.916400855093208	0.3552817825662142	0.09685925333622047	0.0938407397534533
2010-8-18	1.3536104976326608	0.3251881103438247	0.058034549794698354	0.047175433565214364
2009-5-22	1.4599965812560616	0.354785575847339	0.05893870256242861	0.049094113064031
2006-7-26	3.713004402932582	0.5266793893544522	0.14920590558843272	0.11291585060742748
2013-2-8	1.405793102415956	0.3163454305936176	0.12518816513900166	0.11157331361158285
2006-11-20	3.141306512759282	0.5266793893544522	0.1338447601091215	0.09887809479040666
2006-10-25	3.4849432896337205	0.5266793893544524	0.14561794519125382	0.10965548694486227
2007-3-9	2.0474628795391805	0.5266793893544522	0.08470212808310484	0.042286248618055744
2010-11-3	1.2177641054395008	0.3163454305936173	0.03894927564651596	0.01863031741015586
2015-3-31	0.9650893378099058	0.3163454305936175	-0.046398715082565656	-0.09431805076154132
2007-9-5	1.1052392601353505	0.5117148599580206	0.012098472563764506	-0.041728127406114646
2015-5-8	0.8893422604017243	0.2740616373280846	-0.1665217035299369	-0.2579201963255878
2010-1-21	1.252841531490048	0.3257828759009547	0.03867957634026742	0.01674263604484927
2011-12-2	1.4743799931463164	0.31634543059361775	0.09991510888752986	0.09930106966357255
2006-11-13	3.3665453982811657	0.5266793893544526	0.1421745351078747	0.10790720396008502
2012-9-14	1.5904560221970314	0.3163454305936178	0.15145013612649905	0.15891143661103513
2011-2-18	1.2661613907396854	0.3163454305936173	0.04972421707573882	0.03303691706206413
2011-3-29	1.262710694278556	0.31634543059361736	0.05026643531256125	0.03069838262622593
2007-5-18	1.4588497203951607	0.5266657045843974	0.04477438053057581	-0.0004539075893869038
2013-2-6	1.404440291718196	0.3163454305936175	0.1245625455684547	0.11078037036561761
2012-7-25	1.5743626218849036	0.3163454305936171	0.14146513967646768	0.14558902813862273
2011-9-7	1.3985269344385087	0.3163454305936176	0.08088648248393793	0.07273970826557496
2008-12-5	1.92763668909867	0.3552817825662156	0.09729482309471282	0.09247902038740818
2012-6-27	1.5420489917484237	0.31634543059361786	0.13145521705797036	0.1304434959228562
2011-1-24	1.3331480518436205	0.3163454305936175	0.060040750415984556	0.0502277652688945
2007-11-15	1.171004221743914	0.49919928394981794	0.019616600301715303	-0.03631792889803931
2006-12-5	2.8411109372893537	0.5266793893544519	0.12199753496671084	0.08503705455824506
2013-2-5	1.4059201324563395	0.3163454305936176	0.12484664704545878	0.1112465729411225
2010-8-23	1.3670276511854331	0.32518811034382594	0.06013872592591252	0.05006396818365566
2014-3-26	1.6797659627646229	0.3163454305936173	0.34234094029435647	0.36621282110708453
2011-4-28	1.2928996573676357	0.3163454305936173	0.05649970063988685	0.03788097130753809
2008-10-27	2.198997920464371	0.35528178256621473	0.11607803829081176	0.12127177024200897
2012-4-11	1.4964109598788777	0.3163454305936176	0.11451118125766468	0.11378435135526588
2009-5-5	1.4779038930603645	0.3549181686141457	0.06045520057040066	0.0495301727259958
2012-5-3	1.4463459571132815	0.3163454305936176	0.10616455002667724	0.09586101135567904
2013-7-3	1.6518562139211368	0.3163454305936176	0.223276428653419	0.23950506936957727
2015-9-7	1.109062582605561	0.05354183910098961	0.39705026105020247	0.603130722847047
2006-5-23	3.7752337570894183	0.5266793893544519	0.14827763840962427	0.11536763861286548
2007-11-21	1.1827462097413348	0.499199283949818	0.020912021979109907	-0.034419446612371174
2006-10-24	3.495276733881185	0.5266793893544521	0.14594077986057274	0.1101878138224166
2009-9-15	1.256176394217067	0.32964018413199975	0.03692247754734512	0.020912989670107907
2013-12-10	1.5510285860405075	0.3163454305936173	0.23848901789349242	0.23160139372029565
2009-5-26	1.4662841899760362	0.3547507340187939	0.059729507532795045	0.05039651048382532
2014-11-28	1.3075125460317853	0.31634543059361747	0.2803542668604455	0.30902511953598655
2006-4-18	4.278127654453632	0.5266793893544519	0.16158272701652887	0.1318125815931832
2012-2-14	1.477401463027788	0.31634543059361736	0.10599497873740904	0.10872135324598742
2007-9-20	1.0990768117108316	0.5081755783939079	0.011475588791867164	-0.04473318722421793
2006-8-1	3.8704574566031145	0.5266793893544521	0.15456595864946587	0.12110657472984365
2012-7-24	1.568139637667309	0.3163454305936175	0.1400285933445431	0.14322524923723834
2010-2-12	1.287991323070942	0.32578287590095445	0.04398538400561769	0.025120331792182427
2010-11-17	1.2952368960079945	0.3163454305936175	0.05184707126645294	0.03828061637999869
2012-3-6	1.4586938057619565	0.31634543059361786	0.10398356055223212	0.09930737285272073
2006-10-24	3.495276733881185	0.5266793893544521	0.14594077986057274	0.1101878138224166
2010-8-23	1.3670276511854331	0.32518811034382594	0.06013872592591252	0.05006396818365566
2010-2-23	1.3006834561199416	0.325782875900953	0.045968970224797845	0.028116652427121025
2006-8-1	3.8704574566031145	0.5266793893544521	0.15456595864946587	0.12110657472984365
2015-2-16	1.0915472781942546	0.3163454305936177	0.10647486857765709	0.08709992680190037
2010-6-7	1.4585180088189362	0.3257828759009546	0.07018119253695843	0.06172031642386644
2011-7-5	1.3006123340581974	0.3163454305936176	0.06031738038318757	0.04238362617062963
2012-9-12	1.588695715114194	0.3163454305936176	0.15079348211931598	0.1579406183777925
2011-8-18	1.382898395690363	0.3163454305936173	0.0770569711885265	0.06698202163319822
2013-6-20	1.6013521343481176	0.31634543059361747	0.20490262286571248	0.21057794115034234
2013-3-27	1.478136444964478	0.3163454305936173	0.1521663716465944	0.14591020135895638
2011-4-1	1.2604879375691733	0.3163454305936173	0.04996591540770612	0.029772156461700172
2015-12-22	0.9794162373916546	0	-0.661928001056712	-0.7915823982100256
2013-6-14	1.5639006168873548	0.3163454305936176	0.19230164281396656	0.19010049105482563
2011-10-20	1.4831543347504477	0.31634543059361747	0.09852994052616659	0.10017489913033462
2013-4-18	1.5199023331331127	0.3163454305936173	0.16781304891180504	0.1696059503072278
2009-7-15	1.2072454969979747	0.329640184132	0.029582897164520672	0.011531295958743915
2009-1-16	1.9161628310700498	0.35528178256621423	0.09803894138183078	0.09588562270821566
2009-7-28	1.159314288970587	0.3296401841319983	0.02327634704718884	0.0002508255258408809
2014-12-1	1.3026552372323683	0.3163454305936175	0.27834552048238637	0.30696866736892114
2015-11-19	0.9913884220395588	0.04027185830270798	-0.07588703258720875	-0.031210139749540122
2011-8-17	1.3682391705885393	0.31634543059361764	0.07438350898825297	0.06252920498428338
2015-6-17	0.8399803338028691	0.2549069099695358	-0.2784817446682595	-0.4422409143376891
2014-8-19	1.5693553048201228	0.3163454305936174	0.3923196999871672	0.40191604345942
2008-11-10	2.0857004729617383	0.35528178256621507	0.10849065859388718	0.10866173348866215
2013-3-7	1.4667231584782094	0.3163454305936175	0.1458316458568285	0.13727567224197124
2014-5-26	1.6882561984780753	0.31634543059361736	0.38879279587311677	0.4178147262332217
2007-5-23	1.4165803878745609	0.5266657045843978	0.04128448506710858	-0.005328963651212937
2014-11-3	1.4740451176825375	0.3163454305936176	0.3998968667818803	0.41897080365913575
2012-12-7	1.6207710762128194	0.3163454305936176	0.17092845561689263	0.1834405806008801
2015-8-11	0.9672087840948593	0.14205064970607403	-0.0832536774068171	-0.18381518326447155
2014-6-26	1.691564752392735	0.3163454305936177	0.41652967994047896	0.44901206580732134
2015-5-19	0.8707322659840084	0.2740616373280845	-0.20192415821996013	-0.31173476739217043
2015-1-7	1.057987373922675	0.3163454305936177	0.05949612704148444	0.03323980341749033
2011-8-4	1.3484460147623036	0.31634543059361725	0.07021473749345652	0.055898643487888755
2009-5-22	1.4599965812560616	0.354785575847339	0.05893870256242861	0.049094113064031
2010-7-9	1.4737835744883012	0.32578287590095417	0.07338254757732554	0.06627569960445023
2012-7-27	1.5786365638763327	0.31634543059361736	0.14261097180317184	0.14739878368433934
2011-1-24	1.3331480518436205	0.3163454305936175	0.060040750415984556	0.0502277652688945
2015-7-9	0.9859461171964229	0.16582870847289874	-0.02942013412845146	-0.07206547584696477
2012-1-9	1.543279219811714	0.31634543059361775	0.11541384654614495	0.12350738163070663
2006-4-19	4.257941208102901	0.5266793893544519	0.16106567252584436	0.13113679759851027
2014-2-25	1.6871142031503996	0.3163454305936174	0.3285399144446808	0.3523898541604291
2014-6-3	1.6908437532607483	0.31634543059361747	0.39652391890308203	0.4272817701144691
2011-8-17	1.3682391705885393	0.31634543059361764	0.07438350898825297	0.06252920498428338
2008-4-21	1.544361739377059	0.3758932310828617	0.0581194210833893	0.01848052099828057
2011-11-17	1.440330313210609	0.31634543059361764	0.09265270928531555	0.08761235261289757
2014-6-10	1.6852157207547498	0.3163454305936172	0.3992875849329276	0.42871363876099977
2012-9-18	1.6246696686072764	0.31634543059361764	0.15949366595262693	0.17202924495612426
2008-5-26	1.4672945536137363	0.35528178256621634	0.05176344643125752	0.007315677607139692
2012-9-26	1.6471597643556812	0.3163454305936177	0.16555742433327114	0.18151602169711167
2015-5-29	0.8542713370786371	0.292941947121529	-0.23558474636953397	-0.3495563938852704
2009-8-5	1.1623100039207916	0.3296401841319991	0.023769510303470964	0.000872119854433695
2014-12-16	1.1508153480973493	0.3163454305936175	0.14526916381918897	0.13370932407726577
2011-12-30	1.5527139744218739	0.31634543059361775	0.11627928470299675	0.12533289681266258
2008-8-14	1.756458731846457	0.3552817825662159	0.0793378081543541	0.06022532938423719
2011-4-26	1.2764841863166114	0.3163454305936177	0.05355090410327201	0.0330462274814578
2009-10-27	1.2474314305007534	0.3257828759009543	0.03645010051469444	0.020703153614075376
2012-10-17	1.59710884811649	0.3163454305936178	0.1575560686498909	0.1660750988665567
2015-3-24	0.9811534622892449	0.3163454305936174	-0.02449721858874876	-0.06872014047206043
2008-6-17	1.6280406863331884	0.3552817825662153	0.06680130851948074	0.03787243560907738
2006-4-28	4.119220222509504	0.5266793893544521	0.1575387176501437	0.12804509817925847
2011-3-16	1.25633231942258	0.31634543059361747	0.04877467611297348	0.031113751468239803
2010-6-24	1.4382152379153155	0.3257828759009542	0.06807719088460651	0.05790370277357093
2006-5-29	3.6694616499882304	0.5266793893544516	0.14515201511815468	0.1113685251553942
2011-3-7	1.2429927559355254	0.3163454305936174	0.04619776361712935	0.025353581851503604
2013-4-26	1.526233842104922	0.3163454305936178	0.17111483390169857	0.17423692228147392
2007-4-11	1.7227295824640096	0.5266793893544521	0.06433638447194379	0.021628671653783016
2011-5-31	1.3330915060887294	0.31634543059361775	0.064733249470593	0.05049351296591831
2009-9-22	1.303426623725242	0.3296401841319986	0.04316140153398984	0.029702188771290938
2012-11-15	1.6452734330615952	0.31634543059361747	0.1729916179713482	0.1886787010015578
2015-2-17	1.086575909339001	0.3163454305936177	0.1009913145359358	0.07922252516309713
2014-8-25	1.5804747870740885	0.31634543059361725	0.4053188620082726	0.42194166787175913
2007-2-8	2.1635367221456128	0.5266793893544521	0.09065629648039986	0.0513164600219973
2014-6-6	1.6979357737260337	0.31634543059361764	0.40272466401308216	0.43645317942774553
2013-10-21	1.5343440662008254	0.3163454305936176	0.21599958066171188	0.2115975932767804
2011-10-31	1.4230441964513953	0.31634543059361764	0.08841012592968389	0.0833532921246225
2013-3-29	1.5092927948312653	0.31634543059361764	0.1612552451199365	0.16081425570030494
2014-7-16	1.6830570637914488	0.31634543059361725	0.430264438776669	0.45924051882264405
2009-4-15	1.4978825606120885	0.3550177551853041	0.06207033972166576	0.05143034586351969
2015-8-27	1.1185996141780679	0.05354183910098952	0.3908369893355774	0.6015734570635376
2011-7-21	1.3187744134463526	0.3163454305936174	0.0642461057540944	0.047632382527498685
2014-8-29	1.5832311781438646	0.31634543059361786	0.41109357620703313	0.4281501056968595
2012-12-13	1.6250266354390388	0.31634543059361764	0.17293675740476355	0.18523234580392356
2008-1-11	1.100296168332942	0.4908765878779358	0.012064800616093718	-0.05078622295587565
2008-11-17	1.966982897225516	0.35528178256621545	0.09970660465758763	0.09380163497863281
2013-10-9	1.5423495101390041	0.3163454305936174	0.21532900207443095	0.21208489739999936
2008-7-10	1.5914786610670277	0.3552817825662153	0.06414418520895837	0.03195592761943544
2010-1-21	1.252841531490048	0.3257828759009547	0.03867957634026742	0.01674263604484927
2012-5-14	1.475099148191074	0.3163454305936178	0.11311642446735037	0.10538706259544539
2015-9-24	1.1015660334761717	0.05354183910098967	0.4445333041640125	0.6742681914583575
2006-8-7	3.981590736002457	0.5266793893544524	0.15833935083887685	0.12686249603502153
2014-5-7	1.6978472311260888	0.3163454305936177	0.3791842354781465	0.4096748052364867
2008-9-23	1.8955190497295518	0.3552817825662156	0.09196788674696488	0.0818546515318268
2011-7-28	1.3432281096212444	0.31634543059361747	0.06896292284462469	0.053989114819361195
2010-3-11	1.2813789855116784	0.3257828759009542	0.04363246484544492	0.024069360167179532
2009-3-6	1.7012707865887022	0.35528178256621634	0.08104015728911507	0.07574029672563776
2008-3-13	1.3227084667174624	0.38796310738931317	0.03650720377249583	-0.013993413373042163
2015-5-14	0.87271941411133	0.2740616373280849	-0.19506486487572539	-0.29892113115185703
2009-5-12	1.4531856242555286	0.3549069124219368	0.05794258013481457	0.046152177758371105
2008-3-26	1.3791377515050103	0.37589323108286193	0.04227067572940113	-0.005104785874226803
2008-11-13	2.0365098298250213	0.3552817825662157	0.10491681674100617	0.10268111508949795
2008-9-23	1.8955190497295518	0.3552817825662156	0.09196788674696488	0.0818546515318268
2015-11-16	0.9934275180999639	0.03829788137369707	-0.05443610725684822	-0.005066385240992788
2010-7-20	1.4424167727659725	0.3257828759009546	0.06957026418460766	0.059814168454719985
2015-9-21	1.0970243971001699	0.05354183910098962	0.40692894952743464	0.6060199061984362
2015-12-3	1.0004055240836531	0.013363022854498207	0.005708009209446807	0.04813185847738799
2015-9-21	1.0970243971001699	0.05354183910098962	0.40692894952743464	0.6060199061984362
2013-2-21	1.4649766027145994	0.3163454305936177	0.14325809625393426	0.13667009401998098
2013-4-3	1.5133863424977014	0.3163454305936174	0.16327308762298376	0.1636467226822822
2014-5-5	1.6888523380117486	0.3163454305936175	0.3732916866520093	0.4004866557944322
2011-12-6	1.488599440769813	0.31634543059361764	0.10279782306779195	0.10395820491512286
