2	194034267606.0	29.3324	9.328702876492635	15.1606
1	206882931823.0	30.213499999999996	4.300032587260061	15.7539
2	222194705371.0	31.382800000000003	0.7671342152496097	15.6896
2	393465158770.0	50.64840000000001	10.485369733707284	18.1189
2	598372305302.0	68.2226	16.471573689359897	20.0841
1	460787563328.0	53.1218	2.088101294004696	20.3174
1	384091953091.0	40.195299999999996	-7.147607217695162	20.3354
1	246394446404.0	26.4412	3.42772465711938	19.9865
1	312988020664.0	33.3475	4.823432390075721	21.1012
2	321847441261.0	33.6945	4.361827594930379	19.6822
2	632367050506.0	59.092200000000005	17.06313465663074	24.576
2	891822460110.0	73.78930000000001	19.056054803022484	32.3179
2	1460245520150.0	96.82070000000003	16.86820538674514	36.2548
2	937196956513.0	56.539100000000005	6.675624178574502	36.5397
2	1567569995008.0	87.5291	9.322317986018081	37.1005
2	2442695212304.0	103.53319999999998	27.92901965069896	35.6375
2	2831754027886.0	95.72340000000001	10.3757570512228	40.1193
2	2746710794172.0	86.40419999999997	-4.171995991804389	37.1895
2	1706562756813.0	53.10739999999999	18.50349541109404	44.0946
2	2952233897287.0	78.01960000000001	18.747606804879368	42.9394
2	2378712273551.0	56.252	5.361714676353491	46.0654
1	1953999411150.0	41.24379999999999	1.9303639093443792	47.7878
1	1391214782010.0	27.996100000000006	-16.72018652227819	40.5327
0	1423017659535.0	28.1704	12.683454749939195	43.4061
1	2416082162101.0	42.560300000000005	-13.447677386421642	36.1669
0	1011895642018.0	18.478	1.1719545554595978	35.5131
0	1358896775750.0	26.195300000000003	-18.911339059374697	27.0952
0	1484353274960.0	31.186899999999998	4.447636610183792	27.5079
0	1415899900333.0	27.154699999999995	-8.784504835545492	25.3889
0	848355269873.0	19.8744	-22.692775237931727	20.2653
0	1170271061140.0	27.4379	0.47965143872150673	20.4449
0	587820804122.0	15.384899999999998	-14.742924772120459	17.1843
0	660686701467.0	18.9117	-6.1875114983860335	16.2906
0	645104807747.0	19.725	-25.850519932413917	12.5119
0	951080207193.0	30.968	9.993868939566974	13.4766
2	1173198111295.0	35.97889999999999	-0.6668036486761175	12.9311
2	807715858404.0	22.372700000000002	11.82579074247878	14.1678
2	2128088369667.0	53.0922	5.303682523877318	14.8589
2	2038636630187.0	46.2557	17.15963034614989	17.8882
2	2334650759701.0	48.1985	4.59117573288661	22.9399
2	1876705794892.0	35.5863	5.215015597085082	24.3194
2	2543414197192.0	43.54799999999999	14.739291636228714	28.0224
1	3869486961201.0	44.84920000000001	17.94260745548517	31.4588
1	2743945323782.0	29.060799999999997	-24.21532888736798	24.5606
1	2181232274373.0	23.535	6.166688631583317	25.8351
2	1528250521601.0	13.9058	9.170877977106674	26.148
2	2724687242973.0	19.7148	7.050938125310169	27.6215
1	2322792229604.0	16.145100000000003	1.822922376795777	28.4922
1	2138035810718.0	14.273799999999998	-10.390431592948367	24.9875
1	952415641684.0	6.793	2.419077728761554	25.1729
1	1535126080553.0	10.9186	1.9484310712912123	23.8376
0	1858454004703.0	12.233200000000002	-8.316637309761731	17.7245
0	1310898821098.0	9.4288	-9.588066630479242	16.0818
1	872462779818.0	6.647900000000002	-7.579300059424565	14.9865
1	1220926567069.0	10.006599999999999	11.930068238479619	16.3746
1	1625275750266.0	12.350000000000001	1.1970666951101716	15.0209
2	1549059804419.0	10.5086	1.1155323044873322	15.0576
1	3079602731289.0	18.6003	15.138742882993238	16.1885
1	3291659652213.0	17.120399999999997	-7.189326100160864	15.1753
1	2012646543246.0	9.982199999999999	-0.27810142541325744	15.3368
1	1641526190935.0	8.716000000000001	-1.6543696322014134	15.3764
1	1636709146064.0	8.209	5.299872452793886	15.7984
1	2578974985625.0	12.5107	-0.5022597211534086	15.1124
1	1907675964266.0	9.998700000000001	-0.9482553218949086	14.237
1	1204923220571.0	6.4173	-5.987584892269071	13.4965
1	1217798856690.0	6.5845	1.4170316995584908	13.5748
1	1464336509277.0	7.5707	-2.3655681552017582	13.2894
0	1242273051681.0	6.937	-4.216005025438429	12.1194
1	754646891067.0	4.4592	-9.323705131699855	11.2501
1	754469272397.0	4.832999999999999	4.414587555121319	11.458
1	1008919247595.0	6.023499999999999	-6.44776272239117	10.8494
1	677139263093.0	4.4762	-6.971112662203738	10.4486
1	737817936505.0	4.7255	5.05247380146665	10.9844
1	1250579511843.0	7.661	6.893874834635949	11.5287
1	1377575724493.0	7.8003	-6.804641965147685	10.912
1	928720927951.0	5.4933	6.976172950496151	11.3798
1	1305162499258.0	7.1816	0.22409170510369059	11.1993
1	852508223937.0	4.7372000000000005	-6.475200623698251	10.5363
0	889566535220.0	5.157800000000001	-5.227875067232368	10.2118
1	786791008740.0	4.696400000000001	-5.4889962030449375	9.8055
1	823537392221.0	5.485399999999999	4.001962929300085	10.0285
1	610385048384.0	4.1274999999999995	-1.669613179678564	9.9389
1	615120708028.0	4.2453	-5.107236941307958	9.6202
2	1302837159874.0	8.5021	17.913632112750587	11.0048
2	1739278435331.0	10.2542	6.497547317586694	11.4911
1	1329706740843.0	7.5354	-0.5044881018221092	11.2899
1	1508941497048.0	8.726099999999999	-6.667497092574159	10.5101
1	954280700473.0	5.542300000000001	-1.9148461193475352	10.0329
1	1491106820340.0	8.407900000000001	6.501843251313888	10.4946
1	1021665440572.0	6.3933	-15.568713633151287	9.0465
1	1387045899493.0	8.044399999999998	-0.34617217998953453	9.0578
1	1474134884335.0	7.8199	5.512441513327948	9.1139
1	1701308383980.0	9.1039	4.111093344166372	9.4067
1	1411460194469.0	7.334	-1.4661045056593158	8.9673
1	1348555454353.0	6.9315	2.7478411504652245	9.2222
1	1282214882529.0	6.5219	-4.465785192279947	8.9217
1	1059754010511.0	5.401000000000002	-5.4753037090573216	8.4766
1	1262193554585.0	6.5353	-1.0660400917160362	8.4623
1	1264032254757.0	7.0284	-1.4991479923321727	8.2348
1	1172590906130.0	6.256799999999999	0.5755938694640417	8.0989
1	800580601579.0	4.5074	-0.10168349887592631	8.1622
1	818299290770.0	4.388000000000001	0.40130509945910386	8.26
1	1568007902795.0	8.7357	8.550711785685605	8.8504
1	1812571194446.0	9.787600000000001	-0.5090520118915087	8.5487
1	2208334005342.0	11.7707	4.81981039966437	8.8759
2	1951336583945.0	10.818099999999998	2.3393423386813827	8.9237
2	3627741619075.0	19.4596	11.97986704274765	9.9933
2	10016975627958.0	43.2019	25.807501302148705	12.9101
2	7003939966871.0	26.2506	-2.8105062533516523	12.6329
1	3487824463277.0	12.8883	4.031370927588296	12.981
2	8733484946315.0	31.131000000000004	13.388805497470791	14.6991
2	13597587196728.0	43.145700000000005	17.246280365047028	17.0399
1	12110737565875.0	34.64349999999999	1.9146354249343966	16.834
0	14354494689537.0	41.624300000000005	-7.598520831865785	16.5523
0	12166460560816.0	40.94989999999999	-14.67244918709546	14.1498
0	6542992652257.0	22.8192	-11.794573389630159	12.0981
1	3493767794350.0	13.4914	-4.859250127111359	11.5963
1	3722381175148.0	12.774599999999998	10.33833055334188	13.0007
2	5852576451685.0	18.3988	0.9149031991024126	13.096
0	4535081044751.0	13.947400000000002	4.615072256650521	13.6746
0	2647189141269.0	10.095900000000002	-21.0376175618326	11.0275
1	1681359748025.0	7.0081	-2.3293108948259644	10.7828
1	3268458384850.0	12.561900000000003	11.837541398395368	11.8915
1	2257641432728.0	8.432400000000001	-1.9061878328432202	11.9365
1	1719464428149.0	6.4434000000000005	0.4059466188765182	11.987
1	2046811350865.0	6.8086	-0.49340605594505593	11.984
