834.7291	1.0000328767123288
837.6456	1.002503379007627
841.904	1.0060992315199464
845.5831	1.0092092717610268
839.7914	1.0043768834152735
850.0127	1.0129733670359218
841.0054	1.0054443066580532
842.2701	1.0065295836612151
854.2914	1.0166355947465382
856.3908	1.0184208744150627
869.5721	1.0294996922247348
906.5923	1.0645796397291203
935.4832	1.0919600666660143
950.2363	1.1059501290898879
942.0682	1.0982307858571134
977.0423	1.1313728116900577
1025.5562	1.1773388197507675
994.5005	1.1479418972870004
1002.5584	1.1555907270266135
1003.3872	1.1563926446242456
1032.0248	1.1835331741014932
1042.4388	1.1942914642357918
994.2869	1.1446023541294568
982.4858	1.1324318586531412
988.0349	1.1381689603342204
1008.7558	1.1595652754131685
1036.9601	1.1886854046533408
1050.0692	1.2022253829637597
1041.3058	1.1931901813076364
1076.391	1.2294122702609347
1070.7769	1.223627545312323
1085.199	1.238522708550884
1078.9152	1.2320467702724585
1009.2548	1.160158182143275
1012.1315	1.162822711681918
987.3135	1.1400187622362568
991.8453	1.1442053508326624
994.3328	1.1465119706489835
985.5009	1.1384090942318679
987.7496	1.1404961129581386
1011.898	1.1627224409012995
1025.8649	1.1755857033010328
1031.5989	1.1815091341976087
1028.3488	1.178166802369856
1027.6147	1.177419351292315
1037.0996	1.1872112802897434
1055.9324	1.206644179215285
1059.0979	1.2099185881823329
1058.5741	1.2093880334678784
1081.3623	1.2329003418428295
1080.6188	1.2321432008295068
1100.1547	1.2523012468506691
1093.5963	1.2455469025555488
1084.1311	1.2357946269979954
1107.6079	1.260017127875206
1104.4675	1.256787944823857
1108.7241	1.2611876683840544
1115.8075	1.268502816689876
1116.0402	1.268752487207996
1052.6368	1.203370981904941
1061.3094	1.212325156136158
1076.1239	1.2276137879201259
1079.6379	1.231247634751262
1052.6863	1.2034607451811508
1060.1097	1.2102698407318835
1068.1447	1.218535600127571
1069.6726	1.2201154369948428
1083.76	1.2345999256401503
1084.3228	1.2351881419729966
1072.3225	1.2228680092307112
1062.0027	1.2122745595738098
1022.4216	1.1716156731659302
1011.9296	1.1620165194985994
1006.6321	1.1571793619685453
1004.5751	1.1553128948950586
977.358	1.1303812144301375
959.9202	1.1144145896144053
984.9738	1.1374014393641576
984.8623	1.137318492033816
1001.6458	1.1527238315880326
1005.5286	1.1563026132600036
980.0297	1.1329460812024106
997.2394	1.1469004963542353
1012.2017	1.1590362667590712
1004.5042	1.152835215456189
1000.379	1.1495249526168743
1004.1096	1.1525717835759206
1015.2399	1.161606621870785
1014.1895	1.1607845638075502
1021.3542	1.1666103532508942
1023.8557	1.168662577806785
1047.027	1.1874412755381056
1049.4398	1.1896498949698089
1055.2805	1.1949686019527694
1060.5402	1.1997601773288706
1042.8418	1.183722189801368
1060.4158	1.1996863613376174
1062.9619	1.202015930026588
1067.8445	1.2064653742419045
1052.8311	1.1928634562537064
1055.335	1.1951547422856055
1060.9008	1.2002240491652554
1066.6416	1.2060791557238284
1056.8103	1.1960788616980897
1056.9244	1.196204903982938
1073.1227	1.2127077650492935
1085.7736	1.2255986894931044
1088.2921	1.2281728771791394
1090.194	1.2301192479445902
1096.2754	1.2363211566762211
1086.4178	1.2262940898551928
1085.8906	1.225767170722104
1077.8956	1.2176365915879153
1087.9795	1.2279138205797118
1099.024	1.2391691264665698
1110.8059	1.251175248597046
1133.9972	1.2747983414197863
1137.056	1.2779226668350008
1137.5374	1.27842270272509
1127.1134	1.2678189387595578
1131.6062	1.2724033552047866
1123.9415	1.2646090924855815
1121.4612	1.2620935497616639
1137.8414	1.2787816347218401
1141.6007	1.2826192099357479
1138.728	1.279704130761129
1108.8994	1.2493427468609521
1135.2047	1.2761365012545547
1135.3391	1.276283232335977
1136.5454	1.2775213651813524
1120.6229	1.2613190765830757
1122.6014	1.2633434595980804
1135.4869	1.2764732732019417
1143.5897	1.2847333765165505
1141.9133	1.283036368801501
1148.2012	1.2894485554783723
1154.0616	1.2954254655107247
1153.9277	1.295299022756913
1144.3718	1.2855791674715575
1161.6737	1.3032057338154834
1141.1383	1.2823066313964824
1113.8838	1.254566189989904
1126.5345	1.2674569400359341
1152.0699	1.293466800736488
1145.5771	1.2868657769516738
1163.3094	1.3049305783931706
1175.9636	1.3178248953686125
1187.8259	1.3299129062136648
1198.8578	1.3411554105023942
1206.4821	1.3489283215365098
1212.9031	1.3554760418883236
1228.7111	1.371581539647933
1227.4738	1.3703316350711006
1242.563	1.3857052574145592
1271.604	1.4152845040388473
1280.8951	1.4247545438552276
1313.7063	1.4581725829160601
1323.9677	1.4686305769156907
1309.8341	1.454249756346267
1303.8674	1.4481844160484882
1257.4514	1.4009338871784298
1307.3463	1.4517464320692495
1314.1241	1.4586574534143553
1317.0665	1.4616632985903881
1338.6019	1.4836004048570235
1359.7072	1.5050995871795845
1389.6375	1.5355843225106351
1394.8801	1.5409322182163472
1410.3427	1.5566860460026253
1392.7162	1.5387487884755147
1384.3812	1.5302720709371338
1409.0497	1.555399283031922
1403.5743	1.5498341914928664
1427.0972	1.57379496345167
1415.7869	1.5622888198899825
1449.5112	1.596636586357751
1461.2643	1.60861343416776
1474.4288	1.6220273602287505
1522.0564	1.6705313702555713
1564.7432	1.7140046937013982
1603.9025	1.753886342568002
1595.1082	1.7449419780109903
1550.6074	1.6996415100892013
1630.5848	1.7810838603262689
1678.5862	1.8299684757491455
1653.6207	1.8045587137055081
1668.848	1.8200729753906089
1725.1941	1.8774541074142777
1796.1405	1.949701161805753
1806.541	1.960300812532127
1825.2535	1.9793636833195638
1758.4696	1.9113747289119263
1789.0554	1.9425269108918852
1838.6967	1.9930812681728305
1825.1704	1.9793188255073535
1719.2134	1.8714441027377016
1728.2465	1.8806514822335159
1672.5308	1.823932095196331
1666.0814	1.818335506146721
1699.8691	1.8478424826683602
1735.4707	1.8789319403400964
1765.7152	1.9084175563842334
1761.6945	1.9045152398939424
1818.356	1.9597415238543114
1847.5122	1.9881667066347182
1892.7006	2.0322136303018614
1950.0917	2.088150838669936
1962.6274	2.1003810474457376
2004.4292	2.141128079500207
1826.5634	1.9678314975057913
1897.1541	2.0366303715025933
1848.9214	1.9896479930914204
1876.7981	2.016826444109849
1863.0814	2.003476380999076
1885.1532	2.024998553056088
1934.3635	2.0729644197383297
1967.4681	2.1052369298395615
1961.9891	2.0999136681617556
1980.9224	2.118377697961816
2001.3391	2.138287150656197
1977.7578	2.115325052391024
2015.0339	2.151662269064294
1983.3287	2.120784263455743
2018.7631	2.1553269343346413
2042.1212	2.1781024869296193
2069.5432	2.204837895814958
2077.7656	2.2128652589197624
2090.4841	2.2252736130229436
2134.1003	2.2677886177767554
2156.3018	2.2894371882929994
2152.7859	2.286026783370288
2117.1543	2.251322913881085
2124.8176	2.2588054988366246
2175.4551	2.3081620488783963
2206.2659	2.33819950831107
2225.7449	2.357195288586292
2256.6045	2.3872803011748145
2280.9285	2.4109970410975063
2326.5596	2.455475372605003
2354.563	2.4827773141574867
2384.8105	2.512265902975365
2432.0334	2.5582952846421034
2423.2295	2.549732279689214
2491.8245	2.616586590068561
2531.1584	2.6549289517016286
2565.8223	2.6887208771132145
2441.9038	2.56799046995452
2554.6775	2.6778924113335694
2662.6802	2.7831455023186407
2678.5886	2.7986621158151794
2677.5464	2.7976621040747847
2712.311	2.83155215898488
2699.519	2.8191031711034964
2744.2964	2.8627496783599433
2848.9771	2.9647658276644435
2861.5015	2.9769850868205
2882.4983	2.9974598347536676
2869.6846	2.984989708815354
2890.4812	3.0052693848690786
2795.0479	2.912294909086021
2869.8296	2.985177547696118
2935.7014	3.0493784010636555
2940.5273	3.054096268063641
2999.2437	3.1113249183178358
3044.1614	3.15510814760667
3109.29	3.2185848336689338
3097.6194	3.207228553279594
3147.6848	3.2560276936971873
3214.5708	3.3212167901946783
3282.6885	3.387606053677898
3050.2522	3.1611361769047694
3019.6184	3.1313022034729148
2880.1553	2.9954252061987052
2654.4648	2.807695957176099
2716.3667	2.8592486770505374
2752.7961	2.889607830316033
2860.8347	2.979547108930606
2897.3096	3.0099441270969707
2966.8245	3.067831013851459
3044.3606	3.132391684964823
3123.2249	3.2054477049887966
3089.4182	3.174167620169973
3101.7402	3.1856038440331975
3194.188	3.27123852426431
3230.3083	3.304712561328625
3152.2109	3.2324182114495574
3165.4724	3.2447244438016325
3031.8625	3.1210241628445
2881.1841	2.9815180347477375
2920.2795	3.013932528007721
2999.6868	3.07971959787546
2848.9597	2.9549878183557587
2754.3779	2.876736439453742
2760.4216	2.881788798766027
2809.459	2.9224338871769424
2746.8796	2.870675997890752
2591.6316	2.742201570389667
2722.426	2.850529945963553
2804.9187	2.918871324485357
2758.6067	2.885207866766893
2775.2383	2.8973949376083006
2791.7754	2.9095131769558766
2789.4084	2.9078609536556907
2702.0237	2.8442785959719514
2763.1792	2.888898600024163
2775.5237	2.8979628130460524
2781.9294	2.9027009832081045
2895.5549	2.9855421573353143
3032.2051	3.0983088165508286
3038.0762	3.1032007463323663
3112.2461	3.1644297771777663
3157.769	3.20202898519955
3182.2007	3.2222308640544157
3252.5361	3.2802969729765303
3291.1372	3.312186662069048
3153.1858	3.1984448752394132
3263.3955	3.2894017982754606
3357.9233	3.3674233191341783
3430.3716	3.432838936020726
3435.0791	3.4371153520862427
3390.5125	3.3969196176434417
3452.5203	3.4529122075273224
3404.4961	3.409595833818976
3396.7952	3.402673104448281
3460.4612	3.460162303303829
3456.7722	3.456860503671804
3424.3484	3.427624221144237
3367.7742	3.3765910886201405
3533.2041	3.5259269200326275
3585.4617	3.573119521954148
3637.2507	3.619889192993091
3689.8472	3.667387672383171
3733.0925	3.7064462638220497
3735.8879	3.7089969531246925
3741.2141	3.713831808682915
3693.9543	3.671205370903931
3763.9858	3.734439755057924
3804.9426	3.771432880857672
3890.7791	3.8489320126024973
3854.9917	3.816659955210789
3864.7783	3.8255205416062688
3903.8408	3.860803983213004
3819.8743	3.7850480679876384
3883.7395	3.8427170973261973
3685.7551	3.664054761806943
3732.8308	3.7065704959152956
3823.9597	3.7888462815179773
3864.2683	3.8252543996493813
3940.2336	3.893844339924866
3939.093	3.8928426437639603
3894.1179	3.85227828752799
3944.2568	3.897558714904985
3920.7708	3.8763892692439383
3943.9827	3.8973668390711
3905.9512	3.863069411904749
3843.9109	3.807102935292107
3887.5906	3.8465536475208677
3988.595	3.9377425534274986
4025.3083	3.9709057722214482
4048.6301	3.991982545569663
4052.4971	3.9955004649662116
4072.532	4.013610663703538
4038.012	3.9824825458527857
4076.0029	4.016798869113223
4116.0049	4.052930305363438
4085.3821	4.0253195974978135
3957.9939	3.9103736457532
3958.9578	3.9112713991965085
3857.7544	3.819958444326123
3889.3213	3.845027339374403
3890.6287	3.8461258110783487
3691.928	3.6887854551288637
3707.1091	3.700874156226611
3776.8704	3.756199227328035
3844.3313	3.809702013939988
3930.7908	3.8782547762369877
3859.4529	3.8149406466445397
3766.8074	3.7417417651581517
3724.0388	3.7079842123647238
3706.2698	3.6939956822860243
3721.2622	3.70591399954754
3555.1064	3.574585152139865
3515.4631	3.5432990239337725
3465.02	3.5034727068072957
3448.866	3.490761301476814
3587.6594	3.60057817661478
3542.9624	3.565295737734128
3510.6895	3.5426502148295995
3528.0784	3.554987092050952
3579.1338	3.5910390800706056
3531.5063	3.5575776066078983
3374.0239	3.4467329751666806
3431.5769	3.487361975555649
3396.4741	3.4627230790680072
3343.5522	3.4255321929562186
3307.9307	3.400527932161568
3425.2043	3.4832248988657333
3359.5952	3.4433071321022184
3387.4402	3.46041166355662
3418.7214	3.4796128485392144
3504.564	3.532105422430413
3511.429	3.536408750087042
3563.8667	3.568518889226116
3639.573	3.614826690204379
3654.2751	3.623911959151461
3628.3059	3.6081810912509535
3502.9712	3.5318210229396843
3570.6567	3.5732348614980056
3512.1592	3.5376564376729123
3491.5034	3.5251676506504013
3571.45	3.5740627942186696
3629.8254	3.6097959864576863
3678.5232	3.639624268997622
3749.9006	3.683290827032189
3763.8784	3.6929923057858582
3812.0542	3.7262071688100296
3874.9688	3.7695559347924066
3858.7986	3.758528700813136
3919.5815	3.800411797613854
3962.2092	3.829812006432193
3996.6794	3.8536034043285667
4054.1118	3.893182834165236
4008.6497	3.8620155275168515
4085.1641	3.9147151037679357
4119.8052	3.9413360456942383
4132.4399	3.951086427252954
4165.583	3.9765589816850104
4160.5225	3.972743864089401
4050.7422	3.8886483669206866
3952.1436	3.8131249996977052
3987.5918	3.8403647130749348
3802.3901	3.6984496120048935
3508.2954	3.4730548691216505
3670.345	3.5854357839126854
3731.3491	3.627795351199517
3760.3601	3.647984713116071
3504.635	3.470860917119511
3537.8093	3.4939353291185475
3516.3533	3.479152667882017
3430.9375	3.4200478832379755
3357.7458	3.369414022599878
3629.1541	3.5575771344850797
3622.1616	3.5528172521733747
3562.4019	3.511491366351537
3616.6833	3.5491923843241953
3577.8462	3.522365216567341
3661.7639	3.5806032727399444
3738.1223	3.6336029787295985
3670.7041	3.5869700284255672
3663.2463	3.581887757162497
3548.2529	3.502286703158793
3422.1687	3.4150000805078444
3425.9983	3.4177396437047314
3513.6812	3.470334927556324
3505.6294	3.465627866558405
3548.4241	3.491355172944512
3639.8948	3.5462176860187986
3567.6526	3.5030892545379606
3552.1099	3.4938985249549352
3591.2888	3.517461618006802
3532.446	3.482353474016922
3398.1785	3.4020996098076113
3413.3816	3.411311927987905
3315.5903	3.352891044898339
3219.6904	3.2956022754247503
3190.1929	3.278058914061659
3019.1152	3.1757722165122946
2853.3008	3.0766358956325037
2953.207	3.1365476189208317
3042.5901	3.1901607115451274
3068.4519	3.205752907470293
2952.5198	3.136473856298052
2987.0046	3.1572273988416963
2989.1145	3.1586028360825233
2855.0786	3.0784877170969165
2971.6147	3.1483533924673823
2870.1191	3.087715407311551
2700.4099	2.9862479321715716
2650.0974	2.956245796828595
2720.6165	2.9985678659152915
2868.7786	3.08736344527835
2906.4688	3.110035674966521
2753.9321	3.0188469086512586
2809.6975	3.052338133782034
2837.7561	3.0692453619103763
2655.0835	2.9600186704386715
2703.7449	2.9892577982190858
2638.0576	2.950053103540143
2562.3445	2.9048474389415984
2465.605	2.8470563551456713
2461.7563	2.8448654079731313
2468.0205	2.848727583267851
2581.8821	2.9169925842916946
2816.5305	3.0575549745523594
2833.7178	3.0679552390129254
2789.9221	3.041853915522336
2820.217	3.060099800335206
2946.6946	3.135916200536136
3019.1013	3.1793682754700696
2992.9209	3.1638106911583974
2854.8279	3.0812674209432247
2930.9792	3.126960867684855
2906.209	3.11224739154338
2936.9211	3.1307430578315723
2909.4436	3.110316640890423
2991.9451	3.1719561712314737
2970.1807	3.1557928620003404
2951.6108	3.142013283720078
2936.8828	3.131100523982136
2780.8669	3.0147592391756133
2836.7874	3.051232661574418
2789.8723	3.0159847640302577
2767.6406	3.0016638040894827
2683.1226	2.9469421790903665
2695.8599	2.95530312763823
2770.3989	3.0037504321441375
2702.9722	2.9601147369419643
2724.3125	2.974055861465027
2742.6458	2.986046568054956
2730.2151	2.978082873713949
2682.0149	2.9469180681750364
2659.4475	2.9323794369981053
2643.9175	2.9224054726199746
2425.5981	2.780896519465275
2372.7793	2.7467359906739888
2335.4204	2.7226032027478815
2252.7292	2.66906659841415
2229.855	2.654329016939287
2139.335	2.59571444563751
2250.9656	2.6682205355038127
2083.8157	2.559901638672121
2139.811	2.596321100219914
2094.6201	2.5671083105188988
2144.9851	2.5998758149991517
2238.4973	2.660629833938315
2252.1694	2.669597291780329
2122.6404	2.585680434202043
2113.6631	2.579956860620486
2053.7485	2.541193907548732
2064.2075	2.548077289622662
2122.0725	2.585709565479841
2112.7629	2.5797704852972965
2221.668	2.650508844165187
2240.6165	2.662898791092717
2318.7688	2.713690021856237
2283.7444	2.691071620605701
2268.8818	2.681530746870619
2294.5195	2.6982595326621266
2210.1504	2.643634774120624
2122.2349	2.5867097274203856
2103.2764	2.5745121686521344
2178.1821	2.6231976191387165
2253.7065	2.6722843842926203
2252.3738	2.6715194473622352
2237.7495	2.662133207213005
2304.0649	2.705246776470311
2279.1467	2.6891836351221765
2302.4583	2.7044037277781774
2257.5042	2.675344745781757
2244.2021	2.6668161632138774
2178.0352	2.6239979696171134
2208.052	2.6435672792317177
2156.8218	2.6104374722432784
2103.7373	2.5761049214954594
2115.1619	2.583614823707632
2118.1353	2.5856430444003906
2004.8966	2.512292785955781
1888.0345	2.436592294965254
1871.2091	2.4257784730406122
1868.9642	2.4244219880531848
1870.9609	2.425816734162851
1872.623	2.4269944573443576
1761.8535	2.3552458416715885
1787.8885	2.372232540313999
1927.1768	2.462678572280309
1858.3785	2.4181537002857763
1825.9785	2.397237813475563
1824.4906	2.3963724058328975
1760.4016	2.3549021449041927
1755.5468	2.3518528861433046
1760.803	2.355361918968687
1805.5679	2.3844974312613414
1748.1185	2.3473338373140953
1738.8132	2.341397889920708
1716.3032	2.32689700515071
1721.2094	2.3301790589633695
1662.0713	2.291920158754543
1608.1196	2.2570253139197387
1618.4464	2.2638233483146637
1625.1553	2.2682747176355775
1579.8145	2.238965173088781
1582.6263	2.2408887884440123
1533.5214	2.2091377575316415
1486.5234	2.1787533303403217
1453.3866	2.157359681578331
1590.3312	2.2462856949448042
1679.5824	2.304276415052729
1601.7056	2.2538631490386547
1618.7	2.264986061273099
1675.3915	2.30185765460805
1686.1022	2.3089047959626194
1608.1893	2.2584681472891583
1593.7	2.249169865297119
1540.7529	2.214926763999472
1521.5822	2.2025920086780237
1445.8997	2.1536020939919918
1497.361	2.187081287693412
1456.8213	2.1608860132651815
1443.6514	2.152443581069839
1371.4117	2.105686797650737
1382.613	2.1130522382976276
1428.9537	2.1432101056555966
1418.5533	2.1365640831244166
1384.9044	2.114838427684072
1386.801	2.1161686070159047
1352.1517	2.0937940799981285
1254.2893	2.0304177390399323
1290.2927	2.0538705876711156
1251.1436	2.02857738650878
1276.6953	2.0452509804388703
1251.954	2.029303106316554
1242.5164	2.023281657342636
1224.8977	2.011953721462363
1269.8339	2.0412006886457883
1242.4136	2.0235151714994073
1263.4465	2.0372577920237775
1356.4547	2.0976856561203707
1341.7775	2.088265702281275
1362.1101	2.101554112903096
1418.5471	2.138260876810594
1473.3234	2.1738904714935243
1517.0703	2.202366090542727
1406.0109	2.1304299300473164
1495.3405	2.1884718067150253
1484.1514	2.1770628808654267
1473.2891	2.1659887559810445
1412.4614	2.1037266228703757
1407.3141	2.0991959388523416
1415.0844	2.1062089808742157
1436.2472	2.1251901399066697
1410.1641	2.098226243507283
1445.2114	2.1295839952860836
1454.6228	2.139344190396236
1516.3572	2.2030745954058917
1534.5244	2.2218662447084743
1562.1953	2.250460788888328
1625.7947	2.3161149198118176
1584.543	2.2736170870334993
1627.9438	2.318436744729336
1585.9695	2.275193572067844
1518.5996	2.2057553126000315
1535.2996	2.223033602496016
1553.1232	2.243716258737876
1562.939	2.255123017184722
1594.6024	2.291837125258194
1603.7252	2.302441147479855
1585.9991	2.281944529214421
1502.5857	2.1853584913249957
1475.2223	2.1536984335824707
1466.4025	2.1447382307107152
1460.0336	2.138282705325625
1457.9377	2.136193934581003
1444.764	2.1227843195709504
1430.793	2.1085599160424824
1486.1136	2.1651473852110605
1533.1956	2.213315502598715
1530.2023	2.2098949924120754
1496.3386	2.170822968923245
1526.0046	2.201003195955767
1532.6343	2.2086891524013974
1495.7859	2.1662072750768804
1557.2196	2.2285387788157607
1562.3286	2.234424608998647
1584.4375	2.2597733035055754
1596.2539	2.273338314057051
1609.8495	2.2889402997697266
1605.8326	2.2843780731236505
1626.0684	2.30758230320794
1618.8582	2.2993641343139295
1648.2607	2.3330631504391546
1689.7445	2.3805938195504135
1731.1626	2.42804927299756
1715.0173	2.4076890379346705
1784.7722	2.495760517595677
1834.1404	2.5580978934453857
1865.4177	2.597599150900698
1870.326	2.60381485487222
1874.5706	2.609192772819634
1939.6035	2.6913036860964956
1985.515	2.7492776821416327
1918.4017	2.664580618701991
1835.2311	2.5596144475593885
1860.3833	2.59138401057129
1904.6025	2.6472218250468753
1959.897	2.7170399782520755
1873.5916	2.608116759627729
1876.9362	2.612358623494427
1772.6082	2.4806855031223565
1711.6703	2.4125023998371344
1737.5874	2.4415590348314224
1730.1986	2.4333275851281977
1841.6871	2.5581868893492743
1857.4594	2.5779255114186426
1843.645	2.5606765941538687
1772.0095	2.471143161908266
1807.3876	2.510652804298243
1794.2286	2.4960127977756272
1793.281	2.4949962509481516
1782.4777	2.4829843507597733
1810.2043	2.5139577308698215
1874.5575	2.5857930045675794
1887.0389	2.6013095866258644
1927.8315	2.6519737786637605
1923.4618	2.646570167929875
1968.694	2.7027460097894718
1981.022	2.718072156781099
1937.1666	2.6636480959781235
1995.1011	2.7355935135698886
2011.5227	2.7560017622557997
2006.582	2.7498892805640573
2026.4078	2.774523757276923
2057.6682	2.813353990107156
2073.1357	2.8325777557949148
2063.1602	2.8202147096637797
2074.1763	2.8339121831320577
1997.9828	2.739341239668878
2030.7097	2.779992102320227
2093.5957	2.858084694074161
2136.542	2.911422675837729
2160.8674	2.9416433030342772
2177.2383	2.961988629990651
2180.7097	2.9663195696067985
2152.6477	2.931502626409381
2202.3171	2.9931871682823923
2184.1729	2.9706829157521204
2096.0049	2.8612459638017524
2109.4617	2.877973522952548
2092.3784	2.8567863550471464
2033.5148	2.7837300481901126
2044.009	2.7952684296293855
2106.6289	2.8638917703453703
2126.0664	2.887697479196443
2197.8037	2.975493041317511
2212.7683	2.9938260714267804
2243.772	3.031783263115117
2239.551	3.026642331768164
2253.5981	3.043852788082272
2192.4109	2.9690125755393453
2243.9802	3.0321321978967934
2262.6072	3.0549462592693017
2254.4841	3.045031040205683
2261.9434	3.054181201137902
2274.1082	3.069088637369947
2295.6641	3.095486274217496
2275.3721	3.0706821703622107
2228.4836	3.013336718743709
2225.3162	3.009484909366984
2233.5203	3.0195463596158882
2219.7119	3.0026750777854976
2241.2397	3.0290383453430616
2305.3772	3.1075354350142037
2313.6648	3.117699056933105
2356.5671	3.1702144585598964
2363.4028	3.178601655665629
2352.8701	3.1657382699285126
2354.9443	3.168299680427228
2368.084	3.1843999534327763
2392.5452	3.2143523100655096
2375.4102	3.1934108859818267
2330.6055	3.1386150324723507
2373.0356	3.1905527034635757
2370.2083	3.1871170423121113
2406.8809	3.2320103007778016
2436.4673	3.268233453753801
2450.0464	3.284871356961568
2444.9011	3.2785995842072198
2442.7095	3.2759417244192024
2473.3696	3.3134785785801415
2471.8921	3.3116944383053655
2480.6362	3.32241663201086
2513.2686	3.3623666404910546
2500.6418	3.3469411144941534
2547.8818	3.404763817619304
2579.7644	3.443796436626144
2611.188	3.482267461894029
2643.4385	3.5217502177920825
2626.626	3.5012034138349812
2635.5596	3.512157480111091
2675.8687	3.5615001001128026
2680.2454	3.566878711981703
2668.1433	3.552095184404569
2730.0032	3.627805645065512
2755.821	3.65941787745004
2754.8064	3.6582001337092334
2764.6948	3.6703224304796045
2815.5415	3.732558028439893
2768.6079	3.6751574756140197
2816.3367	3.7335782644507347
2849.4561	3.7741241621320976
2852.0144	3.777277944662282
2911.2957	3.849833454139029
2928.2188	3.870562860664053
2775.7808	3.6840755759340884
2828.9719	3.7491796097350485
2907.0378	3.844718460795281
2953.0107	3.900990886416143
2959.762	3.909274901920438
2938.4719	3.8832497056207247
2884.1853	3.8168526335614423
2802.2051	3.716571889954734
2804.4341	3.7189980470708224
2817.3872	3.732802930517539
2693.9119	3.601851546454463
2714.854	3.624133105077034
2625.55	3.5294389180930112
2463.0603	3.357091629193799
2494.3069	3.390306710940472
2377.771	3.266718347363422
2471.5894	3.366324751624072
2523.7246	3.421703531917335
2551.7378	3.448374403358332
2477.8884	3.3783704968809234
2535.0442	3.432699763040535
2538.0938	3.435678439899246
2460.324	3.361953818389382
2290.3669	3.200736960405374
2294.5708	3.2048111701090822
2321.7961	3.230734317487048
2439.8274	3.3428387641852924
2464.2466	3.366098738817271
2487.3386	3.3851352590262342
2535.074	3.424369146256233
2550.4365	3.437070703361138
2526.4753	3.4175431597878654
2581.6362	3.4628629018042356
2629.2842	3.502025193707005
2641.1228	3.5131492840376177
2618.2334	3.4918946710740246
2669.7319	3.5399957514194327
2579.6609	3.4561042726119386
2597.3918	3.4727220873514253
2539.2256	3.4185771177698494
2480.3601	3.3637801617335925
2482.1772	3.365369325365008
2462.6953	3.3496275096545944
2398.6887	3.2976559710934668
2381.9404	3.284138502874592
2406.5757	3.304294863779034
2524.8125	3.4006147397464614
2521.8665	3.397921058440245
2559.8716	3.4338366827314912
2582.9204	3.4556512945473945
2590.6694	3.463041037042053
2591.2881	3.4637082348367527
2652.0996	3.5211260956771095
2691.3518	3.558217538637619
2680.6519	3.548213414751202
2669.231	3.5375295283681556
2716.1458	3.581845403869787
2716.3091	3.582076561563496
2644.3188	3.5061872034581083
2656.7363	3.5193462924317647
2598.5413	3.458010693484815
2631.8694	3.4932300324996475
2712.1897	3.578025152615437
2747.9316	3.615791009216907
2763.1917	3.631949005222925
2783.9746	3.653933443163444
2792.7505	3.6632507551130873
2805.3755	3.6781850549652626
2812.5911	3.6867333984421706
2812.2412	3.68635044486364
2814.8062	3.689408620586077
2832.8015	3.710682730466218
2908.8071	3.8004397408650092
2916.7578	3.809855904303552
2932.8501	3.828883473067307
2950.7432	3.850036942687238
2944.5063	3.842704226472448
2976.0454	3.879967213092187
2867.0957	3.7513789625536043
2934.5142	3.8309986613333114
2823.1077	3.6995100897047823
2757.782	3.6224212862529015
2855.1345	3.7247809474948017
2901.8079	3.7796122631040197
2934.136	3.817600315136971
2932.4329	3.8156312717485106
2950.3362	3.836682719281772
2972.4902	3.862725049353921
2947.2083	3.833071405836775
2901.2964	3.779195435607915
2917.0291	3.7976983237565434
2912.7725	3.7927311511336197
2946.9395	3.8328783333972223
2931.4055	3.814670017208935
2912.1089	3.7920439170165894
2841.1541	3.708764308544022
2774.1475	3.6388504184650072
2787.9209	3.653294923065147
2724.9814	3.5876283072645982
2753.5435	3.617516631212945
2831.748	3.6992464175052855
2828.4138	3.695825510275357
2871.1904	3.7405580226946245
2890.7117	3.7610050776458093
2924.0989	3.8001310287417356
2939.7869	3.818531946753703
2917.8525	3.792878583480981
2941.4729	3.820568020891492
2921.8748	3.7976503739611305
2860.3718	3.72566381429089
2872.4092	3.7382681283470975
2879.4717	3.745688560528433
2929.6306	3.798015802658217
2849.6272	3.704701202958787
2896.4685	3.7534794980203987
2909.5247	3.768737705961853
2928.5186	3.7909210156395474
2930.5088	3.793273027976573
2834.6848	3.681545005423498
2848.9463	3.6964232149105314
2810.123	3.656146350315592
2777.9014	3.6227286534951744
2703.8921	3.545893563504232
2671.957	3.5127735499822195
2685.3835	3.5267842197866686
2687.7942	3.5293494842075215
2649.4207	3.4895399914274625
2640.9209	3.480769262086292
2699.0854	3.541262710079194
2699.5786	3.5418029917812595
2648.3767	3.4948656606683928
2645.0698	3.4919158831253747
2653.5195	3.4997635652693826
2686.8813	3.5304909321049704
2688.6826	3.5322326299966944
2719.0105	3.5601736281242458
2707.8972	3.550054361847394
2695.8149	3.539045157403315
2737.2981	3.577231385890517
2776.0027	3.6128657101619464
2771.115	3.6084641648315285
2804.8689	3.6395517001300575
2796.9819	3.631424295310019
2819.6604	3.6550259270181735
2746.6982	3.5793461256313504
2753.2737	3.5854325646115033
2775.3411	3.6056507456575693
2790.0388	3.6191462823763225
2767.6985	3.596022495105017
2765.7578	3.5943461017374894
2729.1772	3.561164802192822
2696.2683	3.5313229130748933
2715.127	3.5485635504880344
2773.3787	3.601632042734483
2770.2295	3.5984194955024567
2790.5957	3.6196374625762733
2799.6973	3.6291524689436914
2781.646	3.610457916242737
2789.1377	3.618300382562328
2754.7568	3.5826407679010743
2792.1946	3.6215947061784335
2847.2852	3.6788884137781506
2854.9307	3.6868906847481964
2841.9175	3.6734303205575913
2879.197	3.7168288660422606
2888.1436	3.7272669074011264
2887.6794	3.7267570872539486
2882.0188	3.7202021426679495
2859.2031	3.6936901616835383
2888.3198	3.7275926911682595
2877.9897	3.7156055855750005
2891.6836	3.7315663173397566
2903.678	3.7455499726094006
2890.3345	3.7300572964759544
2865.4258	3.7011104811384974
2729.0161	3.542451233368716
2732.186	3.5458012646133557
2790.0979	3.6059984157395037
2769.5701	3.584739456531465
2753.281	3.567882202208224
2741.5742	3.555783465980265
2685.8318	3.497955736303055
2675.7263	3.487519887978498
2636.4863	3.446829171132349
2623.2981	3.4331920865100276
2595.635	3.4045234713606027
2626.0454	3.432528541631549
2525.6462	3.340431583101747
2480.2161	3.2988041750732453
2479.5588	3.298284646945883
2426.5657	3.2497133304387935
2425.708	3.249009820078294
2482.4351	3.301177449208578
2474.2952	3.2937878451787235
2342.5325	3.172894728899596
2376.4202	3.204092523056352
2373.8977	3.2021572332187764
2342.7744	3.177084728386643
2379.2729	3.206716321273551
2467.0898	3.277863030729389
2425.8643	3.2446181629641493
2429.6675	3.2478002255783855
2465.9141	3.277228073260945
2466.4604	3.277775414880171
2405.4834	3.2285521869986153
2377.688	3.206171926731376
2386.0808	3.213066886905451
2371.7124	3.201548700343393
2379.9822	3.208344174390317
2346.9521	3.1817292272161817
2351.731	3.185700681015992
2418.7344	3.2400099722569617
2400.9795	3.225752248044371
2403.2544	3.2276980639520465
2389.9202	3.217016576087027
2334.8423	3.1725656455842466
2405.1104	3.2295160284705773
2412.365	3.2354903129750348
2396.4272	3.222702622367411
2398.7239	3.224666125879195
2379.6174	3.2093150655611034
2358.3433	3.192210487933271
2251.0808	3.1055437793791913
2221.4492	3.081678242254365
2196.7825	3.061829174944764
2199.1772	3.063872009692178
2184.6946	3.052261603392709
2233.575	3.0919100482632027
2250.4587	3.1056740928446604
2246.5378	3.1026078237662382
2302.0532	3.1476238186275047
2324.6489	3.166008732779252
2289.8896	3.1379951121258247
2306.3728	3.151435207151066
2261.5134	3.1152509137937336
2265.5232	3.1186004047546194
2316.978	3.160331543243643
2370.1404	3.203444089649678
2376.3601	3.2085813521372577
2405.2024	3.2320196553051224
2414.2734	3.240631834691051
2433.4854	3.258782984136871
2423.9746	3.249916514544469
2478.6392	3.3014155774694145
2491.3989	3.3134974975546694
2485.0549	3.3076098455312763
2525.6675	3.3458911472987793
2482.7773	3.3056269312966036
2495.1399	3.3173353520633677
2483.5369	3.306500935100134
2522.8025	3.348376851366072
2539.395	3.3661037847897073
2463.0813	3.2848768679019575
2480.165	3.303126984532626
2450.4412	3.2715227088576864
2485.1851	3.308582611019451
2539.3618	3.3663402802233806
2553.5396	3.3814953574940305
2550.1333	3.3779217163095763
2564.5752	3.393358093898811
2518.7383	3.338801149546146
2521.7617	3.3424294558762337
2537.6367	3.361362081873399
2484.8027	3.2984726535723006
2493.9685	3.3094156388091345
2502.9478	3.320136532966265
2552.074	3.378666332526266
2548.1951	3.3740750542911044
2528.9971	3.35124104061334
2567.248	3.396820004922484
2573.0613	3.4037706820312144
2601.4846	3.4376464614869384
2609.8606	3.447648932388505
2612.4822	3.45079878303967
2572.9863	3.403793045473908
2584.1265	3.417087268574681
2615.4402	3.4544050899863064
2618.3835	3.45793804600045
2576.2893	3.407838134180821
2523.9675	3.3455586955415617
2524.8979	3.3466002989164374
2512.1665	3.3331547618583954
2514.8953	3.3361034203062654
2559.8213	3.383798526131393
2543.2634	3.36412740924718
2532.3484	3.351169651176079
2575.3315	3.3967299024776447
2650.9824	3.4865595052727985
2705.4341	3.551224520524858
2732.1619	3.582979778637309
2755.6638	3.610905722355598
2741.897	3.5945917183103235
2811.8662	3.6776768492944325
2793.7158	3.6561592810256496
2853.3816	3.7270137270027535
2865.0239	3.7408616995563118
2857.5168	3.731978307343173
2862.9167	3.738416220165921
2937.7632	3.8272909821769083
2930.7598	3.8190055158268192
2891.208	3.772083351526703
2888.439	3.7688243501658003
2884.6086	3.7643054122529103
2961.3882	3.855474879351819
2947.374	3.8388672280640894
2920.3315	3.8067942867149296
2972.9573	3.869291901862615
3013.1863	3.917073851391799
3047.5754	3.9579235280300926
3031.6108	3.9390006586013495
3021.8269	3.9274146145784306
3046.0369	3.9561811592957707
2885.9338	3.7661581499505186
2923.0405	3.8049596037710254
2806.0601	3.6828935091783053
2741.8477	3.6159174243742367
2774.5728	3.6501444853997786
2807.896	3.6849959703258732
2812.4807	3.689844350501564
2763.8311	3.6391159119884238
2801.5005	3.678504862505008
2833.8896	3.7123811636288817
2811.2627	3.688820544083418
2811.4978	3.6891274431269387
2762.1379	3.643880820117237
2761.8118	3.6436722660061407
2780.5613	3.6609848587589706
2777.4658	3.6582325965525504
2782.8362	3.6632563600852546
2806.1799	3.684788796331092
2783.0981	3.663678929639052
2740.5222	3.624663534385424
2770.6641	3.6524402113287575
2853.1992	3.7178416480540797
2863.6184	3.7262028320557556
2848.1165	3.7121747233324633
2838.8376	3.7050404143925535
2834.1445	3.701492336239647
2793.8491	3.670102297858066
2841.6877	3.7076354628685957
2816.7048	3.6882202374630277
2787.8984	3.6658149407405443
2762.385	3.6459848699259974
2706.0044	3.6020158163175875
2658.0857	3.5646642094887535
2680.3623	3.582207253072693
2689.5022	3.5894770487673204
2737.5686	3.627188439886043
2780.821	3.6611351616608276
2768.9219	3.651951915277845
2754.5686	3.640849427556405
2761.876	3.6466862084429117
2709.3159	3.6057049804647168
2717.3694	3.612125252001456
2733.0605	3.624518345229168
2739.29	3.629512219076088
2701.4995	3.600081261572714
2613.2771	3.5312111919258378
2617.2839	3.534466883853243
2667.1047	3.5735503841887932
2585.6169	3.5099469856906307
2616.8625	3.5345041927713217
2589.7888	3.513454125649154
2569.8977	3.4980210578075006
2601.6255	3.5229553886058698
2640.3801	3.553384878834299
2649.1143	3.5603376069987815
2681.9158	3.586111630665525
2690.3313	3.592815146844422
2665.3159	3.5733747968822396
2717.4441	3.6142628575869793
2731.3635	3.6252706039535045
2800.1147	3.6791583244533603
2799.5637	3.6787422601265662
2828.8628	3.705780889569704
2831.771	3.7085464459430098
2805.8582	3.6848038401448613
2843.2271	3.7192647058767143
2770.6711	3.6526219429806828
2779.2734	3.6606246885053118
2794.6472	3.6748555415088124
2795.606	3.6758281782748736
2824.3621	3.7023674421069637
2837.3442	3.716042564192387
2832.2727	3.710784974160599
2814.2871	3.691984439129678
2852.2205	3.731825875723664
2903.8962	3.786078796387419
2908.6108	3.7910838589186833
2911.2871	3.793951371766855
2871.9812	3.752792373210113
2851.2944	3.7311591337086254
2860.9697	3.741366476740335
2820.3303	3.6935665219354474
2855.3779	3.7348466896161536
2819.512	3.69266492994689
2829.9917	3.705029813675561
2828.0664	3.7027945851427306
2835.7634	3.7118843639378825
2865.4058	3.746802872315454
2865.0012	3.7463574453674067
2893.759	3.7802348252643094
2893.6606	3.7801497866994875
2862.6104	3.743635904799865
2857.54	3.7376990558377647
2829.7332	3.705002511710767
2865.1155	3.742124580601869
2887.885	3.768920637504722
2896.3669	3.7789217784612363
2921.0498	3.8079670213190076
2909.5354	3.7944627340691426
2907.8835	3.7925517108790783
2935.5164	3.825064654252166
2925.6855	3.81353931053682
2931.2798	3.8201461242577723
2937.8306	3.82787729585971
2887.4048	3.7686330961045535
2895.0017	3.777593951943469
2914.9758	3.801104074355427
2899.5435	3.7829943610134578
2852.488	3.727711922389231
2824.9434	3.6989763505497333
2808.5781	3.681928323857398
2762.5298	3.6338478356696657
2791.1301	3.66380967240553
2814.936	3.68875914826119
2751.1128	3.6220956819122536
2755.7842	3.627040763611161
2751.1357	3.622242243407894
2761.4365	3.6330726623791056
2778.4812	3.650953581658377
2774.4824	3.6473654794285384
2737.6516	3.613578268766156
2761.165	3.6352961058780116
2743.126	3.6187937463001605
2744.4041	3.620059405223268
2762.9775	3.637233416091271
2751.4275	3.626699708793594
2748.6934	3.6242749387617295
2664.0215	3.546483183163111
2658.6104	3.541596103588076
2633.7385	3.521833081364021
2624.8015	3.514806416935665
2595.0278	3.4911255334935865
2585.5417	3.4836600069590125
2624.0471	3.5145528390213236
2632.594	3.52150063623757
2595.8835	3.4922753885257096
2622.9783	3.5140480555803904
2641.468	3.5289429011532842
2649.2563	3.5352844075585064
2604.4683	3.4996030639550577
2611.3296	3.505203662694075
2609.3252	3.503718149199721
2641.2092	3.529318755847804
2622.6199	3.514577385311562
2580.7749	3.4812483524268583
2560.2351	3.464948017488349
2537.3245	3.446752773785163
2565.739	3.4695803478609424
2566.8528	3.4705871970323354
2608.8206	3.5042475879985258
2666.0056	3.5500706979631436
2679.4917	3.560966431244224
2681.9883	3.5630785545841652
2652.8499	3.5399056605515216
2687.1235	3.567416326910352
2691.0337	3.570658332474223
2746.8662	3.615400482143132
2754.2375	3.6222810559408987
2753.6223	3.6218034056508763
2741.563	3.610781927950527
2743.7161	3.6128548203358655
2752.8994	3.6214048800693366
2707.3723	3.5795484131057727
2748.9783	3.6179706129226963
2763.6812	3.631606088012655
2776.1682	3.6431999871381153
2772.282	3.6397087130279635
2750.6755	3.6170749315012354
2749.4531	3.615850863248543
2721.759	3.5868231992300403
2729.4299	3.594939899509329
2644.8511	3.506165440860691
2659.1072	3.5194809836352468
2684.0381	3.5427023200430785
2671.5337	3.529556759506426
2659.6453	3.5170616578997596
2663.575	3.5207859695511035
2641.3945	3.5003409645824703
2642.2229	3.5011945226009393
2648.7207	3.507296058428688
2592.8433	3.455659001044599
2489.4368	3.3600258800848986
2487.9844	3.358768207666511
2514.5574	3.383452701603161
2549.6665	3.4160387800033627
2564.3523	3.4297197116231084
2598.3284	3.4570974829761356
2579.6392	3.442212610950836
2571.9656	3.4361675056147716
2529.8167	3.402456799957437
2505.7407	3.3832491766563813
2484.991	3.3667108393889613
2522.812	3.397174107308061
2513.7053	3.389979019606865
2582.5657	3.445350687501757
2582.3457	3.4452869840716485
2550.7104	3.42001325766205
2538.542	3.410361265511778
2537.5537	3.409681047402101
2525.7266	3.400302958950305
2498.5847	3.37863511644541
2446.7664	3.3371650581911654
2433.6365	3.3267415315113262
2482.1575	3.365791397383162
2464.1338	3.3514407309734695
2459.5559	3.3478800090578096
2430.4026	3.3245981214982416
2445.6694	3.3369623186604556
2446.2578	3.3375474576635527
2449.522	3.340279871910954
2405.616	3.3051593300594924
2415.3489	3.3130827410208434
2480.3992	3.3653970611876733
2410.5479	3.3094560600505547
2396.9077	3.298623141148409
2356.8569	3.26659635218836
2376.2737	3.2822909093851163
2351.2627	3.2623332213666094
2317.3804	3.2352565350497144
2312.2429	3.231246877443508
2298.0452	3.2199666337761093
2296.5129	3.218850082146538
2367.7161	3.2761020513653523
2389.1013	3.2933762678705767
2380.6648	3.2867192875756386
2390.9915	3.2951193390216402
2330.9607	3.2470591767426487
2323.7573	3.24139175780878
2274.0742	3.201635397657962
2254.5029	3.1860430512643365
2304.9321	3.226624453171231
2348.1189	3.2613940103593864
2367.5459	3.2770969015560416
2373.8008	3.2822295045936833
2414.7888	3.3152346049037495
2411.9854	3.313098155900188
2413.5364	3.314456018801084
2449.4392	3.3433803947811467
2456.4675	3.3491336794792925
2475.6462	3.364637380958348
2458.5745	3.348478905926515
2449.9902	3.340395063366908
2474.2378	3.3635463882161853
2432.4189	3.323844283530046
2432.9102	3.3243946806943323
2483.5703	3.3726739862839374
2484.8682	3.373991769083961
2422.9226	3.315141829189094
2419.5859	3.3120504237523303
2369.6692	3.2646443866241857
2369.4299	3.264553910193623
2367.1885	3.26280849145662
2350.8801	3.2494351920661746
2353.9717	3.2520980894445737
2337.7026	3.2387572933808735
2340.6096	3.2412676166399916
2370.5764	3.266145785764273
2290.1743	3.1997921892940613
2341.9871	3.242728446270231
2312.4482	3.2184187764604495
2275.5403	3.188017843882421
2271.2117	3.184547217965256
2277.9377	3.19021441754089
2275.4111	3.1882333562259957
2259.1169	3.1748719005896087
2234.6802	3.15477980118984
2188.4912	3.116707093558178
2166.0227	3.0982419409539395
2118.4556	3.059030103020153
2164.1895	3.0969415920407504
2160.3008	3.093834670311602
2157.2908	3.0914540975396987
2127.084	3.0665924513201412
2119.521	3.0604483517013774
2137.8196	3.0756816567032894
2121.7813	3.0625318271488498
2091.3022	3.037445131027764
2092.5945	3.038620925278061
2096.7156	3.04213503602228
2123.853	3.064674604712361
2089.2793	3.0362033163722595
2057.3379	3.0099079161297366
2070.978	3.0212905402389696
2134.6294	3.0740128951626335
2198.0198	3.1265195143415605
2190.5801	3.1204774415518393
2189.115	3.1193740275319346
2151.4587	3.088354700443386
2107.7009	3.0522918357729676
2199.6736	3.128424846341649
2163.0229	3.0982367824297787
2192.2012	3.1224634807849863
2217.0903	3.143144702561954
2187.4016	3.118711507497211
2192.6951	3.123194874581985
2171.1606	3.1055020211283186
2213.4438	3.14056137402706
2233.2681	3.1570560377678634
2237.395	3.1605751198151033
2199.533	3.1293858657687843
2255.2036	3.1755113810255837
2259.9009	3.179501986634651
2263.8499	3.1834695369759785
2267.4424	3.187085996630728
2261.8474	3.1816542021836436
2285.7166	3.20524007495763
2277.4534	3.1971805308113606
2276.1909	3.196015595299238
2281.907	3.2017235033542475
2301.4626	3.2210611758782153
2328.3157	3.247585758940513
2335.072	3.2543181217794657
2365.3137	3.28808916012289
2373.1587	3.296889328585058
2373.1238	3.296903921773179
2348.573	3.2695848739238427
2348.2434	3.2692709044372337
2385.6973	3.311083102055477
2372.512	3.296435865996888
2340.6604	3.260976915176138
2325.8052	3.2444678572464842
2351.4404	3.2731029851305076
2374.7258	3.302300926946621
2372.4702	3.2995021037970855
2394.2798	3.3268512254399334
2324.0073	3.2388434911113713
2307.7808	3.218542476775191
2343.3469	3.2631252109286515
2353.687	3.276105799813574
2317.8767	3.2312709724104463
2319.1531	3.232896916385209
2314.96	3.22767088660947
2286.2542	3.1917363059446533
2287.1401	3.1927781848490526
2281.6536	3.186703092031901
2213.4287	3.1105590045309683
2180.4851	3.073818625841368
2186.8015	3.080925542766868
2232.1934	3.1316736976092705
2239.554	3.1399468315573893
2218.4792	3.116462066939697
2238.6689	3.139063311525233
2243.0652	3.144025798061101
2284.4941	3.184751926969579
2293.9775	3.194134241618916
2291.6958	3.1916451166945956
2267.0884	3.1642869525706203
2312.2395	3.2084787061168143
2308.3257	3.2041867965785826
2333.3052	3.231968917547589
2311.1604	3.207439052475263
2307.0942	3.202977978950808
2326.718	3.2248148293500143
2324.2986	3.2221818528887423
2316.031	3.2130568802014365
2356.9429	3.258525349435008
2360.8232	3.2628855900385023
2375.5879	3.2793284468818644
2380.2893	3.2851963507460926
2375.166	3.278858193487463
2335.0703	3.2290708410654068
2337.6311	3.2322793014981768
2323.1802	3.214352677305457
2311.2295	3.199532267178353
2307.1724	3.1950917308077393
2278.2566	3.1631208430700655
2309.2104	3.1974539652156326
2275.9709	3.156057604409556
2280.9971	3.161685294844165
2307.8838	3.191563913756822
2299.9026	3.1816566912027455
2284.9473	3.165157811392895
2266.5642	3.1448653551254044
2296.9739	3.178572385953361
2324.5713	3.2091670203685947
2321.0466	3.204814002097313
2315.0503	3.197390054383154
2316.0659	3.1986783055364065
2252.1699	3.1193147202314515
2253.936	3.121322872707384
2250.8372	3.117940617535032
2240.3032	3.106320008074336
2229.5366	3.094441677120332
2260.0667	3.1283209654559267
2247.0132	3.1139087094734603
2280.9197	3.1515291286925073
2266.3286	3.135413187895257
2274.6348	3.144667942910998
2286.8459	3.1582494137481505
2271.0371	3.1407842483058914
2268.2422	3.1377387629107143
2236.604	3.102734296660812
2195.2542	3.056969176888071
2194.5483	3.056356460694977
2190.0637	3.0520603692464685
2169.4102	3.0320032480979178
2197.4744	3.0594349183116254
2205.2075	3.0670483512484217
2210.3271	3.072114216502297
2206.7317	3.0686849257703432
2178.7942	3.0415275761314398
2208.6255	3.0706818018437483
2157.0667	3.0204990171573187
2148.1135	3.013076124966743
2162.8381	3.025546581731488
2178.916	3.0391540466375817
2177.9543	3.0384453851935596
2130.8081	2.998933971611894
2143.1953	3.009440651269784
2149.8604	3.0151398111405134
2167.0112	3.029648733612066
2150.0386	3.0154882597774337
2123.458	2.993255455533827
2131.4973	3.000109207572143
2120.0171	2.990563299498497
2108.0332	2.980594206740247
2107.4844	2.980232532524022
2086.3672	2.9625899454987747
2075.749	2.9537682953202564
2098.7791	2.973216893750677
2084.4507	2.9612780668917518
2109.8882	2.9827493032220525
2138.1489	3.006592511326403
2143.9348	3.0115531094711088
2145.6272	3.0130744861948253
2163.3755	3.0280855318926596
2157.1125	3.0229230487920535
2121.9438	2.9934749163766163
2130.5437	3.0007997894552165
2109.0728	2.982860132946051
2099.8696	2.975227419249207
2099.6833	2.975170428731312
2094.8035	2.9711701157210157
2109.8784	2.9839351204871916
2097.3894	2.9735418139846357
2104.0818	2.979264122988762
2078.3987	2.9577855661570345
2038.9087	2.924706895580913
2054.6292	2.938014354023082
2035.7985	2.9222929921101306
2027.698	2.9155868140069536
2025.563	2.9138926690465925
2045.176	2.930470515970436
2027.9742	2.916117737212816
2026.1313	2.914669030024554
2041.4193	2.9276131729197745
2117.1311	2.991323495078046
2126.9775	2.999695793655248
2114.2766	2.989124570076175
2122.0603	2.9957638695519915
2102.7568	2.979645366075352
2114.6616	2.9897471001835605
2066.6804	2.949534514011657
2052.4927	2.9377141689321418
2062.5359	2.9462518700175107
2015.2455	2.9066196968054516
2015.4238	2.906869236429986
2024.37	2.9144852973041004
2019.2172	2.9102558312404088
1989.29	2.885211703847654
2041.81	2.9294371218183204
2073.98	2.9565651198015175
2061.06	2.945809930064968
2105.03	2.9828519322943237
2113.82	2.9916443544543316
2093.38	2.9714433082735683
2093.87	2.97195831716765
2086.66	2.9659154859774683
2088.35	2.967452513234483
2094.0	2.972362156123562
2123.0	2.997158268531642
2119.54	2.993812897712249
2124.96	2.9992430090844153
2104.08	2.978682696138577
2103.47	2.9781537970268426
2088.19	2.9631275802698487
2051.26	2.9317829450338158
2045.04	2.926584688007661
2047.89	2.9291086004264497
2055.02	2.935276495600119
2091.44	2.966381786709895
2102.39	2.977326538637961
2097.24	2.9722865574812225
2087.55	2.962739084479728
2086.42	2.9618742433790124
2048.81	2.9299450366974122
2044.45	2.926329720197826
2054.9	2.935325798021801
2021.32	2.906828343036048
2028.47	2.9130143372920996
2001.68	2.8902988911051635
1985.44	2.876567256144649
1986.99	2.877984620590172
1979.87	2.872019095048028
2001.31	2.8903737121020985
1984.53	2.8761822747101298
1995.25	2.885408341867393
1980.47	2.872920011159536
1948.17	2.8455126143093263
1925.32	2.8261523288293637
1913.6	2.81626975087233
1932.54	2.83249556070615
1905.13	2.8092522525771453
1923.07	2.824626533117227
1981.96	2.8748716028812815
1979.19	2.872610395703849
2013.55	2.901967074596512
2036.12	2.9212840420855457
2025.96	2.912729938991037
2032.36	2.9182774345596054
2010.41	2.8996836280851532
2095.63	2.9723499424981936
2106.23	2.9829474368151776
2105.87	2.982663307880455
2109.19	2.9860328707123056
2116.01	2.9928774124216626
2105.16	2.9821783114976466
2111.62	2.9886654394791496
2164.48	3.0412207850188104
2176.33	3.0530593832465907
2163.95	3.0408412468677968
2190.89	3.067661954392504
2223.24	3.103949295194804
2224.87	3.1058255742320022
2235.9	3.1182312851340517
2234.09	3.116254249977002
2236.15	3.118612206760964
2245.05	3.128632006584983
2204.14	3.0828570451593285
2274.8	3.1620574336993705
2293.0	3.1824946584949467
2280.13	3.1681287683683674
2256.16	3.13818018268696
2289.14	3.179447906997839
2301.56	3.1950052332833896
2283.34	3.1722470626298485
2287.96	3.1780504476085634
2263.33	3.147276538772584
2254.06	3.13571040185133
2307.68	3.202788579640561
2321.96	3.2206718596432413
2341.01	3.2445200546664723
2336.44	3.238831303781193
2365.68	3.2754221576450666
2361.0802	3.269696145969765
2381.3447	3.2950630889096013
2390.3536	3.3063548404070584
2385.7977	3.3006837323658775
2407.6385	3.3280218540966846
2398.54	3.3166702024915646
2355.6624	3.2630775910530954
2383.5538	3.2979820298771156
2316.3375	3.2139537361247514
2306.6774	3.2018998090112136
2322.1645	3.2212926046178474
2290.0549	3.18116545083316
2305.4933	3.2004973510935346
2366.067	3.276271209947793
2376.7759	3.2896888471050376
2279.0616	3.1675226411128707
2341.9301	3.23747625091516
2372.3616	3.275364422734266
2344.7553	3.241044464123751
2328.4314	3.2207615841478154
2321.14	3.2117165540699477
2277.1465	3.157008353142273
2253.9512	3.131334102572527
2261.0161	3.139221756363
2265.3878	3.1441223585063582
2233.6098	3.1089289595934515
2248.0284	3.124972690739948
2317.1845	3.2017263522753296
2330.8682	3.2187691447692073
2336.3204	3.225575590347253
2333.0266	3.22150587833103
2306.5071	3.1885536594823454
2313.8929	3.196774275970845
2241.0454	3.116262221345809
2239.2658	3.1143465257047716
2244.8436	3.1205676277755625
2227.5937	3.1015428213646237
2216.901	3.08976984486766
2214.7981	3.087496618239233
2233.5536	3.1082913943332784
2227.8282	3.102011933073501
2220.7394	3.09422464671126
2204.9291	3.078880657889485
2178.7007	3.05337557347572
2199.6548	3.073889077286489
2208.7298	3.0828165260778357
2215.5607	3.089555239558181
2270.8455	3.1435525778267897
2275.9709	3.1486278758554596
2206.7378	3.0811789873713717
2251.8486	3.1252533210360913
2220.6789	3.094928880905369
2192.4873	3.067509082008372
2198.8268	3.072931688466518
2240.5778	3.108080841978356
2275.4832	3.1374833962154636
2279.7942	3.141203182876848
2290.8594	3.150592858747192
2281.0241	3.141202081295804
2294.4495	3.152398238092306
2294.2275	3.1522624607377288
2263.9884	3.1232578490296063
2284.9903	3.1407442819490603
2317.6873	3.172281395072373
2352.7488	3.2060935364278125
2378.3958	3.230847450540836
2395.2187	3.247111195314375
2386.3744	3.2386790524967974
2361.4956	3.2148191985055297
2386.6296	3.2390795511896826
2400.0077	3.2520288806098123
2421.7043	3.2729819251745162
2428.7227	3.279812233047702
2427.308	3.278337788729887
2407.307	3.256783798680826
2398.943	3.247801746436019
2358.1384	3.203772774006522
2361.7332	3.20771031787514
2327.9651	3.1712831768747685
2289.7591	3.130061593017543
2219.7791	3.0631757470340033
2250.7129	3.0928531164712343
2249.4281	3.091700898995935
2260.9749	3.1028270925392505
2247.3104	3.089828900788368
2172.8514	3.018657184961628
2166.0321	3.0122090959672407
2027.8147	2.880027741926972
2021.8294	2.8743777102582806
2046.8099	2.8983584888475975
2026.719	2.881384103050191
2046.2654	2.898086454397975
2077.3679	2.924607132475357
2099.1766	2.9432315997511975
2092.2695	2.9374584942079887
2108.1971	2.9510862641378357
2104.1384	2.947733238087397
2035.8531	2.889811875840466
2041.58	2.8947729282861108
2101.616	2.9458762046114737
2182.7957	3.0149436453034073
2151.3248	2.988300645261881
2190.7301	3.0218756447528614
2208.5729	3.0371306737848487
2175.9152	3.009479365656743
2155.8061	2.99248963428221
2103.606	2.9482346853077837
2131.6978	2.9721975234478277
2190.0667	3.0218844651963703
2190.0674	3.0219804973469846
2162.2546	2.9984455707836455
2155.8962	2.993138786205904
2112.6081	2.9564557171802557
2115.9308	2.959374225599916
2123.2617	2.965698197496084
2178.8536	3.0130257933635303
2183.5817	3.017138384339912
2216.1778	3.0487402745393646
2235.3115	3.067321111623265
2216.1088	3.048822345311882
2218.7346	3.0514364766813498
2226.6079	3.0591260842399883
2274.6617	3.1056789518967753
2285.2903	3.1160335440936873
2278.0506	3.10910562275032
2252.2685	3.084243187033217
2219.2088	3.0523417405690294
2254.9359	3.0917036990957922
2244.6768	3.080465430619093
2250.2605	3.0866595555858525
2251.2964	3.0878495805956097
2241.4076	3.077018778589786
2289.4508	3.129932595173601
2302.0611	3.143858351430816
2285.4189	3.125596558568616
2280.5502	3.120289565427552
2263.4411	3.1015140343485763
2275.497	3.1164073258716236
2310.8608	3.160044818340519
2311.2972	3.160608499694042
2310.6908	3.1598861620703893
2328.5526	3.1819395211873447
2381.5211	3.247287815268004
2409.7133	3.2820810252300867
2400.3912	3.270610159488972
2415.7427	3.289567728468451
2410.4245	3.283034630415922
2410.5307	3.2831911131972187
2364.7648	3.226776359821666
2378.7262	3.244019612396469
2422.9623	3.298598791666788
2410.3926	3.283122875360875
2397.6218	3.267398956897009
2352.0298	3.2111986741780814
2361.2407	3.2225834379065113
2385.7764	3.2528673365827316
2421.8874	3.297426342577208
2443.9107	3.3246118571273104
2421.6696	3.2972088130046924
2459.191	3.3435071848281703
2473.714	3.3614430472053867
2471.0884	3.358230598517166
2411.0938	3.284268494350342
2405.4876	3.2773802592881127
2419.2661	3.294397984024897
2473.2336	3.3609783315870527
2446.0026	3.3274215676366077
2401.3803	3.2724171856459683
2383.3206	3.2501708258428885
2344.9795	3.202912665508265
2342.1083	3.1998279913550047
2315.1762	3.1704522733205307
2351.42	3.210108085139738
2318.8737	3.1745978087727504
2319.5475	3.1753867296404676
2324.36	3.1806979612022035
2342.6119	3.200694263457911
2316.9745	3.1727332740923266
2294.8829	3.14864674091585
2261.9285	3.1126905646965
2272.2524	3.1227121812856753
2295.8382	3.1455088029065936
2248.7408	3.1002173145206573
2273.7583	3.124393084907112
2320.4968	3.169492390454619
2388.0341	3.2346268890843013
2384.0799	3.2303952439462327
2401.5114	3.249337396303739
2390.2674	3.2372064478838865
2378.9506	3.2249966169087605
2374.629	3.22036687034307
2377.4093	3.2230856406118873
2407.2912	3.2555476565924786
2429.3073	3.279478660570791
2440.4994	3.2916702754479417
2365.4345	3.21031007822139
2399.0027	3.2422797968434094
2432.0318	3.2780444620339466
2423.7281	3.2691197271665278
2412.1374	3.256641061974748
2424.1307	3.2696616394032
2426.4633	3.2722369833040106
2394.6219	3.2378630877107417
2400.9593	3.2447684670593713
2403.7957	3.2478885373124116
2366.6506	3.207780245528682
2353.2907	3.195183648535843
2351.9716	3.1940112066979456
2329.1738	3.172460070470265
2287.2174	3.1327315194437215
2287.0727	3.1326733519938066
2298.8668	3.143942563476575
2324.0864	3.1679497148024502
2283.058	3.1291016636743683
2322.4409	3.1665467760384534
2326.2586	3.1702481127915583
2344.197	3.185020316957853
2350.4008	3.190197312674657
2328.8088	3.1726460830917094
2270.512	3.1250818644856326
2279.1594	3.1322569831830327
2289.1021	3.1404912590021095
2261.7393	3.1182213618772754
2233.5439	3.0952706680391273
2225.104	3.0884737766608676
2257.0748	3.114720153639899
2264.3103	3.1207408330358435
2265.7354	3.122010438825373
2237.6606	3.0991584007721666
2222.3265	3.086724262098783
2252.0037	3.1110952375589167
2308.3399	3.1572649101262797
2312.1356	3.1604729650001957
2335.9412	3.1800428416344735
2317.7889	3.1628230595976263
2317.2876	3.1625166025437608
2334.6716	3.1768537756193815
2316.1153	3.1617647718958337
2344.8217	3.185372197456118
2406.7256	3.2443169964175786
2417.1975	3.254353586765818
2435.7584	3.2720822537151006
2407.1927	3.2449968446769977
2439.7267	3.2760129599885106
2475.376	3.3099915129757655
2459.5531	3.2950236299794993
2473.8054	3.3086551536177784
2442.767	3.279218413062524
2425.6615	3.2630308870425155
2402.2019	3.237838002630955
2322.892	3.1525406920797527
2333.124	3.1623389628823197
2310.2005	3.140639071393993
2336.2127	3.165428756142599
2369.1244	3.2011555017453404
2366.2538	3.1980959471480976
2352.4065	3.183138178201753
2357.8737	3.1891164092016364
2350.6957	3.181387851529516
2267.4734	3.091230908302527
2271.7781	3.0954151279897117
2272.4683	3.0961500178292782
2301.9955	3.1244042127237193
2289.6174	3.1126679685684646
2326.929	3.148350869323065
2331.3211	3.152618526613246
2320.6829	3.1425426968602883
2269.138	3.0934293972233133
2328.3506	3.150012561034129
2342.9512	3.164022267938173
2341.9343	3.1631281197930523
2345.2317	3.1663511368029473
2313.72	3.136355655263335
2282.7451	3.1068724510212045
2270.9917	3.095732430277184
2299.7064	3.123211333700428
2305.1525	3.128484897631626
2296.1375	3.1199581650400052
2321.408	3.1441502693440357
2360.401	3.181437832904082
2373.7907	3.19592784618899
2398.6632	3.222799425836632
2391.0478	3.2146402724899974
2399.2251	3.223509922621526
2370.4096	3.192491339938581
2372.6283	3.194936017330722
2368.2852	3.190305305046548
2373.2912	3.195755453813491
2334.1639	3.1536179807751292
2329.4756	3.1492617873622564
2323.5898	3.1437730662146715
2308.759	3.12982462890614
2270.2834	3.0935141579882464
2212.9089	3.0393300824456477
2241.296	3.066254939140929
2253.5585	3.0779299819647155
2265.6108	3.0894062347960496
2274.6708	3.098052530043062
2243.2121	3.0683783218814398
2243.8727	3.069021361213853
2231.0451	3.0585945058673607
2283.5139	3.1017570786248556
2279.7317	3.098753891671907
2278.9444	3.098208657912766
2241.0113	3.067177496462715
2238.5607	3.065267192059848
2217.3397	3.0479518377005475
2223.2404	3.0528955467662
2244.5307	3.070469665423956
2243.1566	3.0694428887093883
2266.2251	3.088476410794394
2285.8699	3.1047000757551997
2277.061	3.097571507934824
2304.6773	3.12033748064821
2282.9865	3.1026366230372515
2287.1972	3.1061933983022696
2282.1169	3.1021249636420145
2261.8948	3.0856295079705593
2290.1323	3.1089053473554387
2279.5168	3.1002941426504185
2271.7197	3.0939960358050747
2301.7727	3.1187618994260236
2308.9071	3.1256054748143476
2304.7196	3.121710716788722
2331.2287	3.14693038223123
2348.4206	3.163313086792461
2326.356	3.142462680108114
2313.2798	3.1301373941592736
2261.1809	3.080800746303898
2280.1732	3.096427944699873
2292.4915	3.1065992595421092
2309.0536	3.120239823638136
2298.2337	3.110082057971671
2325.1149	3.13558632550013
2336.5705	3.146499296666446
2357.6363	3.1665027041618177
2366.0787	3.174565457630096
2377.8769	3.1858025181679475
2393.4509	3.2006111699741226
2391.0989	3.1984633601606163
2390.151	3.197643715585651
2402.6175	3.2095129562640805
2366.0937	3.170533748183063
2364.7046	3.169102019178589
2382.9688	3.1886732285137227
2413.9798	3.221866592112307
2410.7474	3.2184649927789937
2395.6098	3.2023406423230076
2382.671	3.1885660924880086
2390.0218	3.1964744770717024
2387.7172	3.1940644090953416
2419.824	3.2284288496456313
2409.4374	3.2159837507151505
2425.3941	3.2351701787142844
2450.6978	3.265579950762344
2509.3645	3.3360501031595815
2529.6144	3.360391566193825
2532.8337	3.364283663054818
2559.7216	3.396595660389301
2533.1109	3.3646696073490716
2578.8804	3.4196535521109084
2586.0503	3.4282893117480047
2592.0718	3.4355461406693175
2560.6531	3.3978469255341324
2573.9955	3.413894275936773
2613.973	3.461923529986384
2618.0249	3.4668153848492933
2619.2087	3.4682633918035606
2599.7814	3.44496277340632
2629.5969	3.4807900890348957
2659.8761	3.5171741912300747
2666.8075	3.5255235955708537
2661.8176	3.519558588336675
2658.3447	3.5154151099387447
2675.1288	3.535595078276281
2652.3308	3.508247131804514
2614.4655	3.462807237274495
2623.4567	3.4736299445047876
2601.2021	3.446934488163334
2632.1693	3.4841447209893146
2668.6635	3.527991460815829
2709.4786	3.5770264918918278
2733.3007	3.6056573047239837
2757.6845	3.6349625769081144
2776.7829	3.65792144589651
2785.6049	3.6685410049532696
2787.1502	3.670423121907911
2781.7142	3.66392249614948
2809.5801	3.697408885368155
2826.6641	3.717948989229128
2746.4511	3.6216604343479957
2766.1497	3.6453400044060653
2782.2675	3.6647199572490634
2807.6867	3.695268500281599
2763.8366	3.6426424402984083
2797.5602	3.6831624352531684
2843.1642	3.7379477357801627
2841.5999	3.7360960473520906
2849.3836	3.745468903723531
2872.4795	3.773227774410857
2886.923	3.790597341288138
2926.7028	3.83838928722082
2935.1389	3.8485455168773024
2920.1554	3.830580835360424
2913.3186	3.8223982464577926
2904.3851	3.811698062559822
2922.0237	3.8329041355270963
2885.7597	3.789387058083927
2865.0514	3.7645483758018288
2896.9826	3.8029161902276396
2871.1582	3.7719343926819144
2843.1659	3.7383495072628268
2803.206	3.690394615889703
2804.9073	3.692247076406659
2805.8149	3.693263622977838
2875.3501	3.766558252005789
2919.0965	3.8181641565006372
2929.2672	3.8301858936290936
2946.7975	3.8508842552900657
2967.7062	3.8755655940765816
2958.8567	3.865163418309778
2952.1657	3.857306014988938
2967.9209	3.8759116274837626
2950.6497	3.855580671458211
2999.8741	3.9136449004685243
2941.5907	3.8449624961560414
2989.931	3.9019844179729835
2960.5122	3.8673320235131494
2955.2078	3.86110937414901
2968.5596	3.8768815089951456
2961.0866	3.868102187399995
2970.164	3.8788350109343477
2968.441	3.8768346737850217
3012.7726	3.929130544819695
3069.5884	3.996144702578223
3116.5342	4.051522597460301
3149.0462	4.089883724081612
3180.834	4.1273910555392845
3212.4723	4.1647221360827285
3201.9071	4.152297279170026
3282.7546	4.247643695362805
3324.7291	4.297160676835115
3431.9547	4.423605636424966
3402.2204	4.388581323089397
3484.9839	4.486186623296475
3322.1788	4.294278105428325
3445.5359	4.439741354418648
3450.6997	4.445860268551194
3475.3887	4.47499847699466
3518.0572	4.525333672204477
3569.1121	4.585556040822617
3582.4769	4.601343558143954
3569.9189	4.586569316988577
3571.3831	4.58832659216825
3498.8571	4.502852906776823
3427.023	4.41819494147051
3402.8249	4.393310182583025
3490.7739	4.484091475657778
3566.9275	4.572169478108736
3543.907	4.545592345719799
3514.6842	4.511844739778183
3573.4819	4.579857602177382
3654.6299	4.673709640615595
3680.1953	4.7033026601607215
3683.243	4.706862978653339
3627.0515	4.641936884436511
3609.9161	4.622163535046443
3567.8895	4.57361348219136
3592.8609	4.60251979372575
3579.5579	4.587177089557548
3655.1497	4.674605631617344
3695.2903	4.72104905838082
3473.0615	4.464167328385657
3557.0899	4.5506467460434425
3689.6525	4.687033674094387
3728.6869	4.731699704591602
3715.779	4.716980802061574
3774.7591	4.784450490671375
3765.2033	4.7735640055273105
3727.6734	4.730695109533787
3691.8513	4.68977872158383
3643.7429	4.634815574498806
3590.2271	4.580434383541683
3671.0827	4.662788786308038
3646.7561	4.635018742806437
3621.22	4.609129874688964
3551.7317	4.53855049551901
3558.7899	4.545803465103111
3616.748	4.604811367035619
3655.3307	4.644118403621923
3676.1756	4.667991781855492
3723.4267	4.722059467520323
3777.7856	4.78425460654505
3806.6345	4.817280208882196
3778.5016	4.785149684038961
3845.9309	4.862290248132026
3871.5947	4.891673841017223
3932.8695	4.961777016920687
3870.0943	4.890034589716944
3917.5815	4.944372270240876
3905.6206	4.930733720251149
3870.7088	4.890851849544829
3934.1506	4.96343290836731
3951.9327	4.983804153099051
3953.2344	4.985330803396446
3984.9179	5.02159768125925
4029.4995	5.072612960602035
4148.2057	5.208386395643856
4209.012	5.277953897373521
4301.6797	5.383953482848606
4315.8887	5.400239070121304
4373.4976	5.466150497912797
4481.9475	5.590196330033418
4501.8857	5.613033009743684
4511.0926	5.623598932788176
4485.816	5.594734524731969
4525.8519	5.640552031612888
4611.4025	5.738413557878237
4598.7378	5.723970300740796
4705.2927	5.845849307436719
4763.5682	5.9125229906977745
4842.6024	6.002933318670901
4957.6867	6.134565320807026
4956.1206	6.132812830265455
4914.0293	6.084721595894691
5036.9822	6.225350998337449
5141.9369	6.345400270187412
5152.3342	6.357327403079381
5009.2	6.193698161081876
5119.334	6.319669739417486
5186.3157	6.396298603009132
5087.8646	6.283762489425745
5249.3031	6.468398469833642
5403.9609	6.645281027333494
5438.7748	6.685127468268552
5419.9956	6.663692608361005
5508.8168	6.7652939786910755
5384.3032	6.622956585226046
5467.9976	6.718695696203017
5470.8308	6.721973658086216
5519.1104	6.777217541375863
5314.8886	6.54373741200721
5263.152	6.492886136115207
5154.8992	6.386368276568103
5329.7916	6.5587391067313
5550.3613	6.776100579315386
5665.1394	6.902269352618316
5675.7465	6.913979661623468
5684.1059	6.923220302260264
5621.2568	6.854220209833335
5676.6924	6.915186097673
5856.844	7.1131843926247065
5945.2356	7.210360878944878
6125.0601	7.407999780101438
6248.2252	7.5433838531938475
6420.5665	7.732800555657908
6626.8028	7.959459583526689
6680.9892	8.019052937941165
6240.9392	7.5356012881876
6293.9139	7.593863289613904
6639.3315	7.9734485676223
6851.7341	8.206882875014536
6871.8148	8.229002423714231
6880.2018	8.238273458720013
6975.5004	8.343039104903827
6981.6123	8.349810370228393
6962.6832	8.329067701334118
7049.3456	8.424344288220139
7132.1322	8.51536232276442
7224.2644	8.616648892164239
7067.8356	8.444827677205886
6788.3894	8.137840410551426
6922.5986	8.2666848964453
6645.5906	7.969040352040617
6180.0311	7.522551909786738
6286.6925	7.625005080857273
6437.5464	7.769852907440395
6178.1612	7.521151140110321
5633.918	6.999180079647617
5301.2064	6.680135024961082
5631.7365	6.9973494425247615
5295.6058	6.67502440644366
4975.3161	6.367895931849098
4635.2585	6.0418037728800815
4588.1708	5.998989395155983
4349.6699	5.781527446212193
4015.7182	5.476975112614873
4362.9793	5.793969107531522
4697.1833	6.099049667963531
4954.8411	6.334288616067729
4974.9568	6.3527914592883965
4711.8463	6.112875504542984
4778.077	6.173454223416519
5054.5184	6.425831591070064
5134.0461	6.506820354499304
5204.1691	6.578244137255278
5248.824	6.623765762181723
5420.5878	6.798562681069132
5330.2106	6.706750798730697
4844.7753	6.2131476376162045
4734.7838	6.114560366514368
4962.1658	6.31883668047255
4799.3298	6.153055874597678
4743.5066	6.10310928878921
4626.3626	5.998130611578203
4875.064	6.221478420956649
4799.8174	6.154100420813297
4763.1945	6.121385116447033
4917.9309	6.260404454151917
5197.4941	6.511449110976493
5211.5926	6.525686290987846
5134.7812	6.4488095427887435
5263.6992	6.578123939802222
5294.4142	6.609014940067032
5359.8336	6.674688239239762
4935.0459	6.249054232714741
5051.6627	6.352575401213054
4858.8353	6.158692117214882
4571.8944	5.9042507683882475
4128.3529	5.510862879041035
3767.892	5.191189681375169
3655.7211	5.091816033007421
3858.3369	5.271742265042356
4104.6349	5.4904262864650635
4015.5468	5.411533283506031
3851.2126	5.265876907569654
3781.3288	5.204023272270292
3737.9917	5.165723661760587
3898.5718	5.299041850763919
4030.5192	5.408618650144529
3963.5204	5.353235050209042
3983.5079	5.3699779788268
3766.1446	5.18991652876497
3556.587	5.016327352493095
3806.5007	5.223718452872248
3721.237	5.153190197936397
3763.1659	5.1881263682587395
3887.1021	5.291060624890488
3922.8834	5.320899411705753
3851.4532	5.2618415492328605
3900.541	5.302713727478329
3779.7617	5.20273705192205
3839.4274	5.252380145698451
3758.1244	5.185136099983172
3777.8516	5.20166337699653
3934.5299	5.331746544171713
4000.7162	5.394661116785486
4176.7736	5.561797401610767
4210.5675	5.593985161931906
4153.5132	5.539996004153086
4291.0238	5.67056753703258
4365.8373	5.74166576667211
4367.6026	5.743471830301342
4446.952	5.8188727527410675
4197.7536	5.582619295446034
4335.0177	5.712957057021052
4448.3661	5.832553048957358
4481.5407	5.8676226160678615
4506.0098	5.893514069634747
4397.0567	5.77873984477173
4428.6489	5.812141126606675
4423.9262	5.807255981626793
4328.9521	5.7072196993045905
4321.2562	5.699199954854597
4559.8916	5.950884835010953
4610.1349	6.003949822966491
4737.9198	6.15377628764167
4818.9154	6.248760858252529
4838.1778	6.271387738638323
4896.0966	6.339323921371097
4885.434	6.326875615301435
4792.6335	6.218153200540771
4870.8526	6.309883446316274
4841.9881	6.276100643345937
4764.7018	6.185562487495436
4885.4282	6.327115696760941
4935.4392	6.385783148547301
4896.5052	6.34019786651681
4932.7778	6.3827625009227695
5010.1085	6.4734514784408335
4992.8174	6.453233925500455
4672.1795	6.0774625576767765
4698.5424	6.104996259493355
4709.4021	6.116397007587816
4758.5477	6.167638891357209
4851.6976	6.264672600306294
4799.3737	6.203917973665061
4845.671	6.2518969780993165
4747.672	6.138153661693016
4742.7249	6.133137771296564
4730.1529	6.120235445840902
4697.2698	6.086325333222698
4811.5121	6.204587209227658
4838.2219	6.23231412221698
4855.5434	6.252446634464326
4980.2628	6.3970884678632824
4983.5214	6.400917484708602
5070.1831	6.5014379961179465
5107.0962	6.544283601849359
5061.0275	6.490926146028851
5035.6828	6.4615945932907035
5066.93	6.497871579134856
4932.3325	6.341880281680014
4985.5973	6.403682880609583
5023.4174	6.447580021472843
4949.1953	6.361583585850277
4534.4075	5.88076004254607
4482.7447	5.827254731733044
4595.6297	5.944473586732453
4208.3515	5.542755453157594
4270.3716	5.607200192657791
3982.3778	5.3084931488373135
3991.9486	5.318519901845829
3861.0293	5.1827832189214735
3986.1576	5.31270497805414
3836.0848	5.157095877865718
3890.478	5.213627486764233
4038.1686	5.352300107804238
3989.1423	5.306438590684809
3829.41	5.156727148164455
3886.3969	5.210313415009106
3924.3307	5.24602655803966
3631.7779	4.971720270523102
3597.6812	4.939863810529463
3450.6763	4.802091608209821
3585.3366	4.928540985161573
3530.4041	4.877139125780338
3646.0243	4.973134811051764
3651.7358	4.978029320088703
3723.8562	5.037968891311294
3687.7161	5.008173447309668
3679.7448	5.001726588389953
3833.1849	5.129070521044106
3883.5525	5.170979671040111
3872.9311	5.16233623519042
3884.5579	5.172133913935182
3976.8389	5.248784307711872
3945.3136	5.222814074210427
3966.3444	5.240406585701956
3654.3998	4.9820022604041245
3667.6167	4.9931180081431155
3489.0276	4.8452494963411725
3569.2034	4.911866203804039
3752.4739	5.063936121454059
3762.4096	5.0723321989407895
3704.7443	5.0246951320537825
3766.2096	5.075803121801688
3783.1705	5.090022290888589
3707.6231	5.018996745218939
3633.6898	4.959111799699638
3630.629	4.956790784661634
3738.5268	5.044592350217246
3724.8118	5.031762273956939
3710.874	5.018721762826481
3810.2933	5.099561741089826
3925.991	5.208079479441463
4037.7006	5.312860955771924
4017.5754	5.294132320118537
4049.3035	5.3239827302741345
3979.8127	5.259005694586782
4008.1073	5.285639432974586
3977.2732	5.2568781496645425
3914.5085	5.198202526980102
4053.9082	5.328925690776837
4062.2827	5.336897220592605
4052.2932	5.326485841662995
4147.0874	5.426203651705515
4157.875	5.437629319316154
4088.832	5.3651518807963425
4053.0577	5.32764033358419
4135.7803	5.41467074656316
4109.0	5.38661203764974
4171.7964	5.452699741125127
4210.2105	5.493161302438451
4207.78	5.490694606577076
4143.8979	5.415716471112741
4160.5685	5.4353395893972545
4003.2391	5.250616767594345
3961.345	5.206744702712441
3992.6692	5.239698679857145
3972.3563	5.218471214262081
4014.5266	5.262805732834885
4000.5218	5.248197204718656
3990.6383	5.237913055307694
3986.7198	5.2338878304825736
4094.1689	5.346717704008879
4094.2399	5.346845098868506
4113.8905	5.369985210509233
3963.6989	5.193502767966665
3824.3732	5.047545077939506
3819.8512	5.042890436708186
3809.2462	5.03185952051442
3809.4648	5.032174053659668
3795.6236	5.01775092336792
3852.014	5.076945502791996
3844.6919	5.069355794373512
3761.8322	4.982586570093789
3773.6541	4.99506387263007
3810.2145	5.033472408845973
3854.0584	5.074140418451287
3814.9564	5.038105635999734
3805.4827	5.029469127391074
3820.8325	5.0437877360109455
3817.7631	5.04107351468981
3809.7091	5.033749879983324
3968.2447	5.180477138612299
3981.0261	5.192420704083329
4010.961	5.22374114068049
4032.2883	5.246080124874409
4037.4148	5.2515146563336135
4042.3205	5.256718804661239
4030.1987	5.244155893663287
3853.8192	5.060200979510634
3868.1333	5.073482195459229
3972.5894	5.169615166676563
3961.3543	5.158003766782568
3988.2795	5.186119422562415
3998.7529	5.197107823235088
3968.2781	5.165466819302603
4025.3699	5.2249876471258645
4008.0336	5.2070245849923005
3964.9449	5.162251812714496
4049.882	5.250761206896073
4086.8065	5.2892867531727745
4104.8627	5.308169330026533
4105.9422	5.30946931068149
4103.0126	5.306103393796155
4178.9591	5.394535660592785
4195.2216	5.413506046059789
4212.8371	5.434051093820989
4217.8994	5.439986384869562
