834.7291	1.0000328767123288
837.6456	1.002503379007627
841.904	1.0060992315199464
845.5831	1.0092092717610268
839.7914	1.0043768834152735
850.0127	1.0129733670359218
841.0054	1.0054443066580532
842.2701	1.0065295836612151
854.2914	1.0166355947465382
856.3908	1.0184208744150627
869.5721	1.0294996922247348
906.5923	1.0645796397291203
935.4832	1.0919600666660143
950.2363	1.1059501290898879
942.0682	1.0982307858571134
977.0423	1.1313728116900577
1025.5562	1.1773388197507675
994.5005	1.1479418972870004
1002.5584	1.1555907270266135
1003.3872	1.1563926446242456
1032.0248	1.1835331741014932
1042.4388	1.1942914642357918
994.2869	1.1446023541294568
982.4858	1.1324318586531412
988.0349	1.1381689603342204
1008.7558	1.1595652754131685
1036.9601	1.1886854046533408
1050.0692	1.2022253829637597
1041.3058	1.1931901813076364
1076.391	1.2294122702609347
1070.7769	1.223627545312323
1085.199	1.2384703384003724
1078.9152	1.2320176797969362
1009.2548	1.1603839202057797
1012.1315	1.1630489681959106
987.3135	1.1402405816661993
991.8453	1.1444279848691068
994.3328	1.146735053496544
985.5009	1.1386306004602642
987.7496	1.140718025268715
1011.898	1.1629486779050806
1025.8649	1.1758144431772464
1031.5989	1.1817390266268402
1028.3488	1.1783960444640529
1027.6147	1.1776484479510356
1037.0996	1.1874422822154478
1055.9324	1.2068789623020584
1059.0979	1.2101540083880333
1058.5741	1.2096233504407652
1081.3623	1.2331402337288782
1080.6188	1.2323829453946573
1100.1547	1.2525449136725626
1093.5963	1.245835043202204
1084.1311	1.2361466762816142
1107.6079	1.2602128368129906
1104.4675	1.2570052751146388
1108.7241	1.2613771640016669
1115.8075	1.2686455778019463
1116.0402	1.2688943174011318
1052.6368	1.2039373499197565
1061.3094	1.2128341644651408
1076.1239	1.2280243720908535
1079.6379	1.231635349554053
1052.6863	1.2040292825796683
1060.1097	1.210841594874683
1068.1447	1.219111259169938
1069.6726	1.2206918423817386
1083.76	1.235183173770797
1084.3228	1.2357716679880568
1072.3225	1.2234457149842906
1062.0027	1.2128472607833416
1022.4216	1.1721691663559253
1011.9296	1.1625654778685965
1006.6321	1.1577260351747185
1004.5751	1.1558586863472247
977.358	1.130915227689447
959.9202	1.1149410599410745
984.9738	1.1379387691092244
984.8623	1.1378557825930102
1001.6458	1.1532683999181956
1005.5286	1.156848872273664
980.0297	1.1334813061528266
997.2394	1.1474423136317546
1012.2017	1.1595838172018496
1004.5042	1.1533798364061776
1000.379	1.150068009736692
1004.1096	1.1531162800757546
1015.2399	1.1621553865974645
1014.1895	1.1613329401786023
1021.3542	1.1671614818340046
1023.8557	1.1692146758992166
1047.027	1.1880022450390966
1049.4398	1.1902119078639897
1055.2805	1.195533127503756
1060.5402	1.2003269665098177
1042.8418	1.184281402336593
1060.4158	1.2002531156465075
1062.9619	1.2025837848673628
1067.8445	1.207035331083471
1052.8311	1.1934269872944323
1055.335	1.1957193557727719
1060.9008	1.2007910574879468
1066.6416	1.2066489301085321
1056.8103	1.1966439117565764
1056.9244	1.1967700135861612
1073.1227	1.2132806709132058
1085.7736	1.226177685271189
1088.2921	1.2287530890517049
1090.194	1.2307003793191633
1096.2754	1.2369052179486497
1086.4178	1.2268734141534343
1085.8906	1.226346246093877
1077.8956	1.21823011624039
1087.9795	1.228489587882366
1099.024	1.2397254251759882
1110.8059	1.2517107650893444
1133.9972	1.2752927504419374
1137.056	1.2784118334362011
1137.5374	1.2789112184302884
1127.1134	1.2683262310052021
1131.6062	1.2729028504818525
1123.9415	1.2651224487834485
1121.4612	1.2626201763384226
1137.8414	1.2792245555397068
1141.6007	1.2830433186196821
1138.728	1.2801435274763622
1108.8994	1.2499360322980637
1135.2047	1.2765950486649689
1135.3391	1.2767416061321835
1136.5454	1.2779740539581212
1120.6229	1.2618541524851694
1122.6014	1.2638688801021796
1135.4869	1.2769355712281258
1143.5897	1.2851561663443083
1141.9133	1.283467934570996
1148.2012	1.2898495740701221
1154.0616	1.295798047716346
1153.9277	1.2956727650440771
1144.3718	1.2860005903310414
1161.6737	1.3035422288255818
1141.1383	1.2827450175553288
1113.8838	1.2551396424132404
1126.5345	1.2679794436860439
1152.0699	1.2938860378505412
1145.5771	1.2873117967599819
1163.3094	1.3053050159026254
1175.9636	1.318148370030964
1187.8259	1.330188633540907
1198.8578	1.3413867623342
1206.4821	1.3491291343277243
1212.9031	1.3556512016238207
1228.7111	1.3716929308326693
1227.4738	1.3704610518527631
1242.563	1.3856329079008023
1271.604	1.414822565226803
1280.8951	1.424168894650565
1313.7063	1.4571465891292132
1323.9677	1.4674678105056265
1309.8341	1.4532786298812368
1303.8674	1.4472949845012808
1257.4514	1.400670690688034
1307.3463	1.4508129059119788
1314.1241	1.457594259237971
1317.0665	1.4605449505916317
1338.6019	1.4820656789776294
1359.7072	1.5031568395542294
1389.6375	1.533062101480139
1394.8801	1.5383101558109307
1410.3427	1.5537655885466852
1392.7162	1.5361727901362203
1384.3812	1.5278600169079233
1409.0497	1.5525099825104973
1403.5743	1.547093160189332
1427.0972	1.5704319855085989
1415.7869	1.5592290908497997
1449.5112	1.5926839544876588
1461.2643	1.6043514708681503
1474.4288	1.6174185779150856
1522.0564	1.6646604039792745
1564.7432	1.7070027749632812
1603.9025	1.7458471645855815
1595.1082	1.7371392237621877
1550.6074	1.6935366004882797
1630.5848	1.7719397253027318
1678.5862	1.819001975833503
1653.6207	1.794546635424991
1668.848	1.8094857651382565
1725.1941	1.864726972262409
1796.1405	1.9342784815343972
1806.541	1.9444866872722635
1825.2535	1.9628417967612946
1758.4696	1.897398682992311
1789.0554	1.9271163047295647
1838.6967	1.975338821176039
1825.1704	1.9622189597452722
1719.2134	1.859339174487048
1728.2465	1.8681268642434472
1672.5308	1.8140366647226722
1666.0814	1.8084704390062014
1699.8691	1.837817330492095
1735.4707	1.868738117648265
1765.7152	1.8980637645442597
1761.6945	1.894182619402188
1818.356	1.949109282639457
1847.5122	1.9773802494703527
1892.7006	2.02118820411454
1950.0917	2.0768219347611825
1962.6274	2.0889857906387936
2004.4292	2.129511756665769
1826.5634	1.9571553655276714
1897.1541	2.025580983044096
1848.9214	1.9792496223430818
1876.7981	2.0060536914628884
1863.0814	1.9928896222760109
1885.1532	2.0141156203519657
1934.3635	2.0614196840706507
1967.4681	2.0932473786963492
1961.9891	2.0879991272096317
1980.9224	2.106209267514301
2001.3391	2.1258448453966263
1977.7578	2.1032016446151394
2015.0339	2.1388953114677274
1983.3287	2.108568041663212
2018.7631	2.1424990486988547
2042.1212	2.1648720167226996
2069.5432	2.1911344821652463
2077.7656	2.199021308055061
2090.4841	2.211211283316403
2134.1003	2.2529729720204914
2156.3018	2.274238983133826
2152.7859	2.2708912688628757
2117.1543	2.2370821664550746
2124.8176	2.244376181946386
2175.4551	2.2924688506212707
2206.2659	2.3217385380488325
2225.7449	2.3402500939738373
2256.6045	2.369566113993785
2280.9285	2.3926773971770787
2326.5596	2.4360171201339336
2354.563	2.4626215385193335
2384.8105	2.4913564519491156
2432.0334	2.5357763345632653
2423.2295	2.527519305245779
2491.8245	2.5920334365777165
2531.1584	2.6290360137487925
2565.8223	2.6616478155719587
2441.9038	2.5451589853532988
2554.6775	2.651210344240562
2662.6802	2.752775966649674
2678.5886	2.7677536812868944
2677.5464	2.7667942872982456
2712.311	2.7991480633121086
2699.519	2.7872742616905737
2744.2964	2.8289399331268714
2848.9771	2.926315601750414
2861.5015	2.9379860265974753
2882.4983	2.957535774893048
2869.6846	2.9456418016460333
2890.4812	2.9650053679277555
2795.0479	2.876275272044583
2869.8296	2.9458449186641484
2935.7014	3.006724067068286
2940.5273	3.0112066359761664
2999.2437	3.065475350982042
3044.1614	3.106996291158647
3109.29	3.167188850400201
3097.6194	3.156431317672285
3147.6848	3.2027079096959823
3214.5708	3.264524029519152
3282.6885	3.32747804379505
3050.2522	3.112768561743196
3019.6184	3.084658657342406
2880.1553	2.9565949278583274
2654.4648	2.77129924952782
2716.3667	2.8221836814884798
2752.7961	2.852149283157683
2860.8347	2.9409226614469492
2897.3096	2.9709256371669612
2966.8245	3.0280621249729855
3044.3606	3.091785883575903
3123.2249	3.163894864232611
3089.4182	3.133020269224553
3101.7402	3.144308243098142
3194.188	3.228832824348289
3230.3083	3.261872930973047
3152.2109	3.1905157467833223
3165.4724	3.202662451056858
3031.8625	3.0805657208511876
2881.1841	2.942868037770169
2920.2795	2.974862335662583
2999.6868	3.0397965949747867
2848.9597	2.916681737722621
2754.3779	2.839444746633392
2760.4216	2.8444316112312817
2809.459	2.8845498094721806
2746.8796	2.833462867750675
2591.6316	2.7066538791893313
2722.426	2.8135779730048247
2804.9187	2.8810334289722364
2758.6067	2.8478063571900334
2775.2383	2.859835444666693
2791.7754	2.871796592925536
2789.4084	2.8701657877166755
2702.0237	2.80740766047651
2763.1792	2.851449246755742
2775.5237	2.860395958624925
2781.9294	2.8650727069675184
2895.5549	2.946839994875587
3032.2051	3.05814483800042
3038.0762	3.0629733527467082
3112.2461	3.1234086597811057
3157.769	3.1605204619715423
3182.2007	3.18046045994976
3252.5361	3.237773846631666
3291.1372	3.2692501434948977
3153.1858	3.156982813524471
3263.3955	3.246760644313059
3357.9233	3.3237707570534183
3430.3716	3.3883383786015226
3435.0791	3.392559358655558
3390.5125	3.3528846893200677
3452.5203	3.4081514363934886
3404.4961	3.3653965812449473
3396.7952	3.358563592558742
3460.4612	3.415307547771248
3456.7722	3.4120485500087105
3424.3484	3.383191263086119
3367.7742	3.33281968296413
3533.2041	3.480188671583378
3585.4617	3.526759757978894
3637.2507	3.5729134839142036
3689.8472	3.619786419079255
3733.0925	3.658330627961812
3735.8879	3.660847779858316
3741.2141	3.6656190132885174
3693.9543	3.6235540655171135
3763.9858	3.6859556480550317
3804.9426	3.7224615955455715
3890.7791	3.798070405433324
3854.9917	3.7665905413428877
3864.7783	3.7752381493065506
3903.8408	3.8096629087185447
3819.8743	3.735761817090402
3883.7395	3.79202512080432
3685.7551	3.6177323677052295
3732.8308	3.6592126828617633
3823.9597	3.73948142027166
3864.2683	3.775003373867501
3940.2336	3.841823846895213
3939.093	3.8408520500316428
3894.1179	3.801340528326205
3944.2568	3.8454541818365016
3920.7708	3.8248360951998954
3943.9827	3.845275268201595
3905.9512	3.8118686387248015
3843.9109	3.7573532365878015
3887.5906	3.795787910116373
3988.595	3.884623031299286
4025.3083	3.9168356142143
4048.6301	3.93731002217693
4052.4971	3.9407315337521243
4072.532	3.958324849560582
4038.012	3.9280986478598545
4076.0029	3.9614311106549556
4116.0049	3.9965263844929946
4085.3821	3.9697162400765924
3957.9939	3.8580874111729226
3958.9578	3.8589642595496065
3857.7544	3.7702134512209255
3889.3213	3.7949558893117525
3890.6287	3.7960400562874828
3691.928	3.6407486479995885
3707.1091	3.652679925302935
3776.8704	3.7072845316871135
3844.3313	3.7600905840832595
3930.7908	3.827750625494023
3859.4529	3.7652609972635505
3766.8074	3.693015340244894
3724.0388	3.659697391508796
3706.2698	3.645891025540638
3721.2622	3.6576541378127176
3555.1064	3.5280355060275475
3515.4631	3.4971567980210683
3465.02	3.4578491147749686
3448.866	3.4453032423369883
3587.6594	3.553690039170127
3542.9624	3.5188670620099183
3510.6895	3.4965164379628426
3528.0784	3.508692659543235
3579.1338	3.544275164472534
3531.5063	3.5112494394062956
3374.0239	3.4018482701145105
3431.5769	3.4419481837676744
3396.4741	3.4176301446280273
3343.5522	3.380923572783048
3307.9307	3.356244927253317
3425.2043	3.437864981708704
3359.5952	3.398467039718512
3387.4402	3.41534882927358
3418.7214	3.4342999689144538
3504.564	3.4861089639750578
3511.429	3.49035625201562
3563.8667	3.522048240362386
3639.573	3.567753003042209
3654.2751	3.576719960063201
3628.3059	3.5611939456778963
3502.9712	3.4858282680457453
3570.6567	3.526702799398617
3512.1592	3.491587691725693
3491.5034	3.4792615385729952
3571.45	3.527519950455532
3629.8254	3.562787811087552
3678.5232	3.5922276580644015
3749.9006	3.6353255730993084
3763.8784	3.6449007154017457
3812.0542	3.677683041487045
3874.9688	3.7204673028821755
3858.7986	3.7095836698572775
3919.5815	3.7509213485881547
3962.2092	3.779938696386858
3996.6794	3.8034202733934057
4054.1118	3.84248428441256
4008.6497	3.811722850622985
4085.1641	3.863736152377772
4119.8052	3.8900104259850656
4132.4399	3.899633834261093
4165.583	3.9247746751253016
4160.5225	3.921009239483372
4050.7422	3.838008866774205
3952.1436	3.76346899438148
3987.5918	3.790353981555824
3802.3901	3.6502869544444763
3508.2954	3.4278273900701333
3670.345	3.5387448366290104
3731.3491	3.580552781060951
3760.3601	3.600479229209208
3504.635	3.4256620085691685
3537.8093	3.4484359365491954
3516.3533	3.433845780909782
3430.9375	3.37551068189124
3357.7458	3.325536195192687
3629.1541	3.5112489734316457
3622.1616	3.5065510761693153
3562.4019	3.4657633521979876
3616.6833	3.502973412767197
3577.8462	3.476495598882786
3661.7639	3.5339752563070808
3738.1223	3.5862847793935813
3670.7041	3.5402591016096987
3663.2463	3.5352430136710353
3548.2529	3.456678555729904
3422.1687	3.3705286136227963
3425.9983	3.3732325011561057
3513.6812	3.425142868647823
3505.6294	3.420497104839468
3548.4241	3.4458893801781314
3639.8948	3.5000374521467386
3567.6526	3.4574706559710795
3552.1099	3.448399611663798
3591.2888	3.47165585690083
3532.446	3.437004904895147
3398.1785	3.357796137898264
3413.3816	3.366888489667656
3315.5903	3.3092283861700267
3219.6904	3.2519076496478694
3190.1929	3.2343519148035442
3019.1152	3.1320110663084977
2853.3008	3.0328221472639756
2953.207	3.092759680315179
3042.5901	3.146395477268306
3068.4519	3.161991633500125
2952.5198	3.0926747021118555
2987.0046	3.11343474881388
2989.1145	3.1148071367995867
2855.0786	3.031106265650189
2971.6147	3.104070553191808
2870.1191	3.0407148730760403
2700.4099	2.9347100071558785
2650.0974	2.9033555573128624
2720.6165	2.9475486661818504
2868.7786	3.040286522159954
2906.4688	3.0639540322713326
2753.9321	2.9686859719101024
2809.6975	3.0036546575114595
2837.7561	3.021750721300247
2655.0835	2.904679840101902
2703.7449	2.9359909433453453
2638.0576	2.8939566489462756
2562.3445	2.8454916260759946
2465.605	2.783539883100749
2461.7563	2.7811700535699786
2468.0205	2.7852868363266947
2581.8821	2.8584186222307606
2816.5305	3.0090253403833502
2833.7178	3.020141443425567
2789.9221	2.992167036885722
2820.217	3.0116852169283916
2946.6946	3.092857169890899
3019.1013	3.139369316378876
2992.9209	3.122686469461925
2854.8279	3.034266893021059
2930.9792	3.0831793779770242
2906.209	3.0674005032550524
2936.9211	3.0871861682750974
2909.4436	3.0670439366440503
2991.9451	3.1278258986168943
2970.1807	3.111887463628727
2951.6108	3.098299595609639
2936.8828	3.0875386611291136
2780.8669	2.972815990306418
2836.7874	3.008781971244258
2789.8723	2.9740244648794665
2767.6406	2.959902747246016
2683.1226	2.9059424443140287
2695.8599	2.9141870700255046
2770.3989	2.9619603448034235
2702.9722	2.918931737158911
2724.3125	2.932678903886674
2742.6458	2.9445027881366688
2730.2151	2.936649889778745
2682.0149	2.9059186688450946
2659.4475	2.8915823083562326
2643.9175	2.881546035160916
2425.5981	2.7392156204052234
2372.7793	2.7048531895901897
2335.4204	2.680576374219982
2252.7292	2.6267260383267264
2229.855	2.61189865293357
2139.335	2.5529410418750054
2250.9656	2.6258608527021225
2083.8157	2.516912047496417
2139.811	2.553536955741475
2094.6201	2.521263853710958
2144.9851	2.5574095643505848
2238.4973	2.6244490299098304
2252.1694	2.634322337910021
2122.6404	2.5416624942425985
2113.6631	2.535318660440701
2053.7485	2.492503310222487
2064.2075	2.5000760399596773
2122.0725	2.541591860244517
2112.7629	2.5350101245407437
2221.668	2.613495695373784
2240.6165	2.6272203218581067
2318.7688	2.683566557194318
2283.7444	2.65843538976931
2268.8818	2.647818976817494
2294.5195	2.666359274637882
2210.1504	2.605704222813298
2122.2349	2.5424960773767227
2103.2764	2.528930999023409
2178.1821	2.582940011866646
2253.7065	2.637394441912999
2252.3738	2.6365184316618713
2237.7495	2.626073628879838
2304.0649	2.6738983980754636
2279.1467	2.656042893667796
2302.4583	2.672908669755934
2257.5042	2.64062906852566
2244.2021	2.631136169375797
2178.0352	2.583585205382863
2208.052	2.6052781714511406
2156.8218	2.5684803499076625
2103.7373	2.530347600025595
2115.1619	2.53865581494494
2118.1353	2.540879905592746
2004.8966	2.4594413687131196
1888.0345	2.373508170322191
1871.2091	2.3612050296340152
1868.9642	2.359633586656002
1870.9609	2.3611840968162383
1872.623	2.3624883378563752
1761.8535	2.2810395114387405
1787.8885	2.3002829608050392
1927.1768	2.402884287095696
1858.3785	2.3523275592219024
1825.9785	2.32856109284867
1824.4906	2.3274991903920053
1760.4016	2.2785384326047624
1755.5468	2.2749003791001967
1760.803	2.2789987037716264
1805.5679	2.313326883001433
1748.1185	2.269446401080844
1738.8132	2.262403098984839
1716.3032	2.2452563050336423
1721.2094	2.2490868607480303
1662.0713	2.2039143051868972
1608.1196	2.1610626389603094
1618.4464	2.169351133386207
1625.1553	2.174761222391281
1579.8145	2.138760430198615
1582.6263	2.1410699874379606
1533.5214	2.1020744786531886
1486.5234	2.0647552313694355
1453.3866	2.038463999600678
1590.3312	2.1474900121689933
1679.5824	2.2185710280280952
1601.7056	2.1569231923870964
1618.7	2.1704649440492703
1675.3915	2.215468392168841
1686.1022	2.224030048349797
1608.1893	2.1623536258606446
1593.7	2.1509431902884626
1540.7529	2.1090532697825477
1521.5822	2.0939326316629794
1445.8997	2.034023922855055
1497.361	2.074882250376983
1456.8213	2.0412451251685213
1443.6514	2.0303636852791853
1371.4117	1.9703706955792222
1382.613	1.9797518636868374
1428.9537	2.018348484051269
1418.5533	2.0097696722012586
1384.9044	1.9818616995143006
1386.801	1.9835068169758883
1352.1517	1.9547671073047472
1254.2893	1.873471043415785
1290.2927	1.905798555555681
1251.1436	1.8707750879779295
1276.6953	1.89373589206848
1251.954	1.8716245735147239
1242.5164	1.8632282963279478
1224.8977	1.8475001970327756
1269.8339	1.8878332334075743
1242.4136	1.8633210397554603
1263.4465	1.8822321669033997
1356.4547	1.965646906247263
1341.7775	1.952554977739723
1362.1101	1.9708385176161591
1418.5471	2.0214784964094417
1473.3234	2.0706301760830605
1517.0703	2.1098974131809984
1406.0109	2.010428661798551
1495.3405	2.0905467088597165
1484.1514	2.0796482854423717
1473.2891	2.0690696820262753
1412.4614	2.0095935228810164
1407.3141	2.005265568308459
1415.0844	2.0119648055903556
1436.2472	2.030096635949734
1410.1641	2.004339262835394
1445.2114	2.034293884401578
1454.6228	2.043617350988056
1516.3572	2.1044960829134256
1534.5244	2.122446883322652
1562.1953	2.1497619394467997
1625.7947	2.212478318476223
1584.543	2.1718820886432506
1627.9438	2.2146962512935318
1585.9695	2.1733880324666996
1518.5996	2.1070568490564465
1535.2996	2.123562006658177
1553.1232	2.1433191992362253
1562.939	2.154215552233162
1594.6024	2.1892868552155504
1603.7252	2.199416391126476
1585.9991	2.1798369120917993
1502.5857	2.087572701507966
1475.2223	2.0573293009245734
1466.4025	2.0487700302194227
1460.0336	2.0426033630015263
1457.9377	2.040608056142953
1444.764	2.0277984661631665
1430.793	2.0142105460946116
1486.1136	2.0682659591321877
1533.1956	2.1142787516971877
1530.2023	2.111011295250475
1496.3386	2.073687583854041
1526.0046	2.1025173700554833
1532.6343	2.1098594116127694
1495.7859	2.06927842329277
1557.2196	2.1288208490164027
1562.3286	2.1344433125455122
1584.4375	2.1586577573981938
1596.2539	2.1716157896090826
1609.8495	2.1865196507341063
1605.8326	2.1821615649361705
1626.0684	2.2043275013149213
1618.8582	2.1964770616238503
1648.2607	2.2286681856018857
1689.7445	2.274072053074866
1731.1626	2.319404070474849
1715.0173	2.2999548720562397
1784.7722	2.384085515816321
1834.1404	2.4436335508980127
1865.4177	2.4813672898091745
1870.326	2.4873048666338065
1874.5706	2.492442144907616
1939.6035	2.5708789330744573
1985.515	2.6262588316227182
1918.4017	2.5453516128591356
1835.2311	2.4450822454629173
1860.3833	2.4752616379833263
1904.6025	2.5283037358535965
1959.897	2.594625916262513
1873.5916	2.4911596388186235
1876.9362	2.4951901578312174
1772.6082	2.370113490674087
1711.6703	2.3049695243273147
1737.5874	2.3327310130395573
1730.1986	2.3248664651293676
1841.6871	2.44416039456866
1857.4594	2.463019203714375
1843.645	2.4465391253419635
1772.0095	2.360996481840979
1807.3876	2.3987450542909445
1794.2286	2.384757599243082
1793.281	2.383786363128439
1782.4777	2.3723098713888486
1810.2043	2.401902669814204
1874.5575	2.470536017767028
1887.0389	2.4853609766016738
1927.8315	2.533766905080709
1923.4618	2.5286041503975327
1968.694	2.5822760570031145
1981.022	2.5969190690653807
1937.1666	2.544920861084546
1995.1011	2.6136594434690505
2011.5227	2.6331580318514267
2006.582	2.627318002834906
2026.4078	2.6508544428710854
2057.6682	2.687680319805557
2073.1357	2.705912600925364
2063.1602	2.69418984683369
2074.1763	2.707181324566492
1997.9828	2.617497538006904
2030.7097	2.656049991587832
2093.5957	2.7301099325735843
2136.542	2.780694088245828
2160.8674	2.809355133320693
2177.2383	2.8286510368539615
2180.7097	2.832733300291969
2152.6477	2.7999444127932556
2202.3171	2.858044753564277
2184.1729	2.8368524855306627
2096.0049	2.733783281533945
2109.4617	2.749541213024833
2092.3784	2.7295894324390124
2033.5148	2.6607850775341366
2044.009	2.6718138600026364
2106.6289	2.7374064130831144
2126.0664	2.7601607296923127
2197.8037	2.8440787524608426
2212.7683	2.861602094198826
2243.772	2.897882885612165
2239.551	2.892969006329404
2253.5981	2.9094193533621215
2192.4109	2.837884500022743
2243.9802	2.8982164094970404
2262.6072	2.920022875284693
2254.4841	2.9105455673316056
2261.9434	2.919236469930147
2274.1082	2.933394707331881
2295.6641	2.9584644905115582
2275.3721	2.9349110904854236
2228.4836	2.8804551490621297
2225.3162	2.876798870789149
2233.5203	2.886355170268055
2219.7119	2.870335090017422
2241.2397	2.8953722355347873
2305.3772	2.9699177056174104
2313.6648	2.979551016768452
2356.5671	3.0293176883038613
2363.4028	3.0372676255089566
2352.8701	3.025080102265356
2354.9443	3.027509412482731
2368.084	3.042768409122446
2392.5452	3.071153906536511
2375.4102	3.0513114796212535
2330.6055	2.9993879450602656
2373.0356	3.0486071493047846
2370.2083	3.0453632312472796
2406.8809	3.0877898099452254
2436.4673	3.1220231988336145
2450.0464	3.1377486616669
2444.9011	3.1318246385643795
2442.7095	3.1293157385776036
2473.3696	3.1647905669543506
2471.8921	3.16310732634987
2480.6362	3.1732424855383123
2513.2686	3.2109977288243994
2500.6418	3.1965051139391596
2547.8818	3.250850723667291
2579.7644	3.28753753106272
2611.188	3.3236965565453307
2643.4385	3.3608064004453837
2626.626	3.3415008425221533
2635.5596	3.3517996043351674
2675.8687	3.39817568743851
2680.2454	3.4032346730150684
2668.1433	3.389345407306013
2730.0032	3.4600958948541907
2755.821	3.489640496877017
2754.8064	3.4885083963304453
2764.6948	3.4998413818189604
2815.5415	3.558000806317376
2768.6079	3.504370851457557
2816.3367	3.558965675876941
2849.4561	3.5968579991967884
2852.0144	3.59981070535971
2911.2957	3.6676131749135026
2928.2188	3.68683087457742
2775.7808	3.5140255192500898
2828.9719	3.574364191129895
2907.0378	3.6629061255629916
2953.0107	3.7150607457685116
2959.762	3.72274558435909
2938.4719	3.698636847306158
2884.1853	3.637116400032003
2802.2051	3.5441967157166294
2804.4341	3.5465103472935926
2817.3872	3.559674958128902
2693.9119	3.434797119341676
2714.854	3.4560452558581813
2625.55	3.3657429997889956
2463.0603	3.2013892045805052
2494.3069	3.233063765741827
2377.771	3.1152074494212756
2471.5894	3.2101940933764492
2523.7246	3.263004397346694
2551.7378	3.2884382696799515
2477.8884	3.2216811551209252
2535.0442	3.2734906215839925
2538.0938	3.2763311469531793
2460.324	3.20602588469552
2290.3669	3.0522862893093987
2294.5708	3.056171536542219
2321.7961	3.080892364369161
2439.8274	3.187797389636945
2464.2466	3.2099785630782893
2487.3386	3.228132166560477
2535.074	3.2655463800837485
2550.4365	3.277658837022188
2526.4753	3.2590369839146325
2581.6362	3.3022547893459437
2629.2842	3.339600728144243
2641.1228	3.350208881459306
2618.2334	3.3299400607046206
2669.7319	3.375810205566716
2579.6609	3.2958096264121037
2597.3918	3.3116567043554266
2539.2256	3.2600229867668413
2480.3601	3.207767521955333
2482.1772	3.209282979933806
2462.6953	3.1942712720502424
2398.6887	3.1447101814180543
2381.9404	3.1318196554482416
2406.5757	3.151041161242709
2524.8125	3.2428937065909302
2521.8665	3.240324958636805
2559.8716	3.2745748107653205
2582.9204	3.295377657539663
2590.6694	3.3024246626441114
2591.2881	3.30306091570277
2652.0996	3.3578157273516163
2691.3518	3.393186863499188
2680.6519	3.3836467324128785
2669.231	3.3734583663187836
2716.1458	3.415718864718265
2716.3091	3.4159393012826884
2644.3188	3.343569703244795
2656.7363	3.356118471653745
2598.5413	3.2976276271925236
2631.8694	3.331213487862529
2712.1897	3.4120757973029736
2747.9316	3.4480900676834088
2763.1917	3.4634986533566403
2783.9746	3.484463449693894
2792.7505	3.4933486232863884
2805.3755	3.507590268021061
2812.5911	3.515742138016517
2812.2412	3.515376945883689
2814.8062	3.51829328294711
2832.8015	3.5385806963483644
2908.8071	3.624174762839518
2916.7578	3.6331542031736968
2932.8501	3.6512992703800773
2950.7432	3.6714716388348907
2944.5063	3.6644790151227045
2976.0454	3.6998348976001916
2867.0957	3.5778345447642868
2934.5142	3.6533776029719562
2823.1077	3.5286254855160655
2757.782	3.4554867469926918
2855.1345	3.5531292973471604
2901.8079	3.6054337836107706
2934.136	3.6416712060337484
2932.4329	3.639792903430211
2950.3362	3.6598742225833023
2972.4902	3.6847164259920087
2947.2083	3.656429331787254
2901.2964	3.605036165063741
2917.0291	3.622686371852584
2912.7725	3.617948104872519
2946.9395	3.6562451568381342
2931.4055	3.638929585348417
2912.1089	3.617412610353284
2841.1541	3.5382128997860702
2774.1475	3.4715140731224507
2787.9209	3.485294332059233
2724.9814	3.422647464320688
2753.5435	3.45116134240763
2831.748	3.529132698929296
2828.4138	3.5258691056990603
2871.1904	3.5685445467124115
2890.7117	3.5880513224393695
2924.0989	3.6253780257203205
2939.7869	3.6429327582569395
2917.8525	3.6184590917461454
2941.4729	3.6448752013943073
2921.8748	3.623011446446347
2860.3718	3.554335264072155
2872.4092	3.5663599555533283
2879.4717	3.573439151393706
2929.6306	3.6233600705222972
2849.6272	3.534336640364096
2896.4685	3.580871814470191
2909.5247	3.5954283577484203
2928.5186	3.616591544710921
2930.5088	3.6188353972987355
2834.6848	3.5122453048104716
2848.9463	3.526439324260957
2810.123	3.4880146334429263
2777.9014	3.456133684389693
2703.8921	3.3828319364366397
2671.957	3.3512349814037434
2685.3835	3.3646013558920176
2687.7942	3.36704865394337
2649.4207	3.3290698423581064
2640.9209	3.3207024441861677
2699.0854	3.378414037653548
2699.5786	3.3789294739360214
2648.3767	3.3341506051245187
2645.0698	3.3313364761894015
2653.5195	3.338823274455709
2686.8813	3.3681376111644807
2688.6826	3.369799215255588
2719.0105	3.396455317337904
2707.8972	3.3868013961128094
2695.8149	3.376298461458622
2737.2981	3.412728656258635
2776.0027	3.446724298829362
2771.115	3.4425251631681384
2804.8689	3.4721831056160886
2796.9819	3.4644294480137994
2819.6604	3.4869457339836067
2746.6982	3.4147461474789504
2753.2737	3.4205526951918173
2775.3411	3.4398411220197502
2790.0388	3.4527160523564735
2767.6985	3.430655636646918
2765.7578	3.429056333983107
2729.1772	3.3974009112294574
2696.2683	3.3689313326186525
2715.127	3.385379141274268
2773.3787	3.43600722335703
2770.2295	3.432942408472098
2790.5957	3.4531846451208024
2799.6973	3.462262093960888
2781.646	3.4444272298338077
2789.1377	3.4519090521308438
2754.7568	3.417889282175341
2792.1946	3.4550518828272354
2847.2852	3.509710879312637
2854.9307	3.5173451574760057
2841.9175	3.5045037822219083
2879.197	3.5459066001664357
2888.1436	3.5558646372677303
2887.6794	3.555378261733658
2882.0188	3.5491247531356236
2859.2031	3.523831953347342
2888.3198	3.556175439527328
2877.9897	3.544739573531892
2891.6836	3.5599663343400634
2903.678	3.573306936585192
2890.3345	3.558526707380202
2865.4258	3.53095553532487
2729.0161	3.379834182205237
2732.186	3.383030429483233
2790.0979	3.4404642163286354
2769.5701	3.4201811546078087
2753.281	3.4040977364810794
2741.5742	3.392554395565175
2685.8318	3.337381261323749
2675.7263	3.3274244730536937
2636.4863	3.2886016730671805
2623.2981	3.27559060199922
2595.635	3.2482380263234303
2626.0454	3.27495751730335
2525.6462	3.187088291162965
2480.2161	3.1473717990215784
2479.5588	3.1468761199542317
2426.5657	3.1005344810746305
2425.708	3.099863265521526
2482.4351	3.149636127453479
2474.2952	3.142585744922366
2342.5325	3.0272422553791243
2376.4202	3.057007907509256
2373.8977	3.0551614576036377
2342.7744	3.0312399119611966
2379.2729	3.059511259656539
2467.0898	3.127391962799372
2425.8643	3.0956732084528236
2429.6675	3.0987091977396224
2465.9141	3.1267861532018033
2466.4604	3.1273083689761743
2405.4834	3.0803447448659975
2377.688	3.058991855672959
2386.0808	3.06557030109001
2371.7124	3.054580859572013
2379.9822	3.061064385795815
2346.9521	3.0356712039872997
2351.731	3.0394797751420866
2418.7344	3.0915790178242126
2400.9795	3.077899764595931
2403.2544	3.079765077234219
2389.9202	3.0695166198567696
2334.8423	3.026872073285848
2405.1104	3.0815049977382607
2412.365	3.0872349466310176
2396.4272	3.0749659422278217
2398.7239	3.0768482224657223
2379.6174	3.0621200966021664
2358.3433	3.045709766285765
2251.0808	2.9625662944686244
2221.4492	2.939265445544054
2196.7825	2.919885080174815
2199.1772	2.9218734426340216
2184.6946	2.910534849415252
2233.575	2.949230120327513
2250.4587	2.9626595771713804
2246.5378	2.9596609315634574
2302.0532	3.0035954770957733
2324.6489	3.0215353723449176
2289.8896	2.9941855668161867
2306.3728	3.0072988135425316
2261.5134	2.971973597522738
2265.5232	2.975237385012621
2316.978	3.015965573044366
2370.1404	3.0580421555730144
2376.3601	3.0630509889417095
2405.2024	3.085923503345335
2414.2734	3.0941463886048477
2433.4854	3.111477056317728
2423.9746	3.1030113754664437
2478.6392	3.1521825395153664
2491.3989	3.1637183236791255
2485.0549	3.1580968096735766
2525.6675	3.1946476916179622
2482.7773	3.1562035286002854
2495.1399	3.1673826966390397
2483.5369	3.157038025035015
2522.8025	3.197021035044581
2539.395	3.2139466624628557
2463.0813	3.1363914249763676
2480.165	3.153816586285932
2450.4412	3.1236409105435468
2485.1851	3.1590256034939594
2539.3618	3.2141724676543575
2553.5396	3.2286424938708596
2550.1333	3.225230391068351
2564.5752	3.2399690020575953
2518.7383	3.187878181207467
2521.7617	3.1913424781411126
2537.6367	3.209419297522083
2484.8027	3.149372643849122
2493.9685	3.1598209761430414
2502.9478	3.1700572564831258
2552.074	3.22594134859
2548.1951	3.2215576087222586
2528.9971	3.199755755083077
2567.248	3.243274425209001
2573.0613	3.2499109126507735
2601.4846	3.282255413973645
2609.8606	3.2917934814340413
2612.4822	3.2947973323434647
2572.9863	3.2499760501002948
2584.1265	3.2626529201813943
2615.4402	3.298237143780626
2618.3835	3.3016062993657282
2576.2893	3.253834612289126
2523.9675	3.19444931421764
2524.8979	3.195443871327336
2512.1665	3.1826056309785455
2514.8953	3.1854211069016594
2559.8213	3.230961960301619
2543.2634	3.21217933188012
2532.3484	3.1998068389272425
2575.3315	3.243309263117206
2650.9824	3.32908151796595
2705.4341	3.390825798196662
2732.1619	3.421146761518964
2755.6638	3.447811369698952
2741.897	3.4322342228672373
2811.8662	3.511566634535151
2793.7158	3.491020953692233
2853.3816	3.5586751056467216
2865.0239	3.5718976046230426
2857.5168	3.5634154499978656
2862.9167	3.5695052025833305
2937.7632	3.653536889063856
2930.7598	3.6457060634718914
2891.208	3.60134522783431
2888.439	3.5982667968752406
2884.6086	3.593997128348745
2961.3882	3.6801984010126954
2947.374	3.66449916347372
2920.3315	3.634177889741033
2972.9573	3.693270660002374
3013.1863	3.7382794372532873
3047.5754	3.7767588604575995
3031.6108	3.758939846031739
3021.8269	3.7480312253710877
3046.0369	3.7751298150929946
2885.9338	3.596155367500927
2923.0405	3.6332053401435496
2806.0601	3.51664925731807
2741.8477	3.4526964445915223
2774.5728	3.485378510590902
2807.896	3.5186568142606505
2812.4807	3.523286340610394
2763.8311	3.4748477623084266
2801.5005	3.5124587122952993
2833.8896	3.544805851546288
2811.2627	3.522308748379981
2811.4978	3.5226017941307686
2762.1379	3.479397584504105
2761.8118	3.4791984444371793
2780.5613	3.4957295540917928
2777.4658	3.493101527834712
2782.8362	3.497898520811076
2806.1799	3.5184589920121745
2783.0981	3.498302015754338
2740.5222	3.461047758904198
2770.6641	3.4875706084245834
2853.1992	3.550019852019181
2863.6184	3.558003615719249
2848.1165	3.544608729877342
2838.8376	3.5377964606188126
2834.1445	3.5344085412097312
2793.8491	3.5044354358547514
2841.6877	3.540274369706663
2816.7048	3.52173553934597
2787.8984	3.5003416082201446
2762.385	3.481406658396385
2706.0044	3.4394223492297886
2658.0857	3.403756778100212
2680.3623	3.420507936133104
2689.5022	3.4276186467196204
2737.5686	3.464534681041589
2780.821	3.497764732186425
2768.9219	3.4887662900841185
2754.5686	3.4778887208333167
2761.876	3.4835963656536633
2709.3159	3.44346456162957
2717.3694	3.4497435001715275
2733.0605	3.4618704196511123
2739.29	3.466752772997773
2701.4995	3.4379298206040327
2613.2771	3.3704920870234645
2617.2839	3.3737035764128045
2667.1047	3.4123684275929596
2585.6169	3.349419586695875
2616.8625	3.3737099610319867
2589.7888	3.3528697138601222
2569.8977	3.3375877604059037
2601.6255	3.3622513145311586
2640.3801	3.392352595903561
2649.1143	3.3992224761456162
2681.9158	3.4247169447791146
2690.3313	3.4313402159411073
2665.3159	3.4120928564965514
2717.4441	3.4525433989091114
2731.3635	3.4634259131136043
2800.1147	3.516740250807775
2799.5637	3.516342553824953
2828.8628	3.54218755099655
2831.771	3.5448310206589566
2805.8582	3.5221365427088087
2843.2271	3.555076118261023
2770.6711	3.491375329647547
2779.2734	3.4990247904267635
2794.6472	3.5126274161219153
2795.606	3.513557115407181
2824.3621	3.5389247916837885
2837.3442	3.5519962194483616
2832.2727	3.5469707280569898
2814.2871	3.529000150971323
2852.2205	3.5670827697020324
2903.8962	3.6189406711557455
2908.6108	3.623724782984943
2911.2871	3.626465708208478
2871.9812	3.5871236918713745
2851.2944	3.5664454613085326
2860.9697	3.576202196661516
2820.3303	3.530512392030965
2855.3779	3.569970228427392
2819.512	3.529650601220036
2829.9917	3.5414696316803886
2828.0664	3.539333078301071
2835.7634	3.548021584785661
2865.4058	3.58139860014632
2865.0012	3.580972836768163
2893.759	3.613354684726023
2893.6606	3.613273400226307
2862.6104	3.5784083441004935
2857.54	3.572739841059773
2829.7332	3.5415197790907604
2865.1155	3.5770038417339194
2887.885	3.6026175262653437
2896.3669	3.612177368235496
2921.0498	3.63994099369706
2909.5354	3.627032581287958
2907.8835	3.625205881736602
2935.5164	3.656284195899224
2925.6855	3.6452674064099577
2931.2798	3.6515826953728037
2937.8306	3.6589727300778447
2887.4048	3.602342672590405
2895.0017	3.61090242302106
2914.9758	3.633359854573925
2899.5435	3.616061384905292
2852.488	3.563254961694553
2824.9434	3.535787128593171
2808.5781	3.5194912165261156
2762.5298	3.473531914503167
2791.1301	3.5021719128810798
2814.936	3.5260206827123537
2751.1128	3.462298235222539
2755.7842	3.467025152770481
2751.1357	3.4624383308059437
2761.4365	3.4727909398433034
2778.4812	3.489882999441269
2774.4824	3.4864531949553728
2737.6516	3.45415658820541
2761.165	3.474916290794363
2743.126	3.4591419724270374
2744.4041	3.4603517937682433
2762.9775	3.476768131916601
2751.4275	3.4666991444049726
2748.6934	3.464381348924288
2664.0215	3.390021563381084
2658.6104	3.3853500890540715
2633.7385	3.366458960001156
2624.8015	3.3597422937431975
2595.0278	3.3371061493256287
2585.5417	3.329969982416858
2624.0471	3.3594999030273196
2632.594	3.36614118148957
2595.8835	3.3382052757425154
2622.9783	3.3590173893197335
2641.468	3.373255113021642
2649.2563	3.3793168486475382
2604.4683	3.345149761362671
2611.3296	3.350512120140985
2609.3252	3.3490891854627307
2641.2092	3.3736025140490327
2622.6199	3.3594864583586013
2580.7749	3.3275718215711203
2560.2351	3.3119629823752534
2537.3245	3.2945396768225272
2565.739	3.3163976930954453
2566.8528	3.3173613153128967
2608.8206	3.3500135051029583
2666.0056	3.3944655898360043
2679.4917	3.4050322093731227
2681.9883	3.407077240803857
2652.8499	3.384591526992557
2687.1235	3.4112774417425884
2691.0337	3.414418649091522
2746.8662	3.4578220174316385
2754.2375	3.464402699070642
2753.6223	3.463945867331632
2741.563	3.453404764500803
2743.7161	3.455387309163612
2752.8994	3.4635647116236647
2707.3723	3.4235325730671313
2748.9783	3.460280128183449
2763.6812	3.4733212964349534
2776.1682	3.4844098715075926
2772.282	3.4810707657718387
2750.6755	3.4594234853426276
2749.4531	3.4582527685227604
2721.759	3.430490285153757
2729.4299	3.438253216279434
2644.8511	3.353348022728408
2659.1072	3.366083203023736
2684.0381	3.3882924295539025
2671.5337	3.3757198227625875
2659.6453	3.3637693244266558
2663.575	3.3673313106827845
2641.3945	3.347777408237893
2642.2229	3.348593763638628
2648.7207	3.354429361943585
2592.8433	3.3050429233401797
2489.4368	3.213578004617225
2487.9844	3.2123751482807013
2514.5574	3.235983760119108
2549.6665	3.2671495631637484
2564.3523	3.280234206706665
2598.3284	3.3064187085454737
2579.6392	3.2921825987507374
2571.9656	3.2864009713952123
2529.8167	3.254159558356513
2505.7407	3.235789105876639
2484.991	3.219971597687036
2522.812	3.2491071136703553
2513.7053	3.2422256263238136
2582.5657	3.2951839011635
2582.3457	3.295122974269148
2550.7104	3.270950811856355
2538.542	3.261695725844759
2537.5537	3.2610428538861855
2525.7266	3.252050388985666
2498.5847	3.2312744021505293
2446.7664	3.191511880498438
2433.6365	3.181517040268023
2482.1575	3.218957714237243
2464.1338	3.205197498549358
2459.5559	3.2017827743816767
2430.4026	3.179459226935155
2445.6694	3.1915469984276545
2446.2578	3.192113385064355
2449.522	3.194780073553198
2405.616	3.1604218610270642
2415.3489	3.1681659891594682
2480.3992	3.21932994888346
2410.5479	3.1646067353384826
2396.9077	3.154004837834666
2356.8569	3.1226726980975394
2376.2737	3.138017971645273
2351.2627	3.1183039859341575
2317.3804	3.0915609449633674
2312.2429	3.0875934956873254
2298.0452	3.0764473185976464
2296.5129	3.0753364214698333
2367.7161	3.131856597674309
2389.1013	3.1489041123630397
2380.6648	3.1423227840580674
2390.9915	3.150608251377119
2330.9607	3.1031468409265504
2323.7573	3.0974950437037396
2274.0742	3.0579119886226227
2254.5029	3.0423811716483953
2304.9321	3.0827642608211083
2348.1189	3.117362388086146
2367.5459	3.1329820446140433
2373.8008	3.1380803067880327
2414.7888	3.1709221363588553
2411.9854	3.168784968993018
2413.5364	3.1701259491228297
2449.4392	3.198905927838235
2456.4675	3.204621996247001
2475.6462	3.2200433783442826
2458.5745	3.204579307587399
2449.9902	3.1968428650652556
2474.2378	3.218999270597307
2432.4189	3.1810033486520655
2432.9102	3.1815300927090475
2483.5703	3.2277346136344462
2484.8682	3.228995765223419
2422.9226	3.1726748789529196
2419.5859	3.16971632548063
2369.6692	3.1243475446390683
2369.4299	3.1242609563984516
2367.1885	3.122590546363085
2350.8801	3.109791959391268
2353.9717	3.1123404197748608
2337.7026	3.099572939311773
2340.6096	3.101975382390416
2370.5764	3.125784421726226
2290.1743	3.0622823456474126
2341.9871	3.10337343342687
2312.4482	3.0801084623652857
2275.5403	3.050713627191606
2271.2117	3.047355563705783
2277.9377	3.052832136798222
2275.4111	3.050914214444003
2259.1169	3.0379934936234254
2234.6802	3.0185654483836784
2188.4912	2.9817533827239284
2166.0227	2.9638983025331065
2118.4556	2.9259849019464363
2164.1895	2.962635912812347
2160.3008	2.9595392867700867
2157.2908	2.957164398926646
2127.084	2.932451119501027
2119.521	2.9263365895740336
2137.8196	2.941463785606632
2121.7813	2.928387988087414
2091.3022	2.903451084005651
2092.5945	2.904609987023231
2096.7156	2.9080923649572865
2123.853	2.9304794494861746
2089.2793	2.901953045452151
2057.3379	2.875605868253104
2070.978	2.886994544823432
2134.6294	2.9397864018192577
2198.0198	2.9923621910084
2190.5801	2.9862994234568996
2189.115	2.9851828938684157
2151.4587	2.954104533642485
2107.7009	2.917974893789983
2199.6736	2.9942133327924525
2163.0229	2.963967508795946
2192.2012	2.9882199649723984
2217.0903	3.008921501834089
2187.4016	2.9844393767643327
2192.6951	2.9889181956746365
2171.1606	2.971186755793531
2213.4438	3.0062884883857786
2233.2681	3.0227970367489405
2237.395	3.026310086824563
2199.533	2.995061527555845
2255.2036	3.0412464037173126
2259.9009	3.045231698256317
2263.8499	3.0490316990472044
2267.4424	3.052495435702316
2261.8474	3.0472930257971784
2285.7166	3.069882867761205
2277.4534	3.0621636779601333
2276.1909	3.061047937645187
2281.907	3.0665148008875796
2301.4626	3.085035843990564
2328.3157	3.1104402945818466
2335.072	3.1168883499085993
2365.3137	3.1492332381579944
2373.1587	3.157661775728859
2373.1238	3.1576757526470147
2348.573	3.1315103874965327
2348.2434	3.131209676933392
2385.6973	3.1712561465050637
2372.512	3.1572274628543044
2340.6604	3.123265942628757
2325.8052	3.107454061797399
2351.4404	3.1348799289560327
2374.7258	3.1628448424286555
2372.4702	3.160164213509848
2394.2798	3.1863583824383035
2324.0073	3.102067212501742
2307.7808	3.082623509486879
2343.3469	3.125323515906045
2353.687	3.1377559348510755
2317.8767	3.0948144810737914
2319.1531	3.096371761475675
2314.96	3.0913664268050223
2286.2542	3.0569493625716784
2287.1401	3.0579472429563292
2281.6536	3.052128701155001
2213.4287	2.979200176540971
2180.4851	2.944011343113025
2186.8015	2.9508181351167355
2232.1934	2.999423196665282
2239.554	3.0073469563762796
2218.4792	2.9848539527736677
2238.6689	3.006500747372707
2243.0652	3.011253668227835
2284.4941	3.0502599337438503
2293.9775	3.059246033483142
2291.6958	3.0568620242413416
2267.0884	3.030659194695507
2312.2395	3.072984731608551
2308.3257	3.068874069301431
2333.3052	3.0954829520054665
2311.1604	3.071988982513954
2307.0942	3.0677163000114653
2326.718	3.088630980771306
2324.2986	3.0861091948393167
2316.031	3.0773695695175167
2356.9429	3.1209179064467913
2360.8232	3.125094014200018
2375.5879	3.140842489615282
2380.2893	3.1464625920479214
2375.166	3.140392095009817
2335.0703	3.0927072612197364
2337.6311	3.0957802284496814
2323.1802	3.078610645142649
2311.2295	3.0644161005599027
2307.1724	3.0601630879277684
2278.2566	3.02954232996963
2309.2104	3.062425565236437
2275.9709	3.022777371698885
2280.9971	3.0281674049089555
2307.8838	3.056784250501573
2299.9026	3.047295409705066
2284.9473	3.03149327717177
2266.5642	3.012057770818573
2296.9739	3.0443413545882567
2324.5713	3.0736439783669094
2321.0466	3.069474787946988
2315.0503	3.062364353356795
2316.0659	3.0635982016964687
2252.1699	2.9875861385891502
2253.936	2.9895094868368783
2250.8372	2.986270064214803
2240.3032	2.9751401927973538
2229.5366	2.963763483458732
2260.0667	2.996212050305869
2247.0132	2.982408423528568
2280.9197	3.018440133396689
2266.3286	3.0030047683711887
2274.6348	3.011868695316981
2286.8459	3.0248766209846156
2271.0371	3.008149009036698
2268.2422	3.005232134412636
2236.604	2.9717059058860187
2195.2542	2.927873445962331
2194.5483	2.927286604758555
2190.0637	2.9231719371431235
2169.4102	2.9039618277127524
2197.4744	2.9302350591880106
2205.2075	2.937526977044688
2210.3271	2.942378910937179
2206.7317	2.939094439065993
2178.7942	2.913083943614611
2208.6255	2.9410069871133864
2157.0667	2.8929434201534434
2148.1135	2.8858339965120994
2162.8381	2.8977778262034697
2178.916	2.9108106482111724
2177.9543	2.9101319135219854
2130.8081	2.872289065935292
2143.1953	2.882352048777299
2149.8604	2.8878105332710122
2167.0112	2.901706744314013
2150.0386	2.8881442669308193
2123.458	2.8668503534474
2131.4973	2.8734568526086104
2120.0171	2.8642515604207635
2108.0332	2.854638253069686
2107.4844	2.854287972695696
2086.3672	2.837276238018457
2075.749	2.8287692411659826
2098.7791	2.8475191059540435
2084.4507	2.8360066717470396
2109.8882	2.856706669875191
2138.1489	2.879693612982482
2143.9348	2.8844638142111205
2145.6272	2.8859261079105636
2163.3755	2.9003630172917187
2157.1125	2.8953966495162105
2121.9438	2.867071890209049
2130.5437	2.874116094852423
2109.0728	2.8568604026207334
2099.8696	2.8495181205579025
2099.6833	2.849462310569543
2094.8035	2.8456137392189684
2109.8784	2.8579940811793874
2097.3894	2.8479084918865487
2104.0818	2.853456698000099
2078.3987	2.832617281380535
2038.9087	2.8005245674995085
2054.6292	2.813431143777477
2035.7985	2.7981767944404714
2027.698	2.791668095395952
2025.563	2.790021580978224
2045.176	2.80610076764831
2027.9742	2.7920318992247313
2026.1313	2.7906070223969657
2041.4193	2.803284909582369
2117.1311	2.86570579123324
2126.9775	2.873903978021059
2114.2766	2.863540445920079
2122.0603	2.8700405610480777
2102.7568	2.854241552720395
2114.6616	2.864134316772664
2066.6804	2.824726837312976
2052.4927	2.8131393573517203
2062.5359	2.8214996098961542
2015.2455	2.7826608439397944
2015.4238	2.78290004718716
2024.37	2.7904033134786417
2019.2172	2.7862258063910206
1989.29	2.76152313920179
2041.81	2.805126577763171
2073.98	2.8318703961213068
2061.06	2.821257926467636
2105.03	2.8577778585028613
2113.82	2.86620160528675
2093.38	2.846847609914417
2093.87	2.847341023951669
2086.66	2.8415515749377893
2088.35	2.8430241530485083
2094.0	2.847727929521507
2123.0	2.871484315230621
2119.54	2.868279219277773
2124.96	2.8734816404508026
2104.08	2.8537834427413
2103.47	2.8532767209176204
2088.19	2.838880569006663
2051.26	2.808850246820512
2045.04	2.803869958100406
2047.89	2.8062880402549784
2055.02	2.812197309189867
2091.44	2.8419983231970996
2102.39	2.8524841503305893
2097.24	2.8476555008086124
2087.55	2.8385083632477692
2086.42	2.8376797858309724
2048.81	2.807089403885981
2044.45	2.8036256813551574
2054.9	2.812244544309897
2021.32	2.7849420171545094
2028.47	2.7908686262584927
2001.68	2.7691056622788803
1985.44	2.755949809007606
1986.99	2.7573077418925713
1979.87	2.751592357020765
2001.31	2.7695610063134017
1984.53	2.755659128142017
1995.25	2.764688699314812
1980.47	2.752454577245631
1948.17	2.725611049441546
1925.32	2.7066476063855287
1913.6	2.6969651507111285
1932.54	2.7128491755268733
1905.13	2.6900833047841886
1923.07	2.705133473864939
1981.96	2.7549258454984216
1979.19	2.7526768957333845
2013.55	2.7817658471311626
2036.12	2.800903990636064
2025.96	2.7924178682021097
2032.36	2.797908470618629
2010.41	2.7794715476058043
2095.63	2.8514866137044796
2106.23	2.861653186876645
2105.87	2.8613806113489977
2109.19	2.8646131591629955
2116.01	2.8711793843513966
2105.16	2.8609153361559594
2111.62	2.8671386809701627
2164.48	2.917556992132745
2176.33	2.928914202765611
2163.95	2.917192886970855
2190.89	2.942922996129034
2223.24	2.9777348011137876
2224.87	2.9795347858604186
2235.9	2.991436048919959
2234.09	2.9895394050542596
2236.15	2.9918014813020894
2245.05	3.001413850512618
2204.14	2.9575002157545294
2274.8	3.0334801145185057
2293.0	3.0530863096345744
2280.13	3.0393045732366515
2256.16	3.0105737734243854
2289.14	3.0501634468232104
2301.56	3.0650881725474615
2283.34	3.0432554071509244
2287.96	3.0488228116965246
2263.33	3.019300248473903
2254.06	3.0082044201760048
2307.68	3.072555028192543
2321.96	3.0897111284241037
2341.01	3.1125895950196627
2336.44	3.1071465635445206
2365.68	3.142161707689863
2361.0802	3.136683020746517
2381.3447	3.160957786477004
2390.3536	3.171763727991677
2385.7977	3.166337579562012
2407.6385	3.1924986047501656
2398.54	3.181636633878248
2355.6624	3.130353467562942
2383.5538	3.163754848802173
2316.3375	3.0834846552439075
2306.6774	3.0719707621476093
2322.1645	3.090497568545964
2290.0549	3.0521656389360756
2305.4933	3.070634272876008
2366.067	3.1430212731227565
2376.7759	3.155840078428949
2279.0616	3.039137168238907
2341.9301	3.1062554305815953
2372.3616	3.1426079256569306
2344.7553	3.109679017597416
2328.4314	3.0902182397599645
2321.14	3.081539821256907
2277.1465	3.029049043546677
2253.9512	3.004415417203984
2261.0161	3.0119833699926035
2265.3878	3.0166853417882655
2233.6098	2.9829183955557057
2248.0284	2.9983118450015533
2317.1845	3.0719545405715696
2330.8682	3.0883065575852595
2336.3204	3.094837125503337
2333.0266	3.0909323663417148
2306.5071	3.059315761055574
2313.8929	3.067203180956465
2241.0454	2.989954426827194
2239.2658	2.9881163778263304
2244.8436	2.994085327277661
2227.5937	2.975831630987831
2216.901	2.9645358347121165
2214.7981	2.96235474610722
2233.5536	2.9823066719789844
2227.8282	2.9762817287430936
2220.7394	2.968810075307684
2204.9291	2.954088006353217
2178.7007	2.9296166895535025
2199.6548	2.9492987436209086
2208.7298	2.9578643466215553
2215.5607	2.9643299277474524
2270.8455	3.016138655359401
2275.9709	3.02100824229735
2206.7378	2.9562931803471146
2251.8486	2.9985811008396897
2220.6789	2.9694857656047895
2192.4873	2.9431773411938997
2198.8268	2.948380159516895
2240.5778	2.9821046536952327
2275.4832	3.010315468754082
2279.7942	3.013884485674056
2290.8594	3.022893580846696
2281.0241	3.0138834287421012
2294.4495	3.024625784872419
2294.2275	3.0244955108217955
2263.9884	2.9966665089550486
2284.9903	3.013444184838293
2317.6873	3.0437030412164554
2352.7488	3.07614471478093
2378.3958	3.0998953075829605
2395.2187	3.115499853102057
2386.3744	3.1074094804202077
2361.4956	3.084516709851679
2386.6296	3.107793746170223
2400.0077	3.1202182156384692
2421.7043	3.1403219950709613
2428.7227	3.1468754581018112
2427.308	3.1454607757028255
2407.307	3.1247804082030886
2398.943	3.1161624149265936
2358.1384	3.0739180170956004
2361.7332	3.0776959651258258
2327.9651	3.0427452826239914
2289.7591	3.0031944847833936
2219.7791	2.9390196441936958
2250.7129	2.9674941356911133
2249.4281	2.9663886196927027
2260.9749	2.977063848308158
2247.3104	2.964592496988591
2172.8514	2.896305500681474
2166.0321	2.8901187645007753
2027.8147	2.7632949619499003
2021.8294	2.757873936375158
2046.8099	2.780882730247108
2026.719	2.7645963472816497
2046.2654	2.780621721850149
2077.3679	2.8060674684489966
2099.1766	2.823937052079429
2092.2695	2.8183979410388944
2108.1971	2.8314733525849523
2104.1384	2.8282562307990817
2035.8531	2.772682527061377
2041.58	2.777442498998261
2101.616	2.826474466278731
2182.7957	2.8927424775622255
2151.3248	2.8671793669316585
2190.7301	2.8993935104241864
2208.5729	2.9140302252914836
2175.9152	2.8874996751410897
2155.8061	2.8711985685827486
2103.606	2.828737353448564
2131.6978	2.8517289340303886
2190.0667	2.8994019733590246
2190.0674	2.8994941131513308
2162.2546	2.876913100109136
2155.8962	2.871821409194376
2112.6081	2.8366251718971576
2115.9308	2.8394253878447504
2123.2617	2.8454930376197147
2178.8536	2.8909023596612498
2183.5817	2.8948482598205283
2216.1778	2.925169267741728
2235.3115	2.942996989591518
2216.1088	2.925248012036069
2218.7346	2.9277561878907545
2226.6079	2.9351341216227187
2274.6617	2.979800116601729
2285.2903	2.9897350182814013
2278.0506	2.983087898232446
2252.2685	2.9592331824049847
2219.2088	2.9286247597811013
2254.9359	2.9663913062994034
2244.6768	2.955608545352134
2250.2605	2.9615516111306883
2251.2964	2.9626934022551925
2241.4076	2.9523015924191713
2289.4508	3.0030707154574676
2302.0611	3.016432035401267
2285.4189	2.998910426328666
2280.5502	2.9938185353040354
2263.4411	2.9758040107620762
2275.497	2.9900936500017843
2310.8608	3.031962435269368
2311.2972	3.0325032695890037
2310.6908	3.03181020962739
2328.5526	3.0529697058554297
2381.5211	3.115669314326661
2409.7133	3.1490522919968558
2400.3912	3.1380463613767504
2415.7427	3.156235545490915
2410.4245	3.1499672458243295
2410.5307	3.1501180408819343
2364.7648	3.096317324030255
2378.7262	3.1127636279598
2422.9623	3.1648168912318027
2410.3926	3.150059199294456
2397.6218	3.1350649899134573
2352.0298	3.081468812563581
2361.2407	3.0923279256035836
2385.7764	3.121210984789238
2421.8874	3.1637080938682542
2443.9107	3.1896362504332947
2421.6696	3.163537568961294
2459.191	3.207637269959199
2473.714	3.224722533792397
2471.0884	3.221664667470771
2411.0938	3.1512198820695447
2405.4876	3.144660940077621
2419.2661	3.160871706041717
2473.2336	3.224289379938425
2446.0026	3.1923294666329207
2401.3803	3.1399413422800775
2383.3206	3.118754249106119
2344.9795	3.0737441682451605
2342.1083	3.070783894213456
2315.1762	3.0425928532997166
2351.42	3.0806494077693256
2318.8737	3.0465712057405225
2319.5475	3.0473283106539553
2324.36	3.0524253484892023
2342.6119	3.0716152309068026
2316.9745	3.044781864850226
2294.8829	3.021666704177342
2261.9285	2.987160584745239
2272.2524	2.9967780450897217
2295.8382	3.018655314338295
2248.7408	2.9751903613919977
2273.7583	2.998391160476667
2320.4968	3.0416716810201634
2388.0341	3.104179406401052
2384.0799	3.100118416944395
2401.5114	3.1182966616932752
2390.2674	3.106654935597416
2378.9506	3.0949375081573214
2374.629	3.0904944720858127
2377.4093	3.0931035985688946
2407.2912	3.1242564718221493
2429.3073	3.1472223755480684
2440.4994	3.1589223215171494
2365.4345	3.0808432547834634
2399.0027	3.111523684266631
2432.0318	3.145846016012511
2423.7281	3.1372812018521756
2412.1374	3.1253057818621865
2424.1307	3.1378012596093257
2426.4633	3.140272743887242
2394.6219	3.10728509415908
2400.9593	3.113911990274902
2403.7957	3.1169062329366124
2366.6506	3.0784154463172553
2353.2907	3.0663268505327275
2351.9716	3.0652016914546634
2329.1738	3.044519679106263
2287.2174	3.006393318888667
2287.0727	3.0063374972417383
2298.8668	3.017152238913873
2324.0864	3.040191219082999
2283.058	3.00290984956939
2322.4409	3.038844858662161
2326.2586	3.042396926248045
2344.197	3.056573390345005
2350.4008	3.0615416058586273
2328.8088	3.044698190127354
2270.512	2.9990521626436895
2279.1594	3.005937919938949
2289.1021	3.0138401201928517
2261.7393	2.9924683334588495
2233.5439	2.9704432054864656
2225.104	2.9639204221895294
2257.0748	2.9891083235162306
2264.3103	2.9949559025785524
2265.7354	2.996186562976489
2237.6606	2.9739766977225974
2222.3265	2.9618905632747006
2252.0037	2.985570283429678
2308.3399	3.0304331746141253
2312.1356	3.033547547191753
2335.9412	3.052561735506711
2317.7889	3.036032257648348
2317.2876	3.0357380858013654
2334.6716	3.0495005123174446
2316.1153	3.035016394433754
2344.8217	3.057677448868514
2406.7256	3.114259277094579
2417.1975	3.1238935220333186
2435.7584	3.1409114846979684
2407.1927	3.114911871693457
2439.7267	3.1446846173761305
2475.376	3.177301042953426
2459.5531	3.1629331903264912
2473.8054	3.1760182553797276
2442.767	3.147761570702227
2425.6615	3.132222967927995
2402.2019	3.108040012291383
2322.892	3.02616208822027
2333.124	3.0355675673334614
2310.2005	3.0147375780154975
2336.2127	3.0385334974000227
2369.1244	3.0728280342953362
2366.2538	3.06989113068858
2352.4065	3.0555329866609684
2357.8737	3.0612715631849516
2350.6957	3.053852826835964
2267.4734	2.967310082354099
2271.7781	2.9713265656362826
2272.4683	2.9720319953162555
2301.9955	2.999153540055568
2289.6174	2.9878877767904157
2326.929	3.0221402264836374
2331.3211	3.026236802534031
2320.6829	3.016564891214261
2269.138	2.9694204385630347
2328.3506	3.023735304533214
2342.9512	3.037183392295129
2341.9343	3.036325088633954
2345.2317	3.0394189017953623
2313.72	3.0106258748627894
2282.7451	2.982324589128098
2270.9917	2.971631147954686
2299.7064	2.9980084809972705
2305.1525	3.003070639046012
2296.1375	2.994885724900421
2321.408	3.018108019560425
2360.401	3.05390080456428
2373.7907	3.067809944253027
2398.6632	3.093604299829335
2391.0478	3.0857722294641237
2399.2251	3.094286314319949
2370.4096	3.06451120017748
2372.6283	3.06685787568927
2368.2852	3.06241279874196
2373.2912	3.067644462718611
2334.1639	3.0271961907193146
2329.4756	3.0230146277697516
2323.5898	3.0177459376965783
2308.759	3.0043566633633265
2270.2834	2.9695018014504533
2212.9089	2.9174898494384705
2241.296	2.943335346299693
2253.5585	2.954542361663667
2265.6108	2.965558556100194
2274.6708	2.973858239890415
2243.2121	2.9453736071742505
2243.8727	2.945990868437165
2231.0451	2.935982003388037
2283.5139	2.9774142810544078
2279.7317	2.97453148543382
2278.9444	2.9740081089282366
2241.0113	2.944220920274492
2238.5607	2.942387195883419
2217.3397	2.925765976992301
2223.2404	2.9305115033505347
2244.5307	2.9473811132336354
2243.1566	2.9463953827392055
2266.2251	2.964667581056057
2285.8699	2.9802423106536713
2277.061	2.9733988479273004
2304.6773	2.9952542066499754
2282.9865	2.9782613236039928
2287.1972	2.981675812587424
2282.1169	2.977770084089012
2261.8948	2.961934389421017
2290.1323	2.984279221205618
2279.5168	2.9760124239552885
2271.7197	2.9699662054873137
2301.7727	2.993741463650026
2308.9071	3.000310703643439
2304.7196	2.9965720730688035
2331.2287	3.0207807688812394
2348.4206	3.0365067471743283
2326.356	3.016492161567013
2313.2798	3.004660953931965
2261.1809	2.957302042567388
2280.1732	2.9723028003383885
2292.4915	2.982066382158677
2309.0536	2.995160142964645
2298.2337	2.9854095671802816
2325.1149	3.0098914563600943
2336.5705	3.0203669640537827
2357.6363	3.039568503755868
2366.0787	3.0473080491740725
2377.8769	3.0580946546112826
2393.4509	3.0723096785094075
2391.0989	3.0702479670027003
2390.151	3.0694611791591067
2402.6175	3.080854622809805
2366.0937	3.0434379570893917
2364.7046	3.0420636211754535
2382.9688	3.060850288054752
2413.9798	3.0927130438942987
2410.7474	3.089447802976504
2395.6098	3.073969822261338
2382.671	3.0607474467437528
2390.0218	3.0683388113949146
2387.7172	3.066025354752914
2419.824	3.0990122430977634
2409.4374	3.0870660253713433
2425.3941	3.1054833354747258
2450.6978	3.134674084373248
2509.3645	3.2023193307834243
2529.6144	3.2256850283010614
2532.8337	3.229421104387999
2559.7216	3.2604378249050074
2533.1109	3.229791577503173
2578.8804	3.282571405068351
2586.0503	3.2908609868092493
2592.0718	3.2977843925231514
2560.6531	3.261827952312418
2573.9955	3.2771359085036487
2613.973	3.3229487532010618
2618.0249	3.3276164066505003
2619.2087	3.328999259024877
2599.7814	3.306776448104462
2629.5969	3.34095087517014
2659.8761	3.375656374956283
2666.8075	3.383621899120097
2661.8176	3.377951682604488
2658.3447	3.374013749005687
2675.1288	3.393207530772814
2652.3308	3.3672020365370616
2614.4655	3.3239910126486234
2623.4567	3.3342859945976175
2601.2021	3.3089010222478197
2632.1693	3.3442906687223393
2668.6635	3.385991665570703
2709.4786	3.4326267526289227
2733.3007	3.4598170701723845
2757.6845	3.487647843811452
2776.7829	3.5094521743514817
2785.6049	3.519539293055778
2787.1502	3.521329476217868
2781.7142	3.5151595407253127
2809.5801	3.5469606376866207
2826.6641	3.5664681486201135
2746.4511	3.4750370271728834
2766.1497	3.497525725664192
2782.2675	3.515895915839598
2807.6867	3.5448507478158238
2763.8366	3.4949797532875695
2797.5602	3.533384681347038
2843.1642	3.5853090551203075
2841.5999	3.583557699818106
2849.3836	3.5924440153453476
2872.4795	3.6187550344646637
2886.923	3.6352199538264784
2926.7028	3.680516621332239
2935.1389	3.690094915652529
2920.1554	3.673166727291491
2913.3186	3.665459039748154
2904.3851	3.6553782933476304
2922.0237	3.6753720585855927
2885.7597	3.63435844499764
2865.0514	3.610950895970006
2896.9826	3.647121144353236
2871.1582	3.617923158586944
2843.1659	3.5862715292517184
2803.206	3.541074879778656
2804.9073	3.542852386545583
2805.8149	3.543827801887842
2875.3501	3.614156803712217
2919.0965	3.663674644234784
2929.2672	3.6752099611284264
2946.7975	3.6950708313493665
2967.7062	3.7187535205663753
2958.8567	3.708772234786185
2952.1657	3.701232755566289
2967.9209	3.719085552864617
2950.6497	3.699577222412913
2999.8741	3.755292072493401
2941.5907	3.689388676811392
2989.931	3.743985239122855
2960.5122	3.7108078016655437
2955.2078	3.704850555722097
2968.5596	3.71995231811105
2961.0866	3.7115471745759883
2970.164	3.7218240250569368
2968.441	3.7199094517670632
3012.7726	3.769981035189847
3069.5884	3.834144710637153
3116.5342	3.887167192212793
3149.0462	3.9236953307214097
3180.834	3.9594105246300235
3212.4723	3.99495790065905
3201.9071	3.983129943424727
3282.7546	4.073916875428066
3324.7291	4.121067110920908
3431.9547	4.2414646574317105
3402.2204	4.208118529720071
3484.9839	4.30105626881443
3322.1788	4.118332160003334
3445.5359	4.255993448531858
3450.6997	4.261788465324654
3475.3887	4.289367421749162
3518.0572	4.337005806344113
3569.1121	4.394000758980801
3582.4769	4.408945504505343
3569.9189	4.394968621374905
3571.3831	4.396636073443975
3498.8571	4.315753908099769
3427.023	4.235643686718415
3402.8249	4.211787117854072
3490.7739	4.298817503787255
3566.9275	4.383256293827606
3543.907	4.357777277055924
3514.6842	4.325424056806008
3573.4819	4.390626759505436
3654.6299	4.480601013553212
3680.1953	4.508971306867053
3683.243	4.512384519897655
3627.0515	4.4501410460999
3609.9161	4.43118469319587
3567.8895	4.384640634459286
3592.8609	4.412295676392216
3579.5579	4.397618261005107
3655.1497	4.481260759285171
3695.2903	4.525693331281268
3473.0615	4.2799386739195056
3557.0899	4.362849231903773
3689.6525	4.493607701522653
3728.6869	4.536430440294103
3715.779	4.522318962040284
3774.7591	4.587004290424429
3765.2033	4.576567072156451
3727.6734	4.5354673031795425
3691.8513	4.496239465533179
3643.7429	4.4435445548039745
3590.2271	4.391407583855047
3671.0827	4.470363359353437
3646.7561	4.4437393386982995
3621.22	4.4189188604927825
3551.7317	4.351252173231767
3558.7899	4.358205824997097
3616.748	4.414778570364848
3655.3307	4.4524634718633145
3676.1756	4.475351636052247
3723.4267	4.527188039543402
3777.7856	4.5868164901055355
3806.6345	4.618479181549351
3778.5016	4.587674629261294
3845.9309	4.661631732412547
3871.5947	4.689802713990323
3932.8695	4.757012850090288
3870.0943	4.688231111825743
3917.5815	4.740326367943655
3905.6206	4.727339764474632
3870.7088	4.689359355963166
3934.1506	4.758487213013592
3951.9327	4.777891106611378
3953.2344	4.779347648084293
3984.9179	4.813890341161334
4029.4995	4.862479224655663
4148.2057	4.991790699078988
4209.012	5.0580484839105075
4301.6797	5.1590037226786585
4315.8887	5.174382891574547
4373.4976	5.236606607285374
4481.9475	5.353706568763992
4501.8857	5.375269673831368
4511.0926	5.385249740768655
4485.816	5.358009361147142
4525.8519	5.401265328004404
4611.4025	5.493648493026227
4598.7378	5.480021028411693
4705.2927	5.59507560844045
4763.5682	5.657487587123496
4842.6024	5.742115370620226
4957.6867	5.865323697567302
4956.1206	5.863693667658999
4914.0293	5.818693884270057
5036.9822	5.950323137742473
5141.9369	6.062690859824476
5152.3342	6.073863983680911
5009.2	5.920728881206496
5119.334	6.03863946164757
5186.3157	6.109798051666114
5087.8646	6.005330259422047
5249.3031	6.176765867052678
5403.9609	6.341002967719197
5438.7748	6.378011668654222
5419.9956	6.358124990856747
5508.8168	6.452468804812404
5384.3032	6.320332626107625
5467.9976	6.409233746673307
5470.8308	6.412291191281328
5519.1104	6.463273009580261
5314.8886	6.247896521018936
5263.152	6.199344219829092
5154.8992	6.0976420086631045
5329.7916	6.262219992511549
5550.3613	6.4697546019947705
5665.1394	6.590219313542358
5675.7465	6.601400202121275
5684.1059	6.61022307548118
5621.2568	6.544342461654418
5676.6924	6.602552095469388
5856.844	6.791598932209281
5945.2356	6.884382091522883
6125.0601	7.073085782579964
6248.2252	7.202349172294128
6420.5665	7.383202388405236
6626.8028	7.59670466008023
6680.9892	7.652844861861679
6240.9392	7.197481507064664
6293.9139	7.2523676855999035
6639.3315	7.609913861194405
6851.7341	7.82979789014034
6871.8148	7.850640864337717
6880.2018	7.859381600149646
6975.5004	7.95807037582262
6981.6123	7.964456536334833
6962.6832	7.945087519026892
7049.3456	8.03412914186356
7132.1322	8.119191492031025
7224.2644	8.213848961090337
7067.8356	8.05330922943397
6788.3894	7.766467722987624
6922.5986	7.889432353712288
6645.5906	7.605370903693549
6180.0311	7.1792580899112
6286.6925	7.2770357810545825
6437.5464	7.415273435413609
6178.1612	7.1779212447618255
5633.918	6.679770483761277
5301.2064	6.375285141902146
5631.7365	6.67802338829001
5295.6058	6.370407747930571
4975.3161	6.0772951696037305
4635.2585	5.766084320092782
4588.1708	5.725223788809462
4349.6699	5.517685778447387
4015.7182	5.227031778182485
4362.9793	5.529559660974209
4697.1833	5.820717782290281
4954.8411	6.045221533343445
4974.9568	6.062879993992353
4711.8463	5.833912672841145
4778.077	5.891726864456556
5054.5184	6.132586918353953
5134.0461	6.209879736271876
5204.1691	6.27804407416043
5248.824	6.3214883066414185
5420.5878	6.4883083178641225
5330.2106	6.400686297181133
4844.7753	5.929608858283484
4734.7838	5.835520645651902
4962.1658	6.030474751273101
4799.3298	5.872259400152592
4743.5066	5.824592141152042
4626.3626	5.724404196067237
4875.064	5.9375594639302705
4799.8174	5.87325627820125
4763.1945	5.842033946158604
4917.9309	5.974709096405615
5197.4941	6.214297258116006
5211.5926	6.227884720322955
5134.7812	6.154516264637532
5263.6992	6.277929361952713
5294.4142	6.307410642536242
5359.8336	6.3700869218137015
4935.0459	5.963876845588025
5051.6627	6.062673795789415
4858.8353	5.877638431216983
4571.8944	5.634808586520928
4128.3529	5.259373066641727
3767.892	4.95428824728878
3655.7211	4.8594495439439775
3858.3369	5.031164790633536
4104.6349	5.2398691038454865
4015.5468	5.164576405765975
3851.2126	5.025567100435967
3781.3288	4.966536173572486
3737.9917	4.92998437680329
3898.5718	5.057218551909383
4030.5192	5.16179478253617
3963.5204	5.108938629111962
3983.5079	5.124917489367012
3766.1446	4.953073195364103
3556.587	4.787405811075331
3806.5007	4.985332558943374
3721.237	4.91802288120532
3763.1659	4.951364729347422
3887.1021	5.049601551574073
3922.8834	5.078078636771442
3851.4532	5.021715896837435
3900.541	5.060722861473906
3779.7617	4.96530865025975
3839.4274	5.0126862671744
3758.1244	4.948510922824605
3777.8516	4.964283972798244
3934.5299	5.088430757227702
4000.7162	5.148474205226128
4176.7736	5.307983177625311
4210.5675	5.338702040247052
4153.5132	5.287176693210654
4291.0238	5.411789556635053
4365.8373	5.47964319811726
4367.6026	5.481366841513352
4446.952	5.55332682117237
4197.7536	5.327854858347066
4335.0177	5.452244618687701
4448.3661	5.566382813136403
4481.5407	5.599851970465872
4506.0098	5.624561860102899
4397.0567	5.515025390000366
4428.6489	5.5469023947326255
4423.9262	5.5422401847488585
4328.9521	5.446769086940685
4321.2562	5.4391153258351315
4559.8916	5.6793144941014315
4610.1349	5.729957846070224
4737.9198	5.872946936940129
4818.9154	5.96359685935377
4838.1778	5.985191155545707
4896.0966	6.0500270510411465
4885.434	6.038146826999085
4792.6335	5.934385990904396
4870.8526	6.0219301005324795
4841.9881	5.989688985491567
4764.7018	5.903282564421915
4885.4282	6.03837595227214
4935.4392	6.094057696598319
4896.5052	6.050797244979701
4932.7778	6.091196434973114
5010.1085	6.177268558866033
4992.8174	6.158083628407199
4672.1795	5.801456465115722
4698.5424	5.827739732333976
4709.4021	5.838622718960726
4758.5477	5.887537468341311
4851.6976	5.980164421247133
4799.3737	5.922168947286005
4845.671	5.967968999992761
4747.672	5.859391301312328
4742.7249	5.854603206035287
4730.1529	5.842286835721294
4697.2698	5.809916740436513
4811.5121	5.922807789721392
4838.2219	5.949275493486411
4855.5434	5.9684936938830315
4980.2628	6.106566662911629
4983.5214	6.110221786134766
5070.1831	6.206177189439696
5107.0962	6.247076975166607
5061.0275	6.196142731788833
5035.6828	6.168143262495573
5066.93	6.2027727401868225
4932.3325	6.053865739521215
4985.5973	6.112861592431573
5023.4174	6.154646078896278
4949.1953	6.072792702669552
4534.4075	5.615127211028545
4482.7447	5.564038725100342
4595.6297	5.675962826337402
4208.3515	5.292390225741512
4270.3716	5.353924008408579
3982.3778	5.068709505904225
3991.9486	5.078283352354182
3861.0293	4.948677870017019
3986.1576	5.072731087582871
3836.0848	4.9241508213536465
3890.478	4.978128908048686
4038.1686	5.110537712725787
3989.1423	5.066747751759301
3829.41	4.923798747104044
3886.3969	4.974964532295062
3924.3307	5.00906451933269
3631.7779	4.747148595532543
3597.6812	4.7167310858801885
3450.6763	4.585182028178215
3585.3366	4.705919710416985
3530.4041	4.6568396634127085
3646.0243	4.74849924153002
3651.7358	4.753172666508952
3723.8562	4.810404778507122
3687.7161	4.781955189139797
3679.7448	4.77579953363203
3833.1849	4.897391364659391
3883.5525	4.937407486186389
3872.9311	4.929154472717851
3884.5579	4.938509592145715
3976.8389	5.01169770196786
3945.3136	4.986900539057674
3966.3444	5.003698400094638
3654.3998	4.7569661498532
3667.6167	4.76757980134528
3489.0276	4.6263904825724795
3569.2034	4.689998125815466
3752.4739	4.835199073719778
3762.4096	4.843215901956359
3704.7443	4.7977305924732985
3766.2096	4.8465300438806365
3783.1705	4.860106935758631
3707.6231	4.792289600706283
3633.6898	4.735109646978601
3630.629	4.732893471755872
3738.5268	4.816729057012769
3724.8118	4.80447851289813
3710.874	4.792027039217076
3810.2933	4.8692154907779965
3925.991	4.972831503179302
4037.7006	5.072880019816308
4017.5754	5.054997353133441
4049.3035	5.083499425843841
3979.8127	5.0214573907088615
4008.1073	5.046888088113754
3977.2732	5.0194259465929445
3914.5085	4.9634006908137955
4053.9082	5.088219113744888
4062.2827	5.0958305710494205
4052.2932	5.085889472159307
4147.0874	5.1811030473677775
4157.875	5.192012619708854
4088.832	5.122808973534907
4053.0577	5.086991815896292
4135.7803	5.170091081394242
4109.0	5.143299779115928
4171.7964	5.2064023133826325
4210.2105	5.245036233537073
4207.78	5.242680957866526
4143.8979	5.171089570761451
4160.5685	5.18982631646225
4003.2391	5.013447389980084
3961.345	4.971557018065549
3992.6692	5.003022470224472
3972.3563	4.982753845281154
4014.5266	5.0250857819398425
4000.5218	5.011137118307071
3990.6383	5.0013175020020375
3986.7198	4.997474095829618
4094.1689	5.105207465066049
4094.2399	5.105329105523688
4113.8905	5.127423982648418
3963.6989	4.9589132190362175
3824.3732	4.819548410575925
3819.8512	4.815104018618683
3809.2462	4.804571366846791
3809.4648	4.804871692588682
3795.6236	4.791100052395326
3852.014	4.847620823735218
3844.6919	4.840373941026848
3761.8322	4.757524066383439
3773.6541	4.769437771497204
3810.2145	4.806111401313992
3854.0584	4.844942444529675
3814.9564	4.810535346463554
3805.4827	4.802288947333864
3820.8325	4.815960787079717
3817.7631	4.813369166628142
3809.7091	4.806376339131951
3968.2447	4.946475954924212
3981.0261	4.957880031776162
4010.961	4.98778573010863
4032.2883	5.009115666563528
4037.4148	5.014304721252888
4042.3205	5.019273799173644
4030.1987	5.007278352516413
3853.8192	4.831632647439529
3868.1333	4.844313953347092
3972.5894	4.936104616229804
3961.3543	4.925017701097883
3988.2795	4.951863377963313
3998.7529	4.96235543463225
3968.2781	4.9321436489310555
4025.3699	4.988975932090943
4008.0336	4.971824258115159
3964.9449	4.929073863589379
4049.882	5.0135853049855585
4086.8065	5.050370659540578
4104.8627	5.06840031392858
4105.9422	5.0696415747004275
4103.0126	5.066427695651433
4178.9591	5.150865493492223
4195.2216	5.168978990194827
4212.8371	5.188596021990236
4217.8994	5.194263217051946
