834.7291	1.0
837.6456	1.003493947916755
841.904	1.0085954832531896
845.5831	1.0130030209801
839.7914	1.006064602276355
850.0127	1.0183096527963382
841.0054	1.0075189663329096
842.2701	1.0090340686577237
854.2914	1.0234355073999455
856.3908	1.02595057486315
869.5721	1.0417416860152593
906.5923	1.0860916433846621
935.4832	1.120702752545706
950.2363	1.1383768698132124
942.0682	1.1285915394587298
977.0423	1.1704902824161754
1025.5562	1.2286096171799927
994.5005	1.1914050917836696
1002.5584	1.201058403259213
1003.3872	1.2020513002362083
1032.0248	1.236358957654645
1042.4388	1.2488348615137532
994.2869	1.1911492003812971
982.4858	1.1770115597982627
988.0349	1.1836593452893878
1008.7558	1.2084828479083813
1036.9601	1.2422714147619869
1050.0692	1.2579760307865149
1041.3058	1.2474775349271998
1076.391	1.2895093749576958
1070.7769	1.2827837198918788
1085.199	1.3000613013251845
1078.9152	1.2925333500413485
1009.2548	1.2090806466433242
1012.1315	1.2090806466433242
987.3135	1.2090806466433242
991.8453	1.2090806466433242
994.3328	1.2090806466433242
985.5009	1.2090806466433242
987.7496	1.2090806466433242
1011.898	1.2090806466433242
1025.8649	1.2090806466433242
1031.5989	1.2158387182255106
1028.3488	1.2120081621652972
1027.6147	1.2111429545705146
1037.0996	1.2223218232747146
1055.9324	1.2445180929805055
1059.0979	1.2482489397878673
1058.5741	1.2476315910095714
1081.3623	1.2744896807949195
1080.6188	1.2736133943942645
1100.1547	1.2966383352073867
1093.5963	1.2889086287782596
1084.1311	1.2777529784225372
1107.6079	1.3054226496678598
1104.4675	1.3017213856293703
1108.7241	1.3067381989353932
1115.8075	1.3150866684584595
1116.0402	1.3153609278336207
1052.6368	1.2406339107854838
1061.3094	1.2508554056588137
1076.1239	1.2683157215734118
1079.6379	1.272457309215512
1052.6863	1.2406922513057697
1060.1097	1.2406922513057697
1068.1447	1.2500959594684644
1069.6726	1.2518841269484622
1083.76	1.26837122070965
1084.3228	1.2690298899011825
1072.3225	1.2549854195757582
1062.0027	1.2429077111131102
1022.4216	1.1965842371668207
1011.9296	1.1965842371668207
1006.6321	1.1965842371668207
1004.5751	1.1965842371668207
977.358	1.1965842371668207
959.9202	1.1965842371668207
984.9738	1.1965842371668207
984.8623	1.1965842371668207
1001.6458	1.1965842371668207
1005.5286	1.1965842371668207
980.0297	1.1965842371668207
997.2394	1.1965842371668207
1012.2017	1.1965842371668207
1004.5042	1.1965842371668207
1000.379	1.1965842371668207
1004.1096	1.1965842371668207
1015.2399	1.1965842371668207
1014.1895	1.1965842371668207
1021.3542	1.1965842371668207
1023.8557	1.1965842371668207
1047.027	1.1965842371668205
1049.4398	1.1993416812894995
1055.2805	1.2060166663223786
1060.5402	1.2120276613704777
1042.8418	1.191801223596597
1060.4158	1.2118854920863011
1062.9619	1.2147952767683108
1067.8445	1.220375306888251
1052.8311	1.2032173942591784
1055.335	1.2060789510971988
1060.9008	1.212439769440205
1066.6416	1.219000584766579
1056.8103	1.207764982808981
1056.9244	1.2078953808421364
1073.1227	1.226407444474592
1085.7736	1.2408653978282056
1088.2921	1.2437436401288382
1090.194	1.245917207344075
1096.2754	1.252867273942077
1086.4178	1.2416016152949785
1085.8906	1.2409991100970854
1077.8956	1.2318621050569587
1087.9795	1.2433863883745488
1099.024	1.2560084837048402
1110.8059	1.2694733091810466
1133.9972	1.2959772522688626
1137.056	1.2994729709701434
1137.5374	1.3000231341003894
1127.1134	1.2881101709311236
1131.6062	1.2932447220561119
1123.9415	1.284485197036592
1121.4612	1.2816506112203288
1137.8414	1.300370557431496
1141.6007	1.3046668354861988
1138.728	1.3013837992912307
1108.8994	1.2672944849022472
1135.2047	1.2973572314540975
1135.3391	1.2975108291373236
1136.5454	1.2988894369146726
1120.6229	1.280692568528004
1122.6014	1.2829536772799601
1135.4869	1.2976797408752763
1143.5897	1.3069399440571572
1141.9133	1.3050240872404881
1148.2012	1.312210150278864
1154.0616	1.3189076492578706
1153.9277	1.3187546229945968
1144.3718	1.3078337591468236
1161.6737	1.3276070608983894
1141.1383	1.3041383863141471
1113.8838	1.272990856124512
1126.5345	1.2874485809101441
1152.0699	1.3166314550191687
1145.5771	1.3092112240842677
1163.3094	1.3294764041309268
1175.9636	1.3439381288562264
1187.8259	1.357494838660791
1198.8578	1.37010253420828
1206.4821	1.3788158884956392
1212.9031	1.3861540635253646
1228.7111	1.4042200767429158
1227.4738	1.4028060409285132
1242.563	1.420050580822382
1271.604	1.4532397945022217
1280.8951	1.4638580343431624
1313.7063	1.501355983032669
1323.9677	1.5130831204333888
1309.8341	1.4969306783526968
1303.8674	1.4901116954917932
1257.4514	1.4370656384633351
1307.3463	1.494087521237146
1314.1241	1.5018334615449598
1317.0665	1.5051961536813034
1338.6019	1.5298076681705022
1359.7072	1.5539276472165795
1389.6375	1.588133188423897
1394.8801	1.5941246409096217
1410.3427	1.6117959172240008
1392.7162	1.5916516496392865
1384.3812	1.5821260790314746
1409.0497	1.6103182252268924
1403.5743	1.604060719611294
1427.0972	1.6309436284115935
1415.7869	1.618017766234565
1449.5112	1.656559242041287
1461.2643	1.6699911537282306
1474.4288	1.6850360696570295
1522.0564	1.7394667915143325
1564.7432	1.7882509699692268
1603.9025	1.8330037806593873
1595.1082	1.8229533036832288
1550.6074	1.7720960136407438
1630.5848	1.8634973778554065
1678.5862	1.9183552932691823
1653.6207	1.8898237236219924
1668.848	1.9072260897067355
1725.1941	1.9716206612754013
1796.1405	2.0527010383084026
1806.541	2.064587144739902
1825.2535	2.0859725364613992
1758.4696	2.009649230532779
1789.0554	2.0446039032977956
1838.6967	2.1013359618717096
1825.1704	2.0858775664652973
1719.2134	1.9647856786558284
1728.2465	1.9751090658012902
1672.5308	1.911434940508709
1666.0814	1.911434940508709
1699.8691	1.911434940508709
1735.4707	1.911434940508709
1765.7152	1.9447460151688665
1761.6945	1.9403176451218795
1818.356	2.0027242134849375
1847.5122	2.0348366423565167
1892.7006	2.084606820940162
1950.0917	2.1478169654930084
1962.6274	2.161623695265937
2004.4292	2.2076638969796027
1826.5634	2.011763784784373
1897.1541	2.089511873792714
1848.9214	2.036388725095894
1876.7981	2.067091921874773
1863.0814	2.0519844472003372
1885.1532	2.076294168891357
1934.3635	2.130494039193354
1967.4681	2.1669552074121925
1961.9891	2.1609206762391526
1980.9224	2.181773676614862
2001.3391	2.204260483076005
1977.7578	2.178288208947368
2015.0339	2.219343837248034
1983.3287	2.184423958119094
2018.7631	2.2234511512926587
2042.1212	2.2491775945474464
2069.5432	2.2793799880183534
2077.7656	2.2884360802098485
2090.4841	2.3024441445873456
2134.1003	2.350482713404564
2156.3018	2.374935285742261
2152.7859	2.3710628987827262
2117.1543	2.3318185109482155
2124.8176	2.340258814423002
2175.4551	2.396030592534848
2206.2659	2.4299653859399024
2225.7449	2.451419416368748
2256.6045	2.485407957742637
2280.9285	2.5121982363067947
2326.5596	2.562456001484765
2354.563	2.593298744731909
2384.8105	2.626613123570478
2432.0334	2.678624085813833
2423.2295	2.6689275337068197
2491.8245	2.7444775730962463
2531.1584	2.787799647508954
2565.8223	2.825978217527048
2441.9038	2.6894952733462976
2554.6775	2.813703415005184
2662.6802	2.9326568115962526
2678.5886	2.9501782088791852
2677.5464	2.949030337298871
2712.311	2.987319817572326
2699.519	2.9732308008237354
2744.2964	3.022548306964943
2848.9771	3.13784287666117
2861.5015	3.151637160695413
2882.4983	3.1747628851221488
2869.6846	3.1606499681497118
2890.4812	3.183555193737089
2795.0479	3.0784456438564427
2869.8296	3.1608096701062895
2935.7014	3.233360396611901
2940.5273	3.2386756081446575
2999.2437	3.3033454285806263
3044.1614	3.3528174601322327
3109.29	3.424549631505921
3097.6194	3.411695716647721
3147.6848	3.4668373879364065
3214.5708	3.5405051470238202
3282.6885	3.615529491627904
3050.2522	3.359525823422751
3019.6184	3.325785976544002
2880.1553	3.172182321782409
2654.4648	3.172182321782409
2716.3667	3.172182321782409
2752.7961	3.172182321782409
2860.8347	3.172182321782409
2897.3096	3.172182321782409
2966.8245	3.172182321782409
3044.3606	3.172182321782409
3123.2249	3.25435784930689
3089.4182	3.219131727901363
3101.7402	3.2319710842407545
3194.188	3.328300433939892
3230.3083	3.365937295065173
3152.2109	3.2845608669057853
3165.4724	3.2983791694617697
3031.8625	3.1591594716391413
2881.1841	3.0021546290608807
2920.2795	3.0021546290608807
2999.6868	3.0021546290608807
2848.9597	3.0021546290608807
2754.3779	3.0021546290608807
2760.4216	3.0021546290608807
2809.459	3.0021546290608807
2746.8796	3.0021546290608807
2591.6316	3.0021546290608807
2722.426	3.0021546290608807
2804.9187	3.0021546290608807
2758.6067	3.0021546290608807
2775.2383	3.0021546290608807
2791.7754	3.0021546290608807
2789.4084	3.0021546290608807
2702.0237	3.0021546290608807
2763.1792	3.0021546290608807
2775.5237	3.0021546290608807
2781.9294	3.0021546290608807
2895.5549	3.002154629060881
3032.2051	3.1438356002944414
3038.0762	3.1499228445883345
3112.2461	3.2268233062656395
3157.769	3.274022129870495
3182.2007	3.2993532818548097
3252.5361	3.3722780765795957
3291.1372	3.4123002744152653
3153.1858	3.26927019955969
3263.3955	3.383537264923365
3357.9233	3.4815451018132615
3430.3716	3.5566605828606392
3435.0791	3.5615413892705967
3390.5125	3.5153340718090957
3452.5203	3.5796246862981813
3404.4961	3.529832477441445
3396.7952	3.52184806913928
3460.4612	3.58785793019002
3456.7722	3.584033119813741
3424.3484	3.5504156390117902
3367.7742	3.491758662272922
3533.2041	3.6632788569237222
3585.4617	3.7174603182193144
3637.2507	3.7711559280260682
3689.8472	3.825688765910579
3733.0925	3.8705261397694297
3735.8879	3.8734244523001564
3741.2141	3.8789467361239938
3693.9543	3.829947068620369
3763.9858	3.9025567752797308
3804.9426	3.945021398109545
3890.7791	4.034017965163889
3854.9917	3.996913053572659
3864.7783	4.007059946830585
3903.8408	4.047560531087403
3819.8743	3.9605028080026012
3883.7395	4.026719202592771
3685.7551	3.8214460154251433
3732.8308	3.8702548052951893
3823.9597	3.964738611827825
3864.2683	4.006531171202528
3940.2336	4.085293130453586
3939.093	4.08411053931366
3894.1179	4.0374796829422355
3944.2568	4.0894644443884856
3920.7708	4.065113808308982
3943.9827	4.089180253408779
3905.9512	4.049748625372602
3843.9109	3.9854243143974153
3887.5906	4.030712080673576
3988.595	4.135434953313814
4025.3083	4.173499851873706
4048.6301	4.197680242937275
4052.4971	4.201689606375895
4072.532	4.222462090357385
4038.012	4.186671238042624
4076.0029	4.2260607713915475
4116.0049	4.267535443300442
4085.3821	4.235785266236003
3957.9939	4.1037072751339405
3958.9578	4.104706661070968
3857.7544	3.999777462254292
3889.3213	3.999777462254292
3890.6287	3.999777462254292
3691.928	3.999777462254292
3707.1091	3.999777462254292
3776.8704	3.999777462254292
3844.3313	3.999777462254292
3930.7908	3.9997774622542925
3859.4529	3.927187558811822
3766.8074	3.927187558811822
3724.0388	3.927187558811822
3706.2698	3.927187558811822
3721.2622	3.927187558811822
3555.1064	3.927187558811822
3515.4631	3.927187558811822
3465.02	3.927187558811822
3448.866	3.927187558811822
3587.6594	3.927187558811822
3542.9624	3.927187558811822
3510.6895	3.927187558811822
3528.0784	3.927187558811822
3579.1338	3.927187558811822
3531.5063	3.927187558811822
3374.0239	3.927187558811822
3431.5769	3.927187558811822
3396.4741	3.927187558811822
3343.5522	3.927187558811822
3307.9307	3.927187558811822
3425.2043	3.927187558811822
3359.5952	3.927187558811822
3387.4402	3.927187558811822
3418.7214	3.927187558811822
3504.564	3.927187558811822
3511.429	3.927187558811822
3563.8667	3.927187558811822
3639.573	3.927187558811822
3654.2751	3.927187558811822
3628.3059	3.927187558811822
3502.9712	3.927187558811822
3570.6567	3.927187558811822
3512.1592	3.927187558811822
3491.5034	3.927187558811822
3571.45	3.927187558811822
3629.8254	3.927187558811822
3678.5232	3.927187558811822
3749.9006	3.927187558811822
3763.8784	3.94182619810257
3812.0542	3.9922796427607583
3874.9688	4.05816870509687
3858.7986	4.041234014011058
3919.5815	4.104890594313081
3962.2092	4.149533637144873
3996.6794	4.185633511522812
4054.1118	4.2457811876379346
4008.6497	4.198169740679191
4085.1641	4.278301571306902
4119.8052	4.314580425456677
4132.4399	4.327812465967117
4165.583	4.362522498009154
4160.5225	4.357222748826104
4050.7422	4.242252280445522
3952.1436	4.138992157967538
3987.5918	4.176116270009941
3802.3901	3.982158645610297
3508.2954	3.674159802400294
3670.345	3.674159802400294
3731.3491	3.674159802400294
3760.3601	3.674159802400294
3504.635	3.674159802400294
3537.8093	3.674159802400294
3516.3533	3.674159802400294
3430.9375	3.674159802400294
3357.7458	3.674159802400294
3629.1541	3.674159802400294
3622.1616	3.674159802400294
3562.4019	3.674159802400294
3616.6833	3.674159802400294
3577.8462	3.674159802400294
3661.7639	3.674159802400294
3738.1223	3.674159802400294
3670.7041	3.674159802400294
3663.2463	3.674159802400294
3548.2529	3.674159802400294
3422.1687	3.674159802400294
3425.9983	3.674159802400294
3513.6812	3.674159802400294
3505.6294	3.674159802400294
3548.4241	3.674159802400294
3639.8948	3.674159802400294
3567.6526	3.674159802400294
3552.1099	3.674159802400294
3591.2888	3.674159802400294
3532.446	3.674159802400294
3398.1785	3.674159802400294
3413.3816	3.674159802400294
3315.5903	3.674159802400294
3219.6904	3.674159802400294
3190.1929	3.674159802400294
3019.1152	3.674159802400294
2853.3008	3.674159802400294
2953.207	3.674159802400294
3042.5901	3.674159802400294
3068.4519	3.674159802400294
2952.5198	3.674159802400294
2987.0046	3.674159802400294
2989.1145	3.674159802400294
2855.0786	3.674159802400294
2971.6147	3.674159802400294
2870.1191	3.674159802400294
2700.4099	3.674159802400294
2650.0974	3.674159802400294
2720.6165	3.674159802400294
2868.7786	3.674159802400294
2906.4688	3.674159802400294
2753.9321	3.674159802400294
2809.6975	3.674159802400294
2837.7561	3.674159802400294
2655.0835	3.674159802400294
2703.7449	3.674159802400294
2638.0576	3.674159802400294
2562.3445	3.674159802400294
2465.605	3.674159802400294
2461.7563	3.674159802400294
2468.0205	3.674159802400294
2581.8821	3.674159802400294
2816.5305	3.674159802400294
2833.7178	3.674159802400294
2789.9221	3.674159802400294
2820.217	3.674159802400294
2946.6946	3.674159802400294
3019.1013	3.674159802400294
2992.9209	3.674159802400294
2854.8279	3.674159802400294
2930.9792	3.674159802400294
2906.209	3.674159802400294
2936.9211	3.674159802400294
2909.4436	3.639784780895476
2991.9451	3.742996166089899
2970.1807	3.7157683717840317
2951.6108	3.6925369747558334
2936.8828	3.67411188816779
2780.8669	3.47893219869118
2836.7874	3.4789321986911794
2789.8723	3.4213972378425743
2767.6406	3.4213972378425743
2683.1226	3.4213972378425743
2695.8599	3.4213972378425743
2770.3989	3.4213972378425743
2702.9722	3.4213972378425743
2724.3125	3.4213972378425743
2742.6458	3.4213972378425743
2730.2151	3.4213972378425743
2682.0149	3.4213972378425743
2659.4475	3.4213972378425743
2643.9175	3.4213972378425743
2425.5981	3.4213972378425743
2372.7793	3.4213972378425743
2335.4204	3.4213972378425743
2252.7292	3.4213972378425743
2229.855	3.4213972378425743
2139.335	3.4213972378425743
2250.9656	3.4213972378425743
2083.8157	3.4213972378425743
2139.811	3.4213972378425743
2094.6201	3.4213972378425743
2144.9851	3.4213972378425743
2238.4973	3.4213972378425743
2252.1694	3.4213972378425743
2122.6404	3.4213972378425743
2113.6631	3.4213972378425743
2053.7485	3.4213972378425743
2064.2075	3.4213972378425743
2122.0725	3.4213972378425743
2112.7629	3.4213972378425743
2221.668	3.4213972378425743
2240.6165	3.4213972378425743
2318.7688	3.4213972378425743
2283.7444	3.4213972378425743
2268.8818	3.4213972378425743
2294.5195	3.4213972378425743
2210.1504	3.4213972378425743
2122.2349	3.4213972378425743
2103.2764	3.4213972378425743
2178.1821	3.4213972378425743
2253.7065	3.4213972378425743
2252.3738	3.4213972378425743
2237.7495	3.4213972378425743
2304.0649	3.4213972378425743
2279.1467	3.4213972378425743
2302.4583	3.4213972378425743
2257.5042	3.4213972378425743
2244.2021	3.4213972378425743
2178.0352	3.4213972378425743
2208.052	3.4213972378425743
2156.8218	3.4213972378425743
2103.7373	3.4213972378425743
2115.1619	3.4213972378425743
2118.1353	3.4213972378425743
2004.8966	3.4213972378425743
1888.0345	3.4213972378425743
1871.2091	3.4213972378425743
1868.9642	3.4213972378425743
1870.9609	3.4213972378425743
1872.623	3.4213972378425743
1761.8535	3.4213972378425743
1787.8885	3.4213972378425743
1927.1768	3.4213972378425743
1858.3785	3.4213972378425743
1825.9785	3.4213972378425743
1824.4906	3.4213972378425743
1760.4016	3.4213972378425743
1755.5468	3.4213972378425743
1760.803	3.4213972378425743
1805.5679	3.4213972378425743
1748.1185	3.4213972378425743
1738.8132	3.4213972378425743
1716.3032	3.4213972378425743
1721.2094	3.4213972378425743
1662.0713	3.4213972378425743
1608.1196	3.4213972378425743
1618.4464	3.4213972378425743
1625.1553	3.4213972378425743
1579.8145	3.4213972378425743
1582.6263	3.4213972378425743
1533.5214	3.4213972378425743
1486.5234	3.4213972378425743
1453.3866	3.4213972378425743
1590.3312	3.4213972378425743
1679.5824	3.4213972378425743
1601.7056	3.4213972378425743
1618.7	3.4213972378425743
1675.3915	3.4213972378425743
1686.1022	3.4213972378425743
1608.1893	3.4213972378425743
1593.7	3.4213972378425743
1540.7529	3.4213972378425743
1521.5822	3.4213972378425743
1445.8997	3.4213972378425743
1497.361	3.4213972378425743
1456.8213	3.4213972378425743
1443.6514	3.4213972378425743
1371.4117	3.4213972378425743
1382.613	3.4213972378425743
1428.9537	3.4213972378425743
1418.5533	3.4213972378425743
1384.9044	3.4213972378425743
1386.801	3.4213972378425743
1352.1517	3.4213972378425743
1254.2893	3.4213972378425743
1290.2927	3.4213972378425743
1251.1436	3.4213972378425743
1276.6953	3.4213972378425743
1251.954	3.4213972378425743
1242.5164	3.4213972378425743
1224.8977	3.4213972378425743
1269.8339	3.4213972378425743
1242.4136	3.4213972378425743
1263.4465	3.4213972378425743
1356.4547	3.4213972378425743
1341.7775	3.4213972378425743
1362.1101	3.4213972378425743
1418.5471	3.4213972378425743
1473.3234	3.4213972378425743
1517.0703	3.4213972378425743
1406.0109	3.4213972378425743
1495.3405	3.4213972378425743
1484.1514	3.3957961417484444
1473.2891	3.370942776767948
1412.4614	3.2317666327630765
1407.3141	3.2317666327630765
1415.0844	3.2317666327630765
1436.2472	3.2317666327630765
1410.1641	3.1730758361794367
1445.2114	3.1730758361794367
1454.6228	3.1937393086130337
1516.3572	3.3292820623589807
1534.5244	3.3691695856175428
1562.1953	3.4299232332536866
1625.7947	3.569560741880805
1584.543	3.478989374625244
1627.9438	3.57427926076291
1585.9695	3.48212136810406
1518.5996	3.3342054287640956
1535.2996	3.3708715984775344
1553.1232	3.41000472078319
1562.939	3.4315560853743983
1594.6024	3.501075582266883
1603.7252	3.521105410593935
1585.9991	3.482186357243193
1502.5857	3.2990456458195423
1475.2223	3.238967138733511
1466.4025	3.238967138733511
1460.0336	3.238967138733511
1457.9377	3.238967138733511
1444.764	3.238967138733511
1430.793	3.238967138733511
1486.1136	3.238967138733511
1533.1956	3.2389671387335115
1530.2023	3.232643613974915
1496.3386	3.1611045282275194
1526.0046	3.1611045282275194
1532.6343	3.1748378909518453
1495.7859	3.0985067684257808
1557.2196	3.0985067684257808
1562.3286	3.108672496547805
1584.4375	3.1526640930396863
1596.2539	3.1761759955217936
1609.8495	3.203228094417036
1605.8326	3.1952353926567385
1626.0684	3.2354999534576114
1618.8582	3.221153323411532
1648.2607	3.279657496656358
1689.7445	3.3622006621033007
1731.1626	3.4446130997487914
1715.0173	3.4124876876821406
1784.7722	3.5512838021035518
1834.1404	3.6495150996321706
1865.4177	3.7117496911747403
1870.326	3.7215160727252066
1874.5706	3.729961844811083
1939.6035	3.8593622715847746
1985.515	3.9507155357606045
1918.4017	3.817175594251141
1835.2311	3.651685340317763
1860.3833	3.701732399795308
1904.6025	3.789718378455205
1959.897	3.899741642037759
1873.5916	3.7280138612856453
1876.9362	3.7346688415708136
1772.6082	3.5270802560326366
1711.6703	3.5270802560326366
1737.5874	3.5270802560326366
1730.1986	3.5270802560326366
1841.6871	3.5270802560326366
1857.4594	3.5572863469164915
1843.645	3.5308298997333964
1772.0095	3.39363821408765
1807.3876	3.39363821408765
1794.2286	3.39363821408765
1793.281	3.39363821408765
1782.4777	3.39363821408765
1810.2043	3.39363821408765
1874.5575	3.39363821408765
1887.0389	3.4162341365948623
1927.8315	3.490083739080778
1923.4618	3.4821729756584245
1968.694	3.5640598862638635
1981.022	3.5863780983770006
1937.1666	3.506983701921251
1995.1011	3.611866445242841
2011.5227	3.641595578276349
2006.582	3.632651094938632
2026.4078	3.66854308145004
2057.6682	3.7251358976360818
2073.1357	3.7531377589160906
2063.1602	3.7350784366468983
2074.1763	3.755021627469379
1997.9828	3.6170833816353154
2030.7097	3.6763311019472424
2093.5957	3.7901778805769273
2136.542	3.8679264718224196
2160.8674	3.911964388511008
2177.2383	3.941601735905797
2180.7097	3.947886246088271
2152.6477	3.897083709722368
2202.3171	3.9870035835650244
2184.1729	3.9541559112561995
2096.0049	3.794539418265358
2109.4617	3.8189011733565374
2092.3784	3.7879741200638417
2033.5148	3.681409364179442
2044.009	3.681409364179442
2106.6289	3.681409364179442
2126.0664	3.715377090776299
2197.8037	3.8407405888185737
2212.7683	3.8668917626542694
2243.772	3.9210718375142553
2239.551	3.913695489014431
2253.5981	3.9382432987779663
2192.4109	3.831316477899395
2243.9802	3.921435674462292
2262.6072	3.9539870233147503
2254.4841	3.939791615473262
2261.9434	3.95282700906832
2274.1082	3.9740854322454493
2295.6641	4.011755138624829
2275.3721	3.97629414270954
2228.4836	3.8943548115951097
2225.3162	3.888819666786216
2233.5203	3.903156625025355
2219.7119	3.8790259520509474
2241.2397	3.916646552675093
2305.3772	4.028729128346137
2313.6648	4.043212005822362
2356.5671	4.118185309836579
2363.4028	4.1301309401232995
2352.8701	4.111724670082054
2354.9443	4.115349408783389
2368.084	4.138311504586075
2392.5452	4.181058326648123
2375.4102	4.151114301169684
2330.6055	4.072816485100015
2373.0356	4.146964602721998
2370.2083	4.142023794829661
2406.8809	4.2061104752358816
2436.4673	4.257813767644126
2450.0464	4.2815437306656765
2444.9011	4.272552134850432
2442.7095	4.2687222354492915
2473.3696	4.3223018570175125
2471.8921	4.319719872912208
2480.6362	4.335000500469023
2513.2686	4.392026786843262
2500.6418	4.369961002138789
2547.8818	4.452514592077595
2579.7644	4.508230576128885
2611.188	4.563144441260152
2643.4385	4.619503343722503
2626.626	4.590122898531009
2635.5596	4.605734684116896
2675.8687	4.676176278363346
2680.2454	4.683824718183099
2668.1433	4.662675865498968
2730.0032	4.770778253692352
2755.821	4.8158957827846915
2754.8064	4.814122732988927
2764.6948	4.831403065731325
2815.5415	4.920259492944311
2768.6079	4.838241347966497
2816.3367	4.921649133391376
2849.4561	4.979526469687296
2852.0144	4.983997190456569
2911.2957	5.08759338290448
2928.2188	5.11716710555252
2775.7808	4.850776247316032
2828.9719	4.943729597396346
2907.0378	5.080152550334614
2953.0107	5.160491837694853
2959.762	5.172289975962293
2938.4719	5.135084764591503
2884.1853	5.040216989071351
2802.2051	4.896953656854983
2804.4341	4.896953656854983
2817.3872	4.896953656854983
2693.9119	4.896953656854983
2714.854	4.896953656854983
2625.55	4.896953656854983
2463.0603	4.896953656854983
2494.3069	4.896953656854983
2377.771	4.896953656854983
2471.5894	4.896953656854983
2523.7246	4.896953656854983
2551.7378	4.896953656854983
2477.8884	4.896953656854983
2535.0442	4.896953656854983
2538.0938	4.896953656854983
2460.324	4.896953656854983
2290.3669	4.896953656854983
2294.5708	4.896953656854983
2321.7961	4.896953656854983
2439.8274	4.896953656854983
2464.2466	4.896953656854983
2487.3386	4.896953656854983
2535.074	4.896953656854983
2550.4365	4.896953656854983
2526.4753	4.896953656854983
2581.6362	4.896953656854983
2629.2842	4.896953656854983
2641.1228	4.919002652380854
2618.2334	4.8763719124124565
2669.7319	4.972286141805212
2579.6609	4.804531924582673
2597.3918	4.837555131276849
2539.2256	4.729222534216647
2480.3601	4.6195875143555005
2482.1772	4.6195875143555005
2462.6953	4.6195875143555005
2398.6887	4.6195875143555005
2381.9404	4.6195875143555005
2406.5757	4.6195875143555005
2524.8125	4.6195875143555005
2521.8665	4.6141972904013295
2559.8716	4.68373428985845
2582.9204	4.725906113984352
2590.6694	4.740084269252809
2591.2881	4.741216289470204
2652.0996	4.852481599717689
2691.3518	4.924300387461724
2680.6519	4.904723042829259
2669.231	4.883826502178142
2716.1458	4.969665361229451
2716.3091	4.969964147234785
2644.3188	4.838245260769075
2656.7363	4.86096525600021
2598.5413	4.754487291637344
2631.8694	4.815466898890236
2712.1897	4.9624269820763285
2747.9316	5.027823059994725
2763.1917	5.055744090735748
2783.9746	5.093770053199139
2792.7505	5.109827102214553
2805.3755	5.13292675510709
2812.5911	5.146128961476309
2812.2412	5.145488758027033
2814.8062	5.1501818756246065
2832.8015	5.183107434729325
2908.8071	5.322173017136374
2916.7578	5.336720217948469
2932.8501	5.366163904621148
2950.7432	5.398902470892153
2944.5063	5.387490967911919
2976.0454	5.445197285737108
2867.0957	5.245854691460195
2934.5142	5.369208667581819
2823.1077	5.165370926593905
2757.782	5.045846095309788
2855.1345	5.045846095309788
2901.8079	5.128331453931187
2934.136	5.18546453020265
2932.4329	5.182454661320843
2950.3362	5.214094955814207
2972.4902	5.253247463128834
2947.2083	5.2085670544135825
2901.2964	5.127427485912255
2917.0291	5.15523170419468
2912.7725	5.147709064371829
2946.9395	5.208092007290437
2931.4055	5.180638949213999
2912.1089	5.146536291786563
2841.1541	5.021138696498674
2774.1475	5.021138696498674
2787.9209	5.021138696498674
2724.9814	5.021138696498674
2753.5435	5.021138696498674
2831.748	5.021138696498674
2828.4138	5.021138696498674
2871.1904	5.021138696498674
2890.7117	5.021138696498674
2924.0989	5.0791319449736925
2939.7869	5.106381851586888
2917.8525	5.068282007654171
2941.4729	5.109310417532187
2921.8748	5.075268704452377
2860.3718	4.968438579106166
2872.4092	4.968438579106166
2879.4717	4.968438579106166
2929.6306	4.968438579106166
2849.6272	4.832758681777245
2896.4685	4.832758681777245
2909.5247	4.854542955937665
2928.5186	4.886234284576595
2930.5088	4.8895549339565125
2834.6848	4.729672557219937
2848.9463	4.729672557219937
2810.123	4.729672557219937
2777.9014	4.729672557219937
2703.8921	4.729672557219937
2671.957	4.729672557219937
2685.3835	4.729672557219937
2687.7942	4.729672557219937
2649.4207	4.729672557219937
2640.9209	4.729672557219937
2699.0854	4.729672557219937
2699.5786	4.729672557219937
2648.3767	4.729672557219937
2645.0698	4.729672557219937
2653.5195	4.729672557219937
2686.8813	4.729672557219937
2688.6826	4.729672557219937
2719.0105	4.729672557219937
2707.8972	4.729672557219937
2695.8149	4.729672557219937
2737.2981	4.729672557219937
2776.0027	4.729672557219937
2771.115	4.729672557219937
2804.8689	4.729672557219937
2796.9819	4.716373209268668
2819.6604	4.754614525677043
2746.6982	4.63158299466524
2753.2737	4.63158299466524
2775.3411	4.63158299466524
2790.0388	4.63158299466524
2767.6985	4.594497147122288
2765.7578	4.594497147122288
2729.1772	4.594497147122288
2696.2683	4.594497147122288
2715.127	4.594497147122288
2773.3787	4.594497147122288
2770.2295	4.589280048420362
2790.5957	4.623019561815241
2799.6973	4.638097659600533
2781.646	4.608193108032497
2789.1377	4.620604176984997
2754.7568	4.5636473153182155
2792.1946	4.625668367580041
2847.2852	4.7169337993558225
2854.9307	4.729599659931705
2841.9175	4.708041439168371
2879.197	4.769800244915363
2888.1436	4.784621563106219
2887.6794	4.783852549636946
2882.0188	4.7744749588481366
2859.2031	4.736677499539894
2888.3198	4.784913463522605
2877.9897	4.767800180371086
2891.6836	4.7904860777146325
2903.678	4.810356511053377
2890.3345	4.788251101257511
2865.4258	4.746986289103107
2729.0161	4.52100417656658
2732.186	4.52100417656658
2790.0979	4.52100417656658
2769.5701	4.52100417656658
2753.281	4.52100417656658
2741.5742	4.52100417656658
2685.8318	4.52100417656658
2675.7263	4.52100417656658
2636.4863	4.52100417656658
2623.2981	4.52100417656658
2595.635	4.52100417656658
2626.0454	4.52100417656658
2525.6462	4.52100417656658
2480.2161	4.52100417656658
2479.5588	4.52100417656658
2426.5657	4.52100417656658
2425.708	4.52100417656658
2482.4351	4.52100417656658
2474.2952	4.52100417656658
2342.5325	4.52100417656658
2376.4202	4.52100417656658
2373.8977	4.52100417656658
2342.7744	4.52100417656658
2379.2729	4.52100417656658
2467.0898	4.52100417656658
2425.8643	4.52100417656658
2429.6675	4.52100417656658
2465.9141	4.52100417656658
2466.4604	4.52100417656658
2405.4834	4.52100417656658
2377.688	4.52100417656658
2386.0808	4.52100417656658
2371.7124	4.52100417656658
2379.9822	4.52100417656658
2346.9521	4.52100417656658
2351.731	4.52100417656658
2418.7344	4.52100417656658
2400.9795	4.52100417656658
2403.2544	4.52100417656658
2389.9202	4.52100417656658
2334.8423	4.52100417656658
2405.1104	4.52100417656658
2412.365	4.52100417656658
2396.4272	4.52100417656658
2398.7239	4.52100417656658
2379.6174	4.52100417656658
2358.3433	4.52100417656658
2251.0808	4.52100417656658
2221.4492	4.52100417656658
2196.7825	4.52100417656658
2199.1772	4.52100417656658
2184.6946	4.52100417656658
2233.575	4.52100417656658
2250.4587	4.52100417656658
2246.5378	4.52100417656658
2302.0532	4.52100417656658
2324.6489	4.52100417656658
2289.8896	4.52100417656658
2306.3728	4.52100417656658
2261.5134	4.52100417656658
2265.5232	4.52100417656658
2316.978	4.52100417656658
2370.1404	4.52100417656658
2376.3601	4.52100417656658
2405.2024	4.52100417656658
2414.2734	4.538054728688778
2433.4854	4.574167087565601
2423.9746	4.556289853399158
2478.6392	4.659041657118605
2491.3989	4.6830257746264445
2485.0549	4.671101102301097
2525.6675	4.747439681632811
2482.7773	4.666819949449866
2495.1399	4.6900576471310345
2483.5369	4.668247752271167
2522.8025	4.742054406378693
2539.395	4.773242950760522
2463.0813	4.629797826795383
2480.165	4.661909668630902
2450.4412	4.606038518683842
2485.1851	4.6713458362759965
2539.3618	4.7731805454766
2553.5396	4.799830233259435
2550.1333	4.7934274887225765
2564.5752	4.820573599260949
2518.7383	4.734415022194476
2521.7617	4.740098038321281
2537.6367	4.769937914293047
2484.8027	4.670627047704556
2493.9685	4.687855793227833
2502.9478	4.704733978948354
2552.074	4.797075378316177
2548.1951	4.789784298322043
2528.9971	4.753698254926391
2567.248	4.825597600552119
2573.0613	4.836524728173326
2601.4846	4.889951357887235
2609.8606	4.905695534336968
2612.4822	4.910623296154139
2572.9863	4.836383752381334
2584.1265	4.857323732620746
2615.4402	4.916183381390327
2618.3835	4.921715835371284
2576.2893	4.842592326260688
2523.9675	4.744244230347645
2524.8979	4.744244230347645
2512.1665	4.744244230347645
2514.8953	4.744244230347645
2559.8213	4.744244230347645
2543.2634	4.71355665010848
2532.3484	4.693327337314558
2575.3315	4.693327337314558
2650.9824	4.831194806827686
2705.4341	4.930428498557568
2732.1619	4.979137689745683
2755.6638	5.0219679466461375
2741.897	4.996879099331785
2811.8662	5.124392143431168
2793.7158	5.091314549924005
2853.3816	5.200050504981729
2865.0239	5.221267627848909
2857.5168	5.207586562846615
2862.9167	5.217427431212014
2937.7632	5.353828948668044
2930.7598	5.3410658349973765
2891.208	5.268985971034234
2888.439	5.263939698972938
2884.6086	5.256959113742319
2961.3882	5.396883545074004
2947.374	5.371343831848505
2920.3315	5.32206112610001
2972.9573	5.417967267032954
3013.1863	5.491281271638896
3047.5754	5.55395254449664
3031.6108	5.524858389585208
3021.8269	5.507028046060286
3046.0369	5.551148756282013
2885.9338	5.259374180457966
2923.0405	5.259374180457966
2806.0601	5.259374180457966
2741.8477	5.259374180457966
2774.5728	5.259374180457966
2807.896	5.259374180457966
2812.4807	5.259374180457966
2763.8311	5.259374180457966
2801.5005	5.259374180457966
2833.8896	5.259374180457966
2811.2627	5.259374180457966
2811.4978	5.259374180457966
2762.1379	5.259374180457966
2761.8118	5.259374180457966
2780.5613	5.259374180457966
2777.4658	5.259374180457966
2782.8362	5.259374180457966
2806.1799	5.259374180457966
2783.0981	5.259374180457966
2740.5222	5.259374180457966
2770.6641	5.259374180457966
2853.1992	5.259374180457966
2863.6184	5.259374180457966
2848.1165	5.2309031060270845
2838.8376	5.2309031060270845
2834.1445	5.2309031060270845
2793.8491	5.2309031060270845
2841.6877	5.2309031060270845
2816.7048	5.2309031060270845
2787.8984	5.2309031060270845
2762.385	5.2309031060270845
2706.0044	5.2309031060270845
2658.0857	5.2309031060270845
2680.3623	5.2309031060270845
2689.5022	5.2309031060270845
2737.5686	5.2309031060270845
2780.821	5.2309031060270845
2768.9219	5.2309031060270845
2754.5686	5.2309031060270845
2761.876	5.2309031060270845
2709.3159	5.2309031060270845
2717.3694	5.2309031060270845
2733.0605	5.2309031060270845
2739.29	5.2309031060270845
2701.4995	5.2309031060270845
2613.2771	5.2309031060270845
2617.2839	5.2309031060270845
2667.1047	5.2309031060270845
2585.6169	5.2309031060270845
2616.8625	5.2309031060270845
2589.7888	5.2309031060270845
2569.8977	5.2309031060270845
2601.6255	5.2309031060270845
2640.3801	5.2309031060270845
2649.1143	5.2309031060270845
2681.9158	5.2309031060270845
2690.3313	5.2309031060270845
2665.3159	5.2309031060270845
2717.4441	5.2309031060270845
2731.3635	5.2309031060270845
2800.1147	5.2309031060270845
2799.5637	5.229873781188563
2828.8628	5.2846075223434505
2831.771	5.2900403399394405
2805.8582	5.241632556499048
2843.2271	5.311441516495871
2770.6711	5.175899423966268
2779.2734	5.191969407738353
2794.6472	5.220689252025959
2795.606	5.222480389331178
2824.3621	5.276199750472785
2837.3442	5.300451652444071
2832.2727	5.29097756729241
2814.2871	5.257378611184019
2852.2205	5.3282421154119595
2903.8962	5.424777653629778
2908.6108	5.4335850127653424
2911.2871	5.438584617239638
2871.9812	5.365157141431169
2851.2944	5.326512065079918
2860.9697	5.344586523537545
2820.3303	5.2686679321716
2855.3779	5.334140464314228
2819.512	5.26713926335969
2829.9917	5.286716423995371
2828.0664	5.28311976499064
2835.7634	5.29749855497631
2865.4058	5.352873615944383
2865.0012	5.352117781407785
2893.759	5.405840318324756
2893.6606	5.4056564969742835
2862.6104	5.347651520384303
2857.54	5.338179490146112
2829.7332	5.286233519329748
2865.1155	5.286233519329748
2887.885	5.328244005161255
2896.3669	5.343893393148441
2921.0498	5.389434165705172
2909.5354	5.368189714221464
2907.8835	5.36514190370542
2935.5164	5.416125524511034
2925.6855	5.397987186595799
2931.2798	5.408308856412316
2937.8306	5.420395300584785
2887.4048	5.327358020168334
2895.0017	5.341374553680856
2914.9758	5.378227433412388
2899.5435	5.349754325944171
2852.488	5.262935361274572
2824.9434	5.262935361274572
2808.5781	5.262935361274572
2762.5298	5.262935361274572
2791.1301	5.262935361274572
2814.936	5.262935361274572
2751.1128	5.262935361274572
2755.7842	5.262935361274572
2751.1357	5.262935361274572
2761.4365	5.262935361274572
2778.4812	5.262935361274572
2774.4824	5.262935361274572
2737.6516	5.262935361274572
2761.165	5.262935361274572
2743.126	5.262935361274572
2744.4041	5.262935361274572
2762.9775	5.262935361274572
2751.4275	5.262935361274572
2748.6934	5.262935361274572
2664.0215	5.262935361274572
2658.6104	5.262935361274572
2633.7385	5.262935361274572
2624.8015	5.262935361274572
2595.0278	5.262935361274572
2585.5417	5.262935361274572
2624.0471	5.262935361274572
2632.594	5.262935361274572
2595.8835	5.262935361274572
2622.9783	5.262935361274572
2641.468	5.262935361274572
2649.2563	5.262935361274572
2604.4683	5.262935361274572
2611.3296	5.262935361274572
2609.3252	5.262935361274572
2641.2092	5.262935361274572
2622.6199	5.262935361274572
2580.7749	5.262935361274572
2560.2351	5.262935361274572
2537.3245	5.262935361274572
2565.739	5.262935361274572
2566.8528	5.262935361274572
2608.8206	5.262935361274572
2666.0056	5.262935361274572
2679.4917	5.262935361274572
2681.9883	5.262935361274572
2652.8499	5.262935361274572
2687.1235	5.262935361274572
2691.0337	5.262935361274572
2746.8662	5.262935361274572
2754.2375	5.277058610316904
2753.6223	5.275879900617007
2741.563	5.252774546449332
2743.7161	5.256899838801162
2752.8994	5.274494840080507
2707.3723	5.187265915538685
2748.9783	5.266982098526117
2763.6812	5.295152532281966
2776.1682	5.319077350264085
2772.282	5.31163147634384
2750.6755	5.27023389648233
2749.4531	5.267891804906985
2721.759	5.214830517033308
2729.4299	5.229527793101141
2644.8511	5.067476668319683
2659.1072	5.067476668319683
2684.0381	5.067476668319683
2671.5337	5.043868301787428
2659.6453	5.021422946178038
2663.575	5.021422946178038
2641.3945	5.021422946178038
2642.2229	5.021422946178038
2648.7207	5.021422946178038
2592.8433	5.021422946178038
2489.4368	5.021422946178038
2487.9844	5.021422946178038
2514.5574	5.021422946178038
2549.6665	5.021422946178038
2564.3523	5.021422946178038
2598.3284	5.021422946178038
2579.6392	5.021422946178038
2571.9656	5.021422946178038
2529.8167	5.021422946178038
2505.7407	5.021422946178038
2484.991	5.021422946178038
2522.812	5.021422946178038
2513.7053	5.021422946178038
2582.5657	5.021422946178038
2582.3457	5.021422946178038
2550.7104	5.021422946178038
2538.542	5.021422946178038
2537.5537	5.021422946178038
2525.7266	5.021422946178038
2498.5847	5.021422946178038
2446.7664	5.021422946178038
2433.6365	5.021422946178038
2482.1575	5.021422946178038
2464.1338	5.021422946178038
2459.5559	5.021422946178038
2430.4026	5.021422946178038
2445.6694	5.021422946178038
2446.2578	5.021422946178038
2449.522	5.021422946178038
2405.616	5.021422946178038
2415.3489	5.021422946178038
2480.3992	5.021422946178038
2410.5479	5.021422946178038
2396.9077	5.021422946178038
2356.8569	5.021422946178038
2376.2737	5.021422946178038
2351.2627	5.021422946178038
2317.3804	5.021422946178038
2312.2429	5.021422946178038
2298.0452	5.021422946178038
2296.5129	5.021422946178038
2367.7161	5.021422946178038
2389.1013	5.021422946178038
2380.6648	5.021422946178038
2390.9915	5.021422946178038
2330.9607	5.021422946178038
2323.7573	5.021422946178038
2274.0742	5.021422946178038
2254.5029	5.021422946178038
2304.9321	5.021422946178038
2348.1189	5.021422946178038
2367.5459	5.021422946178038
2373.8008	5.021422946178038
2414.7888	5.021422946178038
2411.9854	5.021422946178038
2413.5364	5.021422946178038
2449.4392	5.021422946178038
2456.4675	5.021422946178038
2475.6462	5.021422946178038
2458.5745	4.986795936021956
2449.9902	4.969384158443691
2474.2378	5.018566248772165
2432.4189	4.933743795529887
2432.9102	4.93474031316373
2483.5703	5.037495621493197
2484.8682	5.040128188635403
2422.9226	4.914482182653301
2419.5859	4.907714260021823
2369.6692	4.8064668108598685
2369.4299	4.8064668108598685
2367.1885	4.8064668108598685
2350.8801	4.8064668108598685
2353.9717	4.8064668108598685
2337.7026	4.8064668108598685
2340.6096	4.8064668108598685
2370.5764	4.8064668108598685
2290.1743	4.8064668108598685
2341.9871	4.8064668108598685
2312.4482	4.8064668108598685
2275.5403	4.8064668108598685
2271.2117	4.8064668108598685
2277.9377	4.8064668108598685
2275.4111	4.8064668108598685
2259.1169	4.8064668108598685
2234.6802	4.8064668108598685
2188.4912	4.8064668108598685
2166.0227	4.8064668108598685
2118.4556	4.8064668108598685
2164.1895	4.8064668108598685
2160.3008	4.8064668108598685
2157.2908	4.8064668108598685
2127.084	4.8064668108598685
2119.521	4.8064668108598685
2137.8196	4.8064668108598685
2121.7813	4.8064668108598685
2091.3022	4.8064668108598685
2092.5945	4.8064668108598685
2096.7156	4.8064668108598685
2123.853	4.8064668108598685
2089.2793	4.8064668108598685
2057.3379	4.8064668108598685
2070.978	4.8064668108598685
2134.6294	4.8064668108598685
2198.0198	4.8064668108598685
2190.5801	4.8064668108598685
2189.115	4.8064668108598685
2151.4587	4.8064668108598685
2107.7009	4.8064668108598685
2199.6736	4.8064668108598685
2163.0229	4.8064668108598685
2192.2012	4.8064668108598685
2217.0903	4.8064668108598685
2187.4016	4.8064668108598685
2192.6951	4.8064668108598685
2171.1606	4.8064668108598685
2213.4438	4.8064668108598685
2233.2681	4.8064668108598685
2237.395	4.8064668108598685
2199.533	4.8064668108598685
2255.2036	4.8064668108598685
2259.9009	4.8064668108598685
2263.8499	4.814865735536648
2267.4424	4.822506438727665
2261.8474	4.81060672144061
2285.7166	4.86137289335628
2277.4534	4.843798318935119
2276.1909	4.841113172719766
2281.907	4.853270451358646
2301.4626	4.894862249639026
2328.3157	4.951974724756277
2335.072	4.96634435119176
2365.3137	5.030663865093445
2373.1587	5.047348991477171
2373.1238	5.04727476446496
2348.573	4.995058932620272
2348.2434	4.994357923358822
2385.6973	5.074016693921401
2372.512	5.045973558560363
2340.6604	4.978230031278798
2325.8052	4.946635271628635
2351.4404	5.001157457973069
2374.7258	5.0506819757417905
2372.4702	5.04588465629359
2394.2798	5.092270371064591
2324.0073	4.942811410733123
2307.7808	4.908300103752175
2343.3469	4.983943809740222
2353.687	5.005935635784883
2317.8767	4.9297725533962105
2319.1531	4.93248726280554
2314.96	4.923569174412984
2286.2542	4.8625162871031105
2287.1401	4.8625162871031105
2281.6536	4.8625162871031105
2213.4287	4.8625162871031105
2180.4851	4.8625162871031105
2186.8015	4.8625162871031105
2232.1934	4.8625162871031105
2239.554	4.8625162871031105
2218.4792	4.8625162871031105
2238.6689	4.8625162871031105
2243.0652	4.8625162871031105
2284.4941	4.8625162871031105
2293.9775	4.8625162871031105
2291.6958	4.857679795283865
2267.0884	4.805519787924045
2312.2395	4.805519787924045
2308.3257	4.797385750188777
2333.3052	4.8493005633136494
2311.1604	4.803277097924524
2307.0942	4.794826327767861
2326.718	4.835610407104912
2324.2986	4.830582176000434
2316.031	4.8133996499694405
2356.9429	4.898426717888474
2360.8232	4.9064911326833425
2375.5879	4.937176560387853
2380.2893	4.946947464626339
2375.166	4.936299726998178
2335.0703	4.8529689648687935
2337.6311	4.858291067130655
2323.1802	4.828257808939489
2311.2295	4.80342070822845
2307.1724	4.80342070822845
2278.2566	4.80342070822845
2309.2104	4.80342070822845
2275.9709	4.734278761426564
2280.9971	4.734278761426564
2307.8838	4.734278761426564
2299.9026	4.7179065222130045
2284.9473	4.7179065222130045
2266.5642	4.7179065222130045
2296.9739	4.7179065222130045
2324.5713	4.7179065222130045
2321.0466	4.710752856881748
2315.0503	4.698582878323058
2316.0659	4.700644121126821
2252.1699	4.57096199214961
2253.936	4.57096199214961
2250.8372	4.57096199214961
2240.3032	4.57096199214961
2229.5366	4.57096199214961
2260.0667	4.57096199214961
2247.0132	4.57096199214961
2280.9197	4.57096199214961
2266.3286	4.57096199214961
2274.6348	4.57096199214961
2286.8459	4.57096199214961
2271.0371	4.57096199214961
2268.2422	4.57096199214961
2236.604	4.57096199214961
2195.2542	4.57096199214961
2194.5483	4.57096199214961
2190.0637	4.57096199214961
2169.4102	4.57096199214961
2197.4744	4.57096199214961
2205.2075	4.57096199214961
2210.3271	4.57096199214961
2206.7317	4.57096199214961
2178.7942	4.57096199214961
2208.6255	4.57096199214961
2157.0667	4.57096199214961
2148.1135	4.57096199214961
2162.8381	4.57096199214961
2178.916	4.57096199214961
2177.9543	4.57096199214961
2130.8081	4.57096199214961
2143.1953	4.57096199214961
2149.8604	4.57096199214961
2167.0112	4.57096199214961
2150.0386	4.57096199214961
2123.458	4.57096199214961
2131.4973	4.57096199214961
2120.0171	4.57096199214961
2108.0332	4.57096199214961
2107.4844	4.57096199214961
2086.3672	4.57096199214961
2075.749	4.57096199214961
2098.7791	4.57096199214961
2084.4507	4.57096199214961
2109.8882	4.57096199214961
2138.1489	4.57096199214961
2143.9348	4.57096199214961
2145.6272	4.57096199214961
2163.3755	4.57096199214961
2157.1125	4.57096199214961
2121.9438	4.57096199214961
2130.5437	4.57096199214961
2109.0728	4.57096199214961
2099.8696	4.57096199214961
2099.6833	4.57096199214961
2094.8035	4.57096199214961
2109.8784	4.57096199214961
2097.3894	4.57096199214961
2104.0818	4.57096199214961
2078.3987	4.57096199214961
2038.9087	4.57096199214961
2054.6292	4.57096199214961
2035.7985	4.57096199214961
2027.698	4.57096199214961
2025.563	4.57096199214961
2045.176	4.57096199214961
2027.9742	4.57096199214961
2026.1313	4.57096199214961
2041.4193	4.57096199214961
2117.1311	4.57096199214961
2126.9775	4.57096199214961
2114.2766	4.57096199214961
2122.0603	4.57096199214961
2102.7568	4.57096199214961
2114.6616	4.57096199214961
2066.6804	4.57096199214961
2052.4927	4.57096199214961
2062.5359	4.57096199214961
2015.2455	4.57096199214961
2015.4238	4.57096199214961
2024.37	4.57096199214961
2019.2172	4.57096199214961
1989.29	4.57096199214961
2041.81	4.57096199214961
2073.98	4.57096199214961
2061.06	4.57096199214961
2105.03	4.57096199214961
2113.82	4.590049015095124
2093.38	4.545664629542643
2093.87	4.545664629542643
2086.66	4.545664629542643
2088.35	4.545664629542643
2094.0	4.545664629542643
2123.0	4.545664629542643
2119.54	4.5382562453607225
2124.96	4.549861286478066
2104.08	4.505154043206822
2103.47	4.503847940793246
2088.19	4.4711311459089265
2051.26	4.4711311459089265
2045.04	4.4711311459089265
2047.89	4.4711311459089265
2055.02	4.4711311459089265
2091.44	4.4711311459089265
2102.39	4.494540321428044
2097.24	4.483530526549189
2087.55	4.4628150095829575
2086.42	4.4628150095829575
2048.81	4.4628150095829575
2044.45	4.4628150095829575
2054.9	4.4628150095829575
2021.32	4.4628150095829575
2028.47	4.4628150095829575
2001.68	4.4628150095829575
1985.44	4.4628150095829575
1986.99	4.4628150095829575
1979.87	4.4628150095829575
2001.31	4.4628150095829575
1984.53	4.4628150095829575
1995.25	4.4628150095829575
1980.47	4.4628150095829575
1948.17	4.4628150095829575
1925.32	4.4628150095829575
1913.6	4.4628150095829575
1932.54	4.4628150095829575
1905.13	4.4628150095829575
1923.07	4.4628150095829575
1981.96	4.4628150095829575
1979.19	4.4628150095829575
2013.55	4.4628150095829575
2036.12	4.4628150095829575
2025.96	4.4628150095829575
2032.36	4.4628150095829575
2010.41	4.4628150095829575
2095.63	4.4628150095829575
2106.23	4.485388574144249
2105.87	4.48462192478179
2109.19	4.491692135568912
2116.01	4.506215881824384
2105.16	4.4831099218724955
2111.62	4.496867018765509
2164.48	4.609436700153233
2176.33	4.6346722416675075
2163.95	4.608308021925168
2190.89	4.665678949215847
2223.24	4.734570912759033
2224.87	4.738042130705723
2235.9	4.761531415338841
2234.09	4.757676872710922
2236.15	4.762063810729438
2245.05	4.781017086634673
2204.14	4.693895904917461
2274.8	4.844372138115657
2293.0	4.883130522551081
2280.13	4.855722807843174
2256.16	4.80467673779278
2289.14	4.874910337720271
2301.56	4.901359740725105
2283.34	4.8625587646584325
2287.96	4.872397431476656
2263.33	4.819945837595088
2254.06	4.80020461651177
2307.68	4.914392779886907
2321.96	4.944803204597779
2341.01	4.985371733361233
2336.44	4.975639545621129
2365.68	5.037908510505295
2361.0802	5.028112861234631
2381.3447	5.071267766805603
2390.3536	5.0904529541429815
2385.7977	5.080750793502908
2407.6385	5.127262558490668
2398.54	5.107886560645299
2355.6624	5.016575214245937
2383.5538	5.07597222543507
2316.3375	4.932829632263264
2306.6774	4.912257661412459
2322.1645	4.945238704027287
2290.0549	4.876858691891698
2305.4933	4.909736023884438
2366.067	5.038732658569939
2376.7759	5.061538134563373
2279.0616	4.85344756290192
2341.9301	4.85344756290192
2372.3616	4.916514214425998
2344.7553	4.859302545531294
2328.4314	4.825472674745631
2321.14	4.810361878928052
2277.1465	4.71918915547293
2253.9512	4.71918915547293
2261.0161	4.71918915547293
2265.3878	4.71918915547293
2233.6098	4.71918915547293
2248.0284	4.71918915547293
2317.1845	4.71918915547293
2330.8682	4.747057445048812
2336.3204	4.758161421928284
2333.0266	4.751453252923918
2306.5071	4.6974435110114525
2313.8929	4.6974435110114525
2241.0454	4.6974435110114525
2239.2658	4.6974435110114525
2244.8436	4.6974435110114525
2227.5937	4.6974435110114525
2216.901	4.6974435110114525
2214.7981	4.6974435110114525
2233.5536	4.6974435110114525
2227.8282	4.6974435110114525
2220.7394	4.6974435110114525
2204.9291	4.6974435110114525
2178.7007	4.6974435110114525
2199.6548	4.6974435110114525
2208.7298	4.6974435110114525
2215.5607	4.6974435110114525
2270.8455	4.6974435110114525
2275.9709	4.6974435110114525
2206.7378	4.6974435110114525
2251.8486	4.6974435110114525
2220.6789	4.6974435110114525
2192.4873	4.6974435110114525
2198.8268	4.6974435110114525
2240.5778	4.6974435110114525
2275.4832	4.6974435110114525
2279.7942	4.6974435110114525
2290.8594	4.697443511011452
2281.0241	4.677276072466839
2294.4495	4.677276072466839
2294.2275	4.6768235215224445
2263.9884	4.615180578898111
2284.9903	4.615180578898111
2317.6873	4.6812213666372235
2352.7488	4.752037927156993
2378.3958	4.803839257038787
2395.2187	4.837817835136359
2386.3744	4.81995428377076
2361.4956	4.769704549850099
2386.6296	4.820469731947382
2400.0077	4.847490567573055
2421.7043	4.891312953579734
2428.7227	4.905488586349352
2427.308	4.902631201805984
2407.307	4.862233556897582
2398.943	4.845340106469411
2358.1384	4.762923740216256
2361.7332	4.770184449876609
2327.9651	4.701980274433812
2289.7591	4.624812511753428
2219.7791	4.624812511753428
2250.7129	4.624812511753428
2249.4281	4.624812511753428
2260.9749	4.624812511753428
2247.3104	4.624812511753428
2172.8514	4.624812511753428
2166.0321	4.624812511753428
2027.8147	4.624812511753428
2021.8294	4.624812511753428
2046.8099	4.624812511753428
2026.719	4.624812511753428
2046.2654	4.624812511753428
2077.3679	4.624812511753428
2099.1766	4.624812511753428
2092.2695	4.624812511753428
2108.1971	4.624812511753428
2104.1384	4.624812511753428
2035.8531	4.624812511753428
2041.58	4.624812511753428
2101.616	4.624812511753428
2182.7957	4.624812511753428
2151.3248	4.624812511753428
2190.7301	4.624812511753428
2208.5729	4.624812511753428
2175.9152	4.624812511753428
2155.8061	4.624812511753428
2103.606	4.624812511753428
2131.6978	4.624812511753428
2190.0667	4.624812511753428
2190.0674	4.624812511753428
2162.2546	4.624812511753428
2155.8962	4.624812511753428
2112.6081	4.624812511753428
2115.9308	4.624812511753428
2123.2617	4.624812511753428
2178.8536	4.624812511753428
2183.5817	4.624812511753428
2216.1778	4.693850849597331
2235.3115	4.734375907650407
2216.1088	4.693704708024835
2218.7346	4.69926613615613
2226.6079	4.715941736775419
2274.6617	4.817719387447843
2285.2903	4.840230696396083
2278.0506	4.8248970566511895
2252.2685	4.7702907285896945
2219.2088	4.700270488818123
2254.9359	4.775940265263248
2244.6768	4.754211555025693
2250.2605	4.766037797030687
2251.2964	4.768231826812547
2241.4076	4.747287409680719
2289.4508	4.849042609618817
2302.0611	4.8757511468890105
2285.4189	4.840503070399314
2280.5502	4.830191193964384
2263.4411	4.7939542261674655
2275.497	4.819488547672563
2310.8608	4.894388856968591
2311.2972	4.895313149464782
2310.6908	4.894028798021862
2328.5526	4.931859979755267
2381.5211	5.044046934577618
2409.7133	5.103757839506824
2400.3912	5.084013689463885
2415.7427	5.116528071350389
2410.4245	5.105264156700433
2410.5307	5.1054890876424475
2364.7648	5.008557194994852
2378.7262	5.038127353694017
2422.9623	5.131819139419817
2410.3926	5.105196592698077
2397.6218	5.078148117422294
2352.0298	4.981584543897262
2361.2407	5.001093173029165
2385.7764	5.053059633612999
2421.8874	5.129542507879589
2443.9107	5.176187720829532
2421.6696	5.129081208829016
2459.191	5.208551301557171
2473.714	5.239310925576825
2471.0884	5.23374992104429
2411.0938	5.1066817299536424
2405.4876	5.09480783308805
2419.2661	5.123990610720412
2473.2336	5.238293441353245
2446.0026	5.180618352068719
2401.3803	5.086108597135705
2383.3206	5.047858264428432
2344.9795	4.966652052178902
2342.1083	4.966652052178902
2315.1762	4.966652052178902
2351.42	4.966652052178902
2318.8737	4.966652052178902
2319.5475	4.966652052178902
2324.36	4.966652052178902
2342.6119	4.966652052178902
2316.9745	4.966652052178902
2294.8829	4.966652052178902
2261.9285	4.966652052178902
2272.2524	4.966652052178902
2295.8382	4.966652052178902
2248.7408	4.966652052178902
2273.7583	4.966652052178902
2320.4968	4.966652052178902
2388.0341	4.966652052178902
2384.0799	4.9584280760033845
2401.5114	4.9946822464306635
2390.2674	4.971296887036215
2378.9506	4.947760117630746
2374.629	4.938772020053455
2377.4093	4.938772020053455
2407.2912	5.000847949354328
2429.3073	5.046583657829388
2440.4994	5.0698338530421525
2365.4345	4.913895862975355
2399.0027	4.913895862975356
2432.0318	4.981549625035648
2423.7281	4.964541091832501
2412.1374	4.940799770999895
2424.1307	4.965365740539414
2426.4633	4.970143623236242
2394.6219	4.904922636310575
2400.9593	4.91790358195187
2403.7957	4.923713402101611
2366.6506	4.847628805273184
2353.2907	4.847628805273184
2351.9716	4.847628805273184
2329.1738	4.847628805273184
2287.2174	4.847628805273184
2287.0727	4.847628805273184
2298.8668	4.847628805273184
2324.0864	4.847628805273184
2283.058	4.847628805273184
2322.4409	4.847628805273184
2326.2586	4.847628805273184
2344.197	4.847628805273184
2350.4008	4.847628805273184
2328.8088	4.847628805273184
2270.512	4.847628805273184
2279.1594	4.847628805273184
2289.1021	4.847628805273184
2261.7393	4.847628805273184
2233.5439	4.847628805273184
2225.104	4.847628805273184
2257.0748	4.847628805273184
2264.3103	4.847628805273184
2265.7354	4.847628805273184
2237.6606	4.847628805273184
2222.3265	4.847628805273184
2252.0037	4.847628805273184
2308.3399	4.847628805273184
2312.1356	4.847628805273184
2335.9412	4.847628805273185
2317.7889	4.809958502458216
2317.2876	4.809958502458216
2334.6716	4.809958502458216
2316.1153	4.809958502458216
2344.8217	4.809958502458216
2406.7256	4.936942652315037
2417.1975	4.95842377578037
2435.7584	4.996497953773638
2407.1927	4.937900819674414
2439.7267	5.004638171140828
2475.376	5.077765971707363
2459.5531	5.045308283180962
2473.8054	5.0745441826800946
2442.767	5.010874771917349
2425.6615	4.975786071926302
2402.2019	4.927663136828818
2322.892	4.7649738680310625
2333.124	4.7649738680310625
2310.2005	4.7649738680310625
2336.2127	4.764973868031062
2369.1244	4.83210105660104
2366.2538	4.826246138516924
2352.4065	4.798002981272387
2357.8737	4.809153963000763
2350.6957	4.794513608368359
2267.4734	4.624772178259087
2271.7781	4.624772178259087
2272.4683	4.624772178259087
2301.9955	4.624772178259087
2289.6174	4.624772178259087
2326.929	4.624772178259087
2331.3211	4.624772178259087
2320.6829	4.624772178259087
2269.138	4.624772178259087
2328.3506	4.624772178259087
2342.9512	4.624772178259087
2341.9343	4.624772178259087
2345.2317	4.624772178259087
2313.72	4.624772178259087
2282.7451	4.624772178259087
2270.9917	4.624772178259087
2299.7064	4.624772178259087
2305.1525	4.624772178259087
2296.1375	4.624772178259087
2321.408	4.624772178259087
2360.401	4.624772178259087
2373.7907	4.6510068358597385
2398.6632	4.699739930788842
2391.0478	4.684818953359025
2399.2251	4.700840870623626
2370.4096	4.644382191482825
2372.6283	4.648729326580591
2368.2852	4.640219819913124
2373.2912	4.650028157362721
2334.1639	4.573365400292885
2329.4756	4.573365400292885
2323.5898	4.573365400292885
2308.759	4.573365400292885
2270.2834	4.573365400292885
2212.9089	4.573365400292885
2241.296	4.573365400292885
2253.5585	4.573365400292885
2265.6108	4.573365400292885
2274.6708	4.573365400292885
2243.2121	4.573365400292885
2243.8727	4.573365400292885
2231.0451	4.573365400292885
2283.5139	4.573365400292885
2279.7317	4.573365400292885
2278.9444	4.573365400292885
2241.0113	4.573365400292885
2238.5607	4.573365400292885
2217.3397	4.573365400292885
2223.2404	4.573365400292885
2244.5307	4.573365400292885
2243.1566	4.573365400292885
2266.2251	4.573365400292885
2285.8699	4.573365400292885
2277.061	4.573365400292885
2304.6773	4.573365400292885
2282.9865	4.573365400292885
2287.1972	4.573365400292885
2282.1169	4.573365400292885
2261.8948	4.573365400292885
2290.1323	4.573365400292885
2279.5168	4.573365400292885
2271.7197	4.573365400292885
2301.7727	4.573365400292885
2308.9071	4.587540656655883
2304.7196	4.579220561620554
2331.2287	4.631891184020804
2348.4206	4.666049570131341
2326.356	4.622209673076649
2313.2798	4.596228723416715
2261.1809	4.492714025091672
2280.1732	4.492714025091672
2292.4915	4.492714025091672
2309.0536	4.492714025091672
2298.2337	4.471661799850955
2325.1149	4.523964416061897
2336.5705	4.546253519608839
2357.6363	4.587241141165038
2366.0787	4.603667476562983
2377.8769	4.626623175214083
2393.4509	4.6569254290148505
2391.0989	4.652349154394367
2390.151	4.650504830111733
2402.6175	4.6747608367257865
2366.0937	4.603696661987858
2364.7046	4.6009938970748845
2382.9688	4.63653045954233
2413.9798	4.696868406930004
2410.7474	4.690579142438826
2395.6098	4.661125989932437
2382.671	4.635951031573801
2390.0218	4.650253446318805
2387.7172	4.645769397640929
2419.824	4.708239437600509
2409.4374	4.688030281999696
2425.3941	4.719077153273789
2450.6978	4.76831043563532
2509.3645	4.882457940005009
2529.6144	4.921858069017477
2532.8337	4.928121844904264
2559.7216	4.98043749727165
2533.1109	4.928661191555964
2578.8804	5.017714678478672
2586.0503	5.031665116999677
2592.0718	5.043381119392212
2560.6531	4.982249912156421
2573.9955	5.008210153013707
2613.973	5.085994174544477
2618.0249	5.093877936081355
2619.2087	5.096181249812532
2599.7814	5.058381649500237
2629.5969	5.1163935185253315
2659.8761	5.175307606318077
2666.8075	5.188793996583561
2661.8176	5.1790851731444665
2658.3447	5.172327969007784
2675.1288	5.204984708318012
2652.3308	5.160626753897188
2614.4655	5.08695242932789
2623.4567	5.104446562137283
2601.2021	5.061145898374949
2632.1693	5.121398624321986
2668.6635	5.19240520648816
2709.4786	5.271818942143979
2733.3007	5.318169482805805
2757.6845	5.365612920344471
2776.7829	5.402772581573995
2785.6049	5.41993750279079
2787.1502	5.422944185261468
2781.7142	5.412367387286575
2809.5801	5.466585929355847
2826.6641	5.499826182594084
2746.4511	5.343756150224686
2766.1497	5.382083617588227
2782.2675	5.413443940325483
2807.6867	5.462901950458558
2763.8366	5.377583030502922
2797.5602	5.443198870125086
2843.1642	5.5319303445266685
2841.5999	5.528886693851149
2849.3836	5.544031399958061
2872.4795	5.588968976916912
2886.923	5.617071622529561
2926.7028	5.694470980160472
2935.1389	5.71088505767997
2920.1554	5.681731736771802
2913.3186	5.668429409252533
2904.3851	5.651047543044163
2922.0237	5.6853668787248
2885.7597	5.614808195545715
2865.0514	5.57451615994905
2896.9826	5.636644535868087
2871.1582	5.586398130124376
2843.1659	5.531933652208154
2803.206	5.454183874909238
2804.9073	5.454183874909238
2805.8149	5.454183874909238
2875.3501	5.454183874909238
2919.0965	5.537165390608954
2929.2672	5.556457951864899
2946.7975	5.58971076500314
2967.7062	5.6293719855221
2958.8567	5.61258557742487
2952.1657	5.599893577133491
2967.9209	5.629779244894774
2950.6497	5.59701791244335
2999.8741	5.690390517307044
2941.5907	5.57983410873096
2989.931	5.671529685129909
2960.5122	5.615725856379044
2955.2078	5.605664064965864
2968.5596	5.630990779879993
2961.0866	5.616815422208871
2970.164	5.634034128447844
2968.441	5.630765810333653
3012.7726	5.714857378128798
3069.5884	5.822629930834665
3116.5342	5.9116803130315025
3149.0462	5.9733515600010625
3180.834	6.033649089049382
3212.4723	6.093663035069222
3201.9071	6.0736221560558485
3282.7546	6.226979874417423
3324.7291	6.306600314744803
3431.9547	6.5099940296518914
3402.2204	6.45359173638273
3484.9839	6.610583870012319
3322.1788	6.301762710747926
3445.5359	6.535755888022432
3450.6997	6.54555097860749
3475.3887	6.592382961150288
3518.0572	6.67331983373028
3569.1121	6.770164670925967
3582.4769	6.795516045233877
3569.9189	6.771695070841538
3571.3831	6.774472477331844
3498.8571	6.6368996163047065
3427.023	6.500639204089645
3402.8249	6.500639204089645
3490.7739	6.500639204089645
3566.9275	6.6424550569274805
3543.907	6.599585490153837
3514.6842	6.54516578702346
3573.4819	6.6546608860129135
3654.6299	6.805777482287873
3680.1953	6.8533862493604785
3683.243	6.859061781110703
3627.0515	6.754420037388314
3609.9161	6.722509906222913
3567.8895	6.644246526410606
3592.8609	6.690749126255586
3579.5579	6.665975822166196
3655.1497	6.806745471723764
3695.2903	6.881496677476643
3473.0615	6.467654563681247
3557.0899	6.467654563681247
3689.6525	6.467654563681247
3728.6869	6.536078626733407
3715.779	6.513452149485877
3774.7591	6.616839368995405
3765.2033	6.600088844798444
3727.6734	6.534302045361505
3691.8513	6.4715088775643625
3643.7429	6.3871788457222305
3590.2271	6.3871788457222305
3671.0827	6.3871788457222305
3646.7561	6.3448539084746045
3621.22	6.3448539084746045
3551.7317	6.3448539084746045
3558.7899	6.3448539084746045
3616.748	6.3448539084746045
3655.3307	6.3448539084746045
3676.1756	6.381036091727344
3723.4267	6.463053657611252
3777.7856	6.557408808330004
3806.6345	6.6074841834308655
3778.5016	6.5586516275907805
3845.9309	6.675694131474412
3871.5947	6.720240870224017
3932.8695	6.82660050938635
3870.0943	6.717636504275876
3917.5815	6.800063888075244
3905.6206	6.779302384030242
3870.7088	6.718703141755969
3934.1506	6.828824218541351
3951.9327	6.859690051470198
3953.2344	6.861949517715663
3984.9179	6.916945137895571
4029.4995	6.99432903615847
4148.2057	7.200377013440026
4209.012	7.3059234391614725
4301.6797	7.466774280518822
4315.8887	7.491437994033313
4373.4976	7.59143443329609
4481.9475	7.779679718979458
4501.8857	7.814288069517467
4511.0926	7.830269232439316
4485.816	7.786394588127941
4525.8519	7.85588814628789
4611.4025	8.004385260046256
4598.7378	7.98240211326978
4705.2927	8.167358093786707
4763.5682	8.268511604724392
4842.6024	8.40569767458482
4957.6867	8.605458826334802
4956.1206	8.602740419569017
4914.0293	8.529679136955714
5036.9822	8.743098455794168
5141.9369	8.925276839410122
5152.3342	8.943324276142068
5009.2	8.69487463838251
5119.334	8.886043153000339
5186.3157	9.002308721267875
5087.8646	8.8314191635519
5249.3031	9.111641059125748
5403.9609	9.380093143859444
5438.7748	9.44052245316496
5419.9956	9.407925872910804
5508.8168	9.562100032303661
5384.3032	9.345971679917312
5467.9976	9.491246836815547
5470.8308	9.496164651801067
5519.1104	9.579967468536523
5314.8886	9.225483129834771
5263.152	9.225483129834771
5154.8992	9.225483129834771
5329.7916	9.225483129834771
5550.3613	9.225483129834771
5665.1394	9.41626051674551
5675.7465	9.433891012638899
5684.1059	9.447785514187029
5621.2568	9.343321447717106
5676.6924	9.435463231819028
5856.844	9.734900593962056
5945.2356	9.881819897146714
6125.0601	10.180713572965796
6248.2252	10.385431336516506
6420.5665	10.67188687873928
6626.8028	11.014680690451959
6680.9892	11.104746128005813
6240.9392	10.373320977127113
6293.9139	10.461372398420725
6639.3315	11.035505156507666
6851.7341	11.388548228322295
6871.8148	11.42192518327571
6880.2018	11.435865559915682
6975.5004	11.594265271047437
6981.6123	11.604424110678513
6962.6832	11.57296127731072
7049.3456	11.717006406263133
7132.1322	11.854609409094028
7224.2644	12.007746116935833
7067.8356	11.747739393514008
6788.3894	11.283260404768459
6922.5986	11.283260404768459
6645.5906	10.831760385945454
6180.0311	10.831760385945454
6286.6925	10.831760385945454
6437.5464	10.831760385945454
6178.1612	10.831760385945454
5633.918	10.831760385945454
5301.2064	10.831760385945454
5631.7365	10.831760385945454
5295.6058	10.831760385945454
4975.3161	10.831760385945454
4635.2585	10.831760385945454
4588.1708	10.831760385945454
4349.6699	10.831760385945454
4015.7182	10.831760385945454
4362.9793	10.831760385945454
4697.1833	10.831760385945454
4954.8411	10.831760385945454
4974.9568	10.831760385945454
4711.8463	10.831760385945454
4778.077	10.831760385945454
5054.5184	10.831760385945456
5134.0461	11.002187105619747
5204.1691	11.152459688175517
5248.824	11.248154497963597
5420.5878	11.61624185611417
5330.2106	11.422564813657926
4844.7753	10.382283932994884
4734.7838	10.382283932994884
4962.1658	10.382283932994884
4799.3298	10.041583993764085
4743.5066	10.041583993764085
4626.3626	10.041583993764085
4875.064	10.041583993764085
4799.8174	10.041583993764085
4763.1945	10.041583993764085
4917.9309	10.041583993764085
5197.4941	10.041583993764085
5211.5926	10.068822364642868
5134.7812	9.92042236457772
5263.6992	10.169492570411734
5294.4142	10.228834100471088
5359.8336	10.355224700880168
4935.0459	9.53453278916297
5051.6627	9.53453278916297
4858.8353	9.170589415043981
4571.8944	9.170589415043981
4128.3529	9.170589415043981
3767.892	9.170589415043981
3655.7211	9.170589415043981
3858.3369	9.170589415043981
4104.6349	9.170589415043981
4015.5468	9.170589415043981
3851.2126	9.170589415043981
3781.3288	9.170589415043981
3737.9917	9.170589415043981
3898.5718	9.170589415043981
4030.5192	9.170589415043981
3963.5204	9.170589415043981
3983.5079	9.170589415043981
3766.1446	9.170589415043981
3556.587	9.170589415043981
3806.5007	9.170589415043981
3721.237	9.170589415043981
3763.1659	9.170589415043981
3887.1021	9.170589415043981
3922.8834	9.170589415043981
3851.4532	9.170589415043981
3900.541	9.170589415043981
3779.7617	9.170589415043981
3839.4274	9.170589415043981
3758.1244	9.170589415043981
3777.8516	9.170589415043981
3934.5299	9.170589415043981
4000.7162	9.32485622648718
4176.7736	9.73521023825366
4210.5675	9.813976949782031
4153.5132	9.68099497405407
4291.0238	10.001504230526194
4365.8373	10.175879291496603
4367.6026	10.1799938469596
4446.952	10.36494116880613
4197.7536	9.784110353595933
4335.0177	10.104045068674738
4448.3661	10.368237148458443
4481.5407	10.445560397573493
4506.0098	10.502592895777573
4397.0567	10.24864536685011
4428.6489	10.322280363223616
4423.9262	10.311272709518802
4328.9521	10.08990738804461
4321.2562	10.071969809509689
4559.8916	10.628180418887645
4610.1349	10.745287338104825
4737.9198	11.043127964844617
4818.9154	11.231912244263905
4838.1778	11.27680898314708
4896.0966	11.411805932645937
4885.434	11.386953579459641
4792.6335	11.170654477752269
4870.8526	11.352967300057742
4841.9881	11.285690017917748
4764.7018	11.105551362799659
4885.4282	11.386940060838622
4935.4392	11.503505535976009
4896.5052	11.41275829618878
4932.7778	11.497302353565527
5010.1085	11.677544496058317
4992.8174	11.637242456764
4672.1795	10.889900688741871
4698.5424	10.889900688741871
4709.4021	10.889900688741871
4758.5477	10.889900688741871
4851.6976	10.889900688741871
4799.3737	10.77245683266814
4845.671	10.77245683266814
4747.672	10.554594332893672
4742.7249	10.554594332893672
4730.1529	10.554594332893672
4697.2698	10.554594332893672
4811.5121	10.554594332893672
4838.2219	10.554594332893672
4855.5434	10.592381232609293
4980.2628	10.864456945474366
4983.5214	10.871565590303813
5070.1831	11.06061832633044
5107.0962	11.14114435513237
5061.0275	11.040645359841605
5035.6828	10.985355827340234
5066.93	11.05352167976606
4932.3325	10.75989686468231
4985.5973	10.876094171842347
5023.4174	10.958598823629705
4949.1953	10.796683109090967
4534.4075	9.891822386759602
4482.7447	9.891822386759602
4595.6297	9.891822386759602
4208.3515	9.891822386759602
4270.3716	9.891822386759602
3982.3778	9.891822386759602
3991.9486	9.891822386759602
3861.0293	9.891822386759602
3986.1576	9.891822386759602
3836.0848	9.891822386759602
3890.478	9.891822386759602
4038.1686	9.891822386759602
3989.1423	9.891822386759602
3829.41	9.891822386759602
3886.3969	9.891822386759602
3924.3307	9.891822386759602
3631.7779	9.891822386759602
3597.6812	9.891822386759602
3450.6763	9.891822386759602
3585.3366	9.891822386759602
3530.4041	9.891822386759602
3646.0243	9.891822386759602
3651.7358	9.891822386759602
3723.8562	9.891822386759602
3687.7161	9.891822386759602
3679.7448	9.891822386759602
3833.1849	9.891822386759602
3883.5525	9.891822386759602
3872.9311	9.891822386759602
3884.5579	9.891822386759602
3976.8389	9.891822386759602
3945.3136	9.891822386759602
3966.3444	9.891822386759602
3654.3998	9.891822386759602
3667.6167	9.891822386759602
3489.0276	9.891822386759602
3569.2034	9.891822386759602
3752.4739	9.891822386759602
3762.4096	9.891822386759602
3704.7443	9.891822386759602
3766.2096	9.891822386759602
3783.1705	9.891822386759602
3707.6231	9.694289269343539
3633.6898	9.694289269343539
3630.629	9.694289269343539
3738.5268	9.694289269343539
3724.8118	9.65872521311448
3710.874	9.622583419245768
3810.2933	9.622583419245768
3925.991	9.914768477457658
4037.7006	10.19688191600334
4017.5754	10.146057372961206
4049.3035	10.226184088924036
3979.8127	10.05069076932312
4008.1073	10.12214646246207
3977.2732	10.044277470222715
3914.5085	9.885770364868401
4053.9082	10.237812881350749
4062.2827	10.258961994686585
4052.2932	10.233734331223891
4147.0874	10.473129313536846
4157.875	10.500372513133437
4088.832	10.326010075728687
4053.0577	10.235665013311806
4135.7803	10.444574159270966
4109.0	10.37694270666273
4171.7964	10.535529867768759
4210.2105	10.632541528714977
4207.78	10.626403500180407
4143.8979	10.465074492713555
4160.5685	10.507174726611266
4003.2391	10.109852222383077
3961.345	10.109852222383077
3992.6692	10.109852222383077
3972.3563	10.109852222383077
4014.5266	10.109852222383077
4000.5218	10.109852222383077
3990.6383	10.109852222383077
3986.7198	10.109852222383077
4094.1689	10.109852222383077
4094.2399	10.110027544780692
4113.8905	10.158551351915557
3963.6989	9.787678796793742
3824.3732	9.787678796793742
3819.8512	9.787678796793742
3809.2462	9.787678796793742
3809.4648	9.787678796793742
3795.6236	9.787678796793742
3852.014	9.787678796793742
3844.6919	9.787678796793742
3761.8322	9.787678796793742
3773.6541	9.787678796793742
3810.2145	9.787678796793742
3854.0584	9.787678796793742
3814.9564	9.787678796793742
3805.4827	9.787678796793742
3820.8325	9.787678796793742
3817.7631	9.787678796793742
3809.7091	9.787678796793742
3968.2447	9.787678796793742
3981.0261	9.787678796793742
4010.961	9.861276200742974
4032.2883	9.91371111494835
4037.4148	9.926315035166748
4042.3205	9.938376100496972
4030.1987	9.908573662166068
3853.8192	9.474930212217552
3868.1333	9.474930212217552
3972.5894	9.474930212217552
3961.3543	9.448133637563428
3988.2795	9.51235230334097
3998.7529	9.537332165111893
3968.2781	9.464647431262659
4025.3699	9.600815750266351
4008.0336	9.559467345964093
3964.9449	9.456697493777712
4049.882	9.659278987583276
4086.8065	9.747346750292662
4104.8627	9.79041217127421
4105.9422	9.792986861516322
4103.0126	9.78599954096673
4178.9591	9.967137764655838
4195.2216	10.005925073652882
4212.8371	10.047939391355417
4217.8994	10.060013364873374
4204.7008	10.028533692219819
4200.4209	10.01832580267169
4270.3647	10.185147126762548
4300.6545	10.257390621431798
4301.8366	10.260210020538048
4293.4247	10.24014699427811
4273.9585	10.193718615222105
4279.2522	10.206344495476536
4273.7632	10.193252809752645
4286.9601	10.224728427775895
